,original,prefecture,address1,address2,address3,address4,address5,error1,error2,caution
0,井田川町10,,井田川町,,10,,,ERROR: address2のデータは、address1のデータから推測されるデータに一致しません。（自動チェック機構が参照するデータセットに合致しないか、表記が異なります。  ,ERROR: prefectureの列の情報がありません。元データに都道府県情報が欠落している可能性があります。入力されたデータ形式は、自動チェック機構が推奨する形式ではありません。  ,
1,井田川町10,,井田川町,,10,,,ERROR: address2のデータは、address1のデータから推測されるデータに一致しません。（自動チェック機構が参照するデータセットに合致しないか、表記が異なります。  ,ERROR: prefectureの列の情報がありません。元データに都道府県情報が欠落している可能性があります。入力されたデータ形式は、自動チェック機構が推奨する形式ではありません。  ,
2,井田川町373-1,,井田川町,,373-1,,,ERROR: address2のデータは、address1のデータから推測されるデータに一致しません。（自動チェック機構が参照するデータセットに合致しないか、表記が異なります。  ,ERROR: prefectureの列の情報がありません。元データに都道府県情報が欠落している可能性があります。入力されたデータ形式は、自動チェック機構が推奨する形式ではありません。  ,
3,井田川町493,,井田川町,,493,,,ERROR: address2のデータは、address1のデータから推測されるデータに一致しません。（自動チェック機構が参照するデータセットに合致しないか、表記が異なります。  ,ERROR: prefectureの列の情報がありません。元データに都道府県情報が欠落している可能性があります。入力されたデータ形式は、自動チェック機構が推奨する形式ではありません。  ,
4,井田川町493,,井田川町,,493,,,ERROR: address2のデータは、address1のデータから推測されるデータに一致しません。（自動チェック機構が参照するデータセットに合致しないか、表記が異なります。  ,ERROR: prefectureの列の情報がありません。元データに都道府県情報が欠落している可能性があります。入力されたデータ形式は、自動チェック機構が推奨する形式ではありません。  ,
5,井田川町591-1第6アーバンハイツ205,,井田川町,,591-1,第6アーバンハイツ,205,ERROR: address2のデータは、address1のデータから推測されるデータに一致しません。（自動チェック機構が参照するデータセットに合致しないか、表記が異なります。  ,ERROR: prefectureの列の情報がありません。元データに都道府県情報が欠落している可能性があります。入力されたデータ形式は、自動チェック機構が推奨する形式ではありません。  ERROR: address5の建物情報の箇所に番地と思しき情報が存在します,CAUTION: address4にはaddress5にあるべきデータが存在するやもしれません。  
6,井田川町591-1第6アーバンハイツ312,,井田川町,,591-1,第6アーバンハイツ,312,ERROR: address2のデータは、address1のデータから推測されるデータに一致しません。（自動チェック機構が参照するデータセットに合致しないか、表記が異なります。  ,ERROR: prefectureの列の情報がありません。元データに都道府県情報が欠落している可能性があります。入力されたデータ形式は、自動チェック機構が推奨する形式ではありません。  ERROR: address5の建物情報の箇所に番地と思しき情報が存在します,CAUTION: address4にはaddress5にあるべきデータが存在するやもしれません。  
7,井田川町83-4,,井田川町,,83-4,,,ERROR: address2のデータは、address1のデータから推測されるデータに一致しません。（自動チェック機構が参照するデータセットに合致しないか、表記が異なります。  ,ERROR: prefectureの列の情報がありません。元データに都道府県情報が欠落している可能性があります。入力されたデータ形式は、自動チェック機構が推奨する形式ではありません。  ,
8,井田川町83-4,,井田川町,,83-4,,,ERROR: address2のデータは、address1のデータから推測されるデータに一致しません。（自動チェック機構が参照するデータセットに合致しないか、表記が異なります。  ,ERROR: prefectureの列の情報がありません。元データに都道府県情報が欠落している可能性があります。入力されたデータ形式は、自動チェック機構が推奨する形式ではありません。  ,
9,和田町1180-1,,和田町,,1180-1,,,ERROR: address2のデータは、address1のデータから推測されるデータに一致しません。（自動チェック機構が参照するデータセットに合致しないか、表記が異なります。  ,ERROR: prefectureの列の情報がありません。元データに都道府県情報が欠落している可能性があります。入力されたデータ形式は、自動チェック機構が推奨する形式ではありません。  ,
10,和田町1180-1,,和田町,,1180-1,,,ERROR: address2のデータは、address1のデータから推測されるデータに一致しません。（自動チェック機構が参照するデータセットに合致しないか、表記が異なります。  ,ERROR: prefectureの列の情報がありません。元データに都道府県情報が欠落している可能性があります。入力されたデータ形式は、自動チェック機構が推奨する形式ではありません。  ,
11,和田町1180-1,,和田町,,1180-1,,,ERROR: address2のデータは、address1のデータから推測されるデータに一致しません。（自動チェック機構が参照するデータセットに合致しないか、表記が異なります。  ,ERROR: prefectureの列の情報がありません。元データに都道府県情報が欠落している可能性があります。入力されたデータ形式は、自動チェック機構が推奨する形式ではありません。  ,
12,和田町1180-1,,和田町,,1180-1,,,ERROR: address2のデータは、address1のデータから推測されるデータに一致しません。（自動チェック機構が参照するデータセットに合致しないか、表記が異なります。  ,ERROR: prefectureの列の情報がありません。元データに都道府県情報が欠落している可能性があります。入力されたデータ形式は、自動チェック機構が推奨する形式ではありません。  ,
13,和田町1217-11,,和田町,,1217-11,,,ERROR: address2のデータは、address1のデータから推測されるデータに一致しません。（自動チェック機構が参照するデータセットに合致しないか、表記が異なります。  ,ERROR: prefectureの列の情報がありません。元データに都道府県情報が欠落している可能性があります。入力されたデータ形式は、自動チェック機構が推奨する形式ではありません。  ,
14,和田町1217-11,,和田町,,1217-11,,,ERROR: address2のデータは、address1のデータから推測されるデータに一致しません。（自動チェック機構が参照するデータセットに合致しないか、表記が異なります。  ,ERROR: prefectureの列の情報がありません。元データに都道府県情報が欠落している可能性があります。入力されたデータ形式は、自動チェック機構が推奨する形式ではありません。  ,
15,和田町1217-15,,和田町,,1217-15,,,ERROR: address2のデータは、address1のデータから推測されるデータに一致しません。（自動チェック機構が参照するデータセットに合致しないか、表記が異なります。  ,ERROR: prefectureの列の情報がありません。元データに都道府県情報が欠落している可能性があります。入力されたデータ形式は、自動チェック機構が推奨する形式ではありません。  ,
16,和田町1217-15,,和田町,,1217-15,,,ERROR: address2のデータは、address1のデータから推測されるデータに一致しません。（自動チェック機構が参照するデータセットに合致しないか、表記が異なります。  ,ERROR: prefectureの列の情報がありません。元データに都道府県情報が欠落している可能性があります。入力されたデータ形式は、自動チェック機構が推奨する形式ではありません。  ,
17,和田町1236-18,,和田町,,1236-18,,,ERROR: address2のデータは、address1のデータから推測されるデータに一致しません。（自動チェック機構が参照するデータセットに合致しないか、表記が異なります。  ,ERROR: prefectureの列の情報がありません。元データに都道府県情報が欠落している可能性があります。入力されたデータ形式は、自動チェック機構が推奨する形式ではありません。  ,
18,和田町1236-49,,和田町,,1236-49,,,ERROR: address2のデータは、address1のデータから推測されるデータに一致しません。（自動チェック機構が参照するデータセットに合致しないか、表記が異なります。  ,ERROR: prefectureの列の情報がありません。元データに都道府県情報が欠落している可能性があります。入力されたデータ形式は、自動チェック機構が推奨する形式ではありません。  ,
19,和田町1236-49,,和田町,,1236-49,,,ERROR: address2のデータは、address1のデータから推測されるデータに一致しません。（自動チェック機構が参照するデータセットに合致しないか、表記が異なります。  ,ERROR: prefectureの列の情報がありません。元データに都道府県情報が欠落している可能性があります。入力されたデータ形式は、自動チェック機構が推奨する形式ではありません。  ,
20,和田町1267-3GARNISHⅡ301,,和田町,,1267-3,GARNISHⅡ,301,ERROR: address2のデータは、address1のデータから推測されるデータに一致しません。（自動チェック機構が参照するデータセットに合致しないか、表記が異なります。  ,ERROR: prefectureの列の情報がありません。元データに都道府県情報が欠落している可能性があります。入力されたデータ形式は、自動チェック機構が推奨する形式ではありません。  ERROR: address5の建物情報の箇所に番地と思しき情報が存在します,
21,和田町1272-11,,和田町,,1272-11,,,ERROR: address2のデータは、address1のデータから推測されるデータに一致しません。（自動チェック機構が参照するデータセットに合致しないか、表記が異なります。  ,ERROR: prefectureの列の情報がありません。元データに都道府県情報が欠落している可能性があります。入力されたデータ形式は、自動チェック機構が推奨する形式ではありません。  ,
22,和田町1272-11,,和田町,,1272-11,,,ERROR: address2のデータは、address1のデータから推測されるデータに一致しません。（自動チェック機構が参照するデータセットに合致しないか、表記が異なります。  ,ERROR: prefectureの列の情報がありません。元データに都道府県情報が欠落している可能性があります。入力されたデータ形式は、自動チェック機構が推奨する形式ではありません。  ,
23,和田町1277-7,,和田町,,1277-7,,,ERROR: address2のデータは、address1のデータから推測されるデータに一致しません。（自動チェック機構が参照するデータセットに合致しないか、表記が異なります。  ,ERROR: prefectureの列の情報がありません。元データに都道府県情報が欠落している可能性があります。入力されたデータ形式は、自動チェック機構が推奨する形式ではありません。  ,
24,和田町1277-7,,和田町,,1277-7,,,ERROR: address2のデータは、address1のデータから推測されるデータに一致しません。（自動チェック機構が参照するデータセットに合致しないか、表記が異なります。  ,ERROR: prefectureの列の情報がありません。元データに都道府県情報が欠落している可能性があります。入力されたデータ形式は、自動チェック機構が推奨する形式ではありません。  ,
25,和田町1285-11,,和田町,,1285-11,,,ERROR: address2のデータは、address1のデータから推測されるデータに一致しません。（自動チェック機構が参照するデータセットに合致しないか、表記が異なります。  ,ERROR: prefectureの列の情報がありません。元データに都道府県情報が欠落している可能性があります。入力されたデータ形式は、自動チェック機構が推奨する形式ではありません。  ,
26,和田町1285-11,,和田町,,1285-11,,,ERROR: address2のデータは、address1のデータから推測されるデータに一致しません。（自動チェック機構が参照するデータセットに合致しないか、表記が異なります。  ,ERROR: prefectureの列の情報がありません。元データに都道府県情報が欠落している可能性があります。入力されたデータ形式は、自動チェック機構が推奨する形式ではありません。  ,
27,和田町1285-14,,和田町,,1285-14,,,ERROR: address2のデータは、address1のデータから推測されるデータに一致しません。（自動チェック機構が参照するデータセットに合致しないか、表記が異なります。  ,ERROR: prefectureの列の情報がありません。元データに都道府県情報が欠落している可能性があります。入力されたデータ形式は、自動チェック機構が推奨する形式ではありません。  ,
28,和田町1285-26,,和田町,,1285-26,,,ERROR: address2のデータは、address1のデータから推測されるデータに一致しません。（自動チェック機構が参照するデータセットに合致しないか、表記が異なります。  ,ERROR: prefectureの列の情報がありません。元データに都道府県情報が欠落している可能性があります。入力されたデータ形式は、自動チェック機構が推奨する形式ではありません。  ,
29,和田町1285-26,,和田町,,1285-26,,,ERROR: address2のデータは、address1のデータから推測されるデータに一致しません。（自動チェック機構が参照するデータセットに合致しないか、表記が異なります。  ,ERROR: prefectureの列の情報がありません。元データに都道府県情報が欠落している可能性があります。入力されたデータ形式は、自動チェック機構が推奨する形式ではありません。  ,
30,和田町1488-138,,和田町,,1488-138,,,ERROR: address2のデータは、address1のデータから推測されるデータに一致しません。（自動チェック機構が参照するデータセットに合致しないか、表記が異なります。  ,ERROR: prefectureの列の情報がありません。元データに都道府県情報が欠落している可能性があります。入力されたデータ形式は、自動チェック機構が推奨する形式ではありません。  ,
31,和田町1488-138,,和田町,,1488-138,,,ERROR: address2のデータは、address1のデータから推測されるデータに一致しません。（自動チェック機構が参照するデータセットに合致しないか、表記が異なります。  ,ERROR: prefectureの列の情報がありません。元データに都道府県情報が欠落している可能性があります。入力されたデータ形式は、自動チェック機構が推奨する形式ではありません。  ,
32,和田町1488-193,,和田町,,1488-193,,,ERROR: address2のデータは、address1のデータから推測されるデータに一致しません。（自動チェック機構が参照するデータセットに合致しないか、表記が異なります。  ,ERROR: prefectureの列の情報がありません。元データに都道府県情報が欠落している可能性があります。入力されたデータ形式は、自動チェック機構が推奨する形式ではありません。  ,
33,和田町1488-193,,和田町,,1488-193,,,ERROR: address2のデータは、address1のデータから推測されるデータに一致しません。（自動チェック機構が参照するデータセットに合致しないか、表記が異なります。  ,ERROR: prefectureの列の情報がありません。元データに都道府県情報が欠落している可能性があります。入力されたデータ形式は、自動チェック機構が推奨する形式ではありません。  ,
34,和田町1488-195,,和田町,,1488-195,,,ERROR: address2のデータは、address1のデータから推測されるデータに一致しません。（自動チェック機構が参照するデータセットに合致しないか、表記が異なります。  ,ERROR: prefectureの列の情報がありません。元データに都道府県情報が欠落している可能性があります。入力されたデータ形式は、自動チェック機構が推奨する形式ではありません。  ,
35,和田町1488-195,,和田町,,1488-195,,,ERROR: address2のデータは、address1のデータから推測されるデータに一致しません。（自動チェック機構が参照するデータセットに合致しないか、表記が異なります。  ,ERROR: prefectureの列の情報がありません。元データに都道府県情報が欠落している可能性があります。入力されたデータ形式は、自動チェック機構が推奨する形式ではありません。  ,
36,和田町1536-12,,和田町,,1536-12,,,ERROR: address2のデータは、address1のデータから推測されるデータに一致しません。（自動チェック機構が参照するデータセットに合致しないか、表記が異なります。  ,ERROR: prefectureの列の情報がありません。元データに都道府県情報が欠落している可能性があります。入力されたデータ形式は、自動チェック機構が推奨する形式ではありません。  ,
37,和田町1536-12,,和田町,,1536-12,,,ERROR: address2のデータは、address1のデータから推測されるデータに一致しません。（自動チェック機構が参照するデータセットに合致しないか、表記が異なります。  ,ERROR: prefectureの列の情報がありません。元データに都道府県情報が欠落している可能性があります。入力されたデータ形式は、自動チェック機構が推奨する形式ではありません。  ,
38,和田町1549,,和田町,,1549,,,ERROR: address2のデータは、address1のデータから推測されるデータに一致しません。（自動チェック機構が参照するデータセットに合致しないか、表記が異なります。  ,ERROR: prefectureの列の情報がありません。元データに都道府県情報が欠落している可能性があります。入力されたデータ形式は、自動チェック機構が推奨する形式ではありません。  ,
39,和田町1549,,和田町,,1549,,,ERROR: address2のデータは、address1のデータから推測されるデータに一致しません。（自動チェック機構が参照するデータセットに合致しないか、表記が異なります。  ,ERROR: prefectureの列の情報がありません。元データに都道府県情報が欠落している可能性があります。入力されたデータ形式は、自動チェック機構が推奨する形式ではありません。  ,
40,和田町1571,,和田町,,1571,,,ERROR: address2のデータは、address1のデータから推測されるデータに一致しません。（自動チェック機構が参照するデータセットに合致しないか、表記が異なります。  ,ERROR: prefectureの列の情報がありません。元データに都道府県情報が欠落している可能性があります。入力されたデータ形式は、自動チェック機構が推奨する形式ではありません。  ,
41,和田町1571,,和田町,,1571,,,ERROR: address2のデータは、address1のデータから推測されるデータに一致しません。（自動チェック機構が参照するデータセットに合致しないか、表記が異なります。  ,ERROR: prefectureの列の情報がありません。元データに都道府県情報が欠落している可能性があります。入力されたデータ形式は、自動チェック機構が推奨する形式ではありません。  ,
42,和田町1571,,和田町,,1571,,,ERROR: address2のデータは、address1のデータから推測されるデータに一致しません。（自動チェック機構が参照するデータセットに合致しないか、表記が異なります。  ,ERROR: prefectureの列の情報がありません。元データに都道府県情報が欠落している可能性があります。入力されたデータ形式は、自動チェック機構が推奨する形式ではありません。  ,
43,和田町1574,,和田町,,1574,,,ERROR: address2のデータは、address1のデータから推測されるデータに一致しません。（自動チェック機構が参照するデータセットに合致しないか、表記が異なります。  ,ERROR: prefectureの列の情報がありません。元データに都道府県情報が欠落している可能性があります。入力されたデータ形式は、自動チェック機構が推奨する形式ではありません。  ,
44,和田町1574,,和田町,,1574,,,ERROR: address2のデータは、address1のデータから推測されるデータに一致しません。（自動チェック機構が参照するデータセットに合致しないか、表記が異なります。  ,ERROR: prefectureの列の情報がありません。元データに都道府県情報が欠落している可能性があります。入力されたデータ形式は、自動チェック機構が推奨する形式ではありません。  ,
45,和田町1574,,和田町,,1574,,,ERROR: address2のデータは、address1のデータから推測されるデータに一致しません。（自動チェック機構が参照するデータセットに合致しないか、表記が異なります。  ,ERROR: prefectureの列の情報がありません。元データに都道府県情報が欠落している可能性があります。入力されたデータ形式は、自動チェック機構が推奨する形式ではありません。  ,
46,和田町1578,,和田町,,1578,,,ERROR: address2のデータは、address1のデータから推測されるデータに一致しません。（自動チェック機構が参照するデータセットに合致しないか、表記が異なります。  ,ERROR: prefectureの列の情報がありません。元データに都道府県情報が欠落している可能性があります。入力されたデータ形式は、自動チェック機構が推奨する形式ではありません。  ,
47,和田町1578,,和田町,,1578,,,ERROR: address2のデータは、address1のデータから推測されるデータに一致しません。（自動チェック機構が参照するデータセットに合致しないか、表記が異なります。  ,ERROR: prefectureの列の情報がありません。元データに都道府県情報が欠落している可能性があります。入力されたデータ形式は、自動チェック機構が推奨する形式ではありません。  ,
48,和田町1578,,和田町,,1578,,,ERROR: address2のデータは、address1のデータから推測されるデータに一致しません。（自動チェック機構が参照するデータセットに合致しないか、表記が異なります。  ,ERROR: prefectureの列の情報がありません。元データに都道府県情報が欠落している可能性があります。入力されたデータ形式は、自動チェック機構が推奨する形式ではありません。  ,
49,和田町1613,,和田町,,1613,,,ERROR: address2のデータは、address1のデータから推測されるデータに一致しません。（自動チェック機構が参照するデータセットに合致しないか、表記が異なります。  ,ERROR: prefectureの列の情報がありません。元データに都道府県情報が欠落している可能性があります。入力されたデータ形式は、自動チェック機構が推奨する形式ではありません。  ,
50,和田町1613,,和田町,,1613,,,ERROR: address2のデータは、address1のデータから推測されるデータに一致しません。（自動チェック機構が参照するデータセットに合致しないか、表記が異なります。  ,ERROR: prefectureの列の情報がありません。元データに都道府県情報が欠落している可能性があります。入力されたデータ形式は、自動チェック機構が推奨する形式ではありません。  ,
51,和田町1630,,和田町,,1630,,,ERROR: address2のデータは、address1のデータから推測されるデータに一致しません。（自動チェック機構が参照するデータセットに合致しないか、表記が異なります。  ,ERROR: prefectureの列の情報がありません。元データに都道府県情報が欠落している可能性があります。入力されたデータ形式は、自動チェック機構が推奨する形式ではありません。  ,
52,和田町1630,,和田町,,1630,,,ERROR: address2のデータは、address1のデータから推測されるデータに一致しません。（自動チェック機構が参照するデータセットに合致しないか、表記が異なります。  ,ERROR: prefectureの列の情報がありません。元データに都道府県情報が欠落している可能性があります。入力されたデータ形式は、自動チェック機構が推奨する形式ではありません。  ,
53,和田町1652,,和田町,,1652,,,ERROR: address2のデータは、address1のデータから推測されるデータに一致しません。（自動チェック機構が参照するデータセットに合致しないか、表記が異なります。  ,ERROR: prefectureの列の情報がありません。元データに都道府県情報が欠落している可能性があります。入力されたデータ形式は、自動チェック機構が推奨する形式ではありません。  ,
54,和田町1652,,和田町,,1652,,,ERROR: address2のデータは、address1のデータから推測されるデータに一致しません。（自動チェック機構が参照するデータセットに合致しないか、表記が異なります。  ,ERROR: prefectureの列の情報がありません。元データに都道府県情報が欠落している可能性があります。入力されたデータ形式は、自動チェック機構が推奨する形式ではありません。  ,
55,和田町1652,,和田町,,1652,,,ERROR: address2のデータは、address1のデータから推測されるデータに一致しません。（自動チェック機構が参照するデータセットに合致しないか、表記が異なります。  ,ERROR: prefectureの列の情報がありません。元データに都道府県情報が欠落している可能性があります。入力されたデータ形式は、自動チェック機構が推奨する形式ではありません。  ,
56,和田町421-1,,和田町,,421-1,,,ERROR: address2のデータは、address1のデータから推測されるデータに一致しません。（自動チェック機構が参照するデータセットに合致しないか、表記が異なります。  ,ERROR: prefectureの列の情報がありません。元データに都道府県情報が欠落している可能性があります。入力されたデータ形式は、自動チェック機構が推奨する形式ではありません。  ,
57,和田町452-4,,和田町,,452-4,,,ERROR: address2のデータは、address1のデータから推測されるデータに一致しません。（自動チェック機構が参照するデータセットに合致しないか、表記が異なります。  ,ERROR: prefectureの列の情報がありません。元データに都道府県情報が欠落している可能性があります。入力されたデータ形式は、自動チェック機構が推奨する形式ではありません。  ,
58,和田町45-3,,和田町,,45-3,,,ERROR: address2のデータは、address1のデータから推測されるデータに一致しません。（自動チェック機構が参照するデータセットに合致しないか、表記が異なります。  ,ERROR: prefectureの列の情報がありません。元データに都道府県情報が欠落している可能性があります。入力されたデータ形式は、自動チェック機構が推奨する形式ではありません。  ,
59,和田町45-3,,和田町,,45-3,,,ERROR: address2のデータは、address1のデータから推測されるデータに一致しません。（自動チェック機構が参照するデータセットに合致しないか、表記が異なります。  ,ERROR: prefectureの列の情報がありません。元データに都道府県情報が欠落している可能性があります。入力されたデータ形式は、自動チェック機構が推奨する形式ではありません。  ,
60,和田町516-3,,和田町,,516-3,,,ERROR: address2のデータは、address1のデータから推測されるデータに一致しません。（自動チェック機構が参照するデータセットに合致しないか、表記が異なります。  ,ERROR: prefectureの列の情報がありません。元データに都道府県情報が欠落している可能性があります。入力されたデータ形式は、自動チェック機構が推奨する形式ではありません。  ,
61,和田町516-3,,和田町,,516-3,,,ERROR: address2のデータは、address1のデータから推測されるデータに一致しません。（自動チェック機構が参照するデータセットに合致しないか、表記が異なります。  ,ERROR: prefectureの列の情報がありません。元データに都道府県情報が欠落している可能性があります。入力されたデータ形式は、自動チェック機構が推奨する形式ではありません。  ,
62,和田町758-1,,和田町,,758-1,,,ERROR: address2のデータは、address1のデータから推測されるデータに一致しません。（自動チェック機構が参照するデータセットに合致しないか、表記が異なります。  ,ERROR: prefectureの列の情報がありません。元データに都道府県情報が欠落している可能性があります。入力されたデータ形式は、自動チェック機構が推奨する形式ではありません。  ,
63,和田町758-1,,和田町,,758-1,,,ERROR: address2のデータは、address1のデータから推測されるデータに一致しません。（自動チェック機構が参照するデータセットに合致しないか、表記が異なります。  ,ERROR: prefectureの列の情報がありません。元データに都道府県情報が欠落している可能性があります。入力されたデータ形式は、自動チェック機構が推奨する形式ではありません。  ,
64,和田町769,,和田町,,769,,,ERROR: address2のデータは、address1のデータから推測されるデータに一致しません。（自動チェック機構が参照するデータセットに合致しないか、表記が異なります。  ,ERROR: prefectureの列の情報がありません。元データに都道府県情報が欠落している可能性があります。入力されたデータ形式は、自動チェック機構が推奨する形式ではありません。  ,
65,和田町769,,和田町,,769,,,ERROR: address2のデータは、address1のデータから推測されるデータに一致しません。（自動チェック機構が参照するデータセットに合致しないか、表記が異なります。  ,ERROR: prefectureの列の情報がありません。元データに都道府県情報が欠落している可能性があります。入力されたデータ形式は、自動チェック機構が推奨する形式ではありません。  ,
66,和田町769,,和田町,,769,,,ERROR: address2のデータは、address1のデータから推測されるデータに一致しません。（自動チェック機構が参照するデータセットに合致しないか、表記が異なります。  ,ERROR: prefectureの列の情報がありません。元データに都道府県情報が欠落している可能性があります。入力されたデータ形式は、自動チェック機構が推奨する形式ではありません。  ,
67,和田町791-23,,和田町,,791-23,,,ERROR: address2のデータは、address1のデータから推測されるデータに一致しません。（自動チェック機構が参照するデータセットに合致しないか、表記が異なります。  ,ERROR: prefectureの列の情報がありません。元データに都道府県情報が欠落している可能性があります。入力されたデータ形式は、自動チェック機構が推奨する形式ではありません。  ,
68,和田町849-8,,和田町,,849-8,,,ERROR: address2のデータは、address1のデータから推測されるデータに一致しません。（自動チェック機構が参照するデータセットに合致しないか、表記が異なります。  ,ERROR: prefectureの列の情報がありません。元データに都道府県情報が欠落している可能性があります。入力されたデータ形式は、自動チェック機構が推奨する形式ではありません。  ,
69,和田町873-1,,和田町,,873-1,,,ERROR: address2のデータは、address1のデータから推測されるデータに一致しません。（自動チェック機構が参照するデータセットに合致しないか、表記が異なります。  ,ERROR: prefectureの列の情報がありません。元データに都道府県情報が欠落している可能性があります。入力されたデータ形式は、自動チェック機構が推奨する形式ではありません。  ,
70,和田町879-13,,和田町,,879-13,,,ERROR: address2のデータは、address1のデータから推測されるデータに一致しません。（自動チェック機構が参照するデータセットに合致しないか、表記が異なります。  ,ERROR: prefectureの列の情報がありません。元データに都道府県情報が欠落している可能性があります。入力されたデータ形式は、自動チェック機構が推奨する形式ではありません。  ,
71,和田町879-13,,和田町,,879-13,,,ERROR: address2のデータは、address1のデータから推測されるデータに一致しません。（自動チェック機構が参照するデータセットに合致しないか、表記が異なります。  ,ERROR: prefectureの列の情報がありません。元データに都道府県情報が欠落している可能性があります。入力されたデータ形式は、自動チェック機構が推奨する形式ではありません。  ,
72,和田町903-1,,和田町,,903-1,,,ERROR: address2のデータは、address1のデータから推測されるデータに一致しません。（自動チェック機構が参照するデータセットに合致しないか、表記が異なります。  ,ERROR: prefectureの列の情報がありません。元データに都道府県情報が欠落している可能性があります。入力されたデータ形式は、自動チェック機構が推奨する形式ではありません。  ,
73,和田町903-2ルワンジュ201,,和田町,,903-2,ルワンジュ,201,ERROR: address2のデータは、address1のデータから推測されるデータに一致しません。（自動チェック機構が参照するデータセットに合致しないか、表記が異なります。  ,ERROR: prefectureの列の情報がありません。元データに都道府県情報が欠落している可能性があります。入力されたデータ形式は、自動チェック機構が推奨する形式ではありません。  ERROR: address5の建物情報の箇所に番地と思しき情報が存在します,
74,和田町903-2ルワンジュ201,,和田町,,903-2,ルワンジュ,201,ERROR: address2のデータは、address1のデータから推測されるデータに一致しません。（自動チェック機構が参照するデータセットに合致しないか、表記が異なります。  ,ERROR: prefectureの列の情報がありません。元データに都道府県情報が欠落している可能性があります。入力されたデータ形式は、自動チェック機構が推奨する形式ではありません。  ERROR: address5の建物情報の箇所に番地と思しき情報が存在します,
75,和田町905-9,,和田町,,905-9,,,ERROR: address2のデータは、address1のデータから推測されるデータに一致しません。（自動チェック機構が参照するデータセットに合致しないか、表記が異なります。  ,ERROR: prefectureの列の情報がありません。元データに都道府県情報が欠落している可能性があります。入力されたデータ形式は、自動チェック機構が推奨する形式ではありません。  ,
76,和田町957-4,,和田町,,957-4,,,ERROR: address2のデータは、address1のデータから推測されるデータに一致しません。（自動チェック機構が参照するデータセットに合致しないか、表記が異なります。  ,ERROR: prefectureの列の情報がありません。元データに都道府県情報が欠落している可能性があります。入力されたデータ形式は、自動チェック機構が推奨する形式ではありません。  ,
77,和田町957-6,,和田町,,957-6,,,ERROR: address2のデータは、address1のデータから推測されるデータに一致しません。（自動チェック機構が参照するデータセットに合致しないか、表記が異なります。  ,ERROR: prefectureの列の情報がありません。元データに都道府県情報が欠落している可能性があります。入力されたデータ形式は、自動チェック機構が推奨する形式ではありません。  ,
78,和田町957-6,,和田町,,957-6,,,ERROR: address2のデータは、address1のデータから推測されるデータに一致しません。（自動チェック機構が参照するデータセットに合致しないか、表記が異なります。  ,ERROR: prefectureの列の情報がありません。元データに都道府県情報が欠落している可能性があります。入力されたデータ形式は、自動チェック機構が推奨する形式ではありません。  ,
79,和田町957-6,,和田町,,957-6,,,ERROR: address2のデータは、address1のデータから推測されるデータに一致しません。（自動チェック機構が参照するデータセットに合致しないか、表記が異なります。  ,ERROR: prefectureの列の情報がありません。元データに都道府県情報が欠落している可能性があります。入力されたデータ形式は、自動チェック機構が推奨する形式ではありません。  ,
80,川合町105,,川合町,,105,,,ERROR: address2のデータは、address1のデータから推測されるデータに一致しません。（自動チェック機構が参照するデータセットに合致しないか、表記が異なります。  ,ERROR: prefectureの列の情報がありません。元データに都道府県情報が欠落している可能性があります。入力されたデータ形式は、自動チェック機構が推奨する形式ではありません。  ,
81,川合町105,,川合町,,105,,,ERROR: address2のデータは、address1のデータから推測されるデータに一致しません。（自動チェック機構が参照するデータセットに合致しないか、表記が異なります。  ,ERROR: prefectureの列の情報がありません。元データに都道府県情報が欠落している可能性があります。入力されたデータ形式は、自動チェック機構が推奨する形式ではありません。  ,
82,川合町105,,川合町,,105,,,ERROR: address2のデータは、address1のデータから推測されるデータに一致しません。（自動チェック機構が参照するデータセットに合致しないか、表記が異なります。  ,ERROR: prefectureの列の情報がありません。元データに都道府県情報が欠落している可能性があります。入力されたデータ形式は、自動チェック機構が推奨する形式ではありません。  ,
83,川合町105,,川合町,,105,,,ERROR: address2のデータは、address1のデータから推測されるデータに一致しません。（自動チェック機構が参照するデータセットに合致しないか、表記が異なります。  ,ERROR: prefectureの列の情報がありません。元データに都道府県情報が欠落している可能性があります。入力されたデータ形式は、自動チェック機構が推奨する形式ではありません。  ,
84,川合町105,,川合町,,105,,,ERROR: address2のデータは、address1のデータから推測されるデータに一致しません。（自動チェック機構が参照するデータセットに合致しないか、表記が異なります。  ,ERROR: prefectureの列の情報がありません。元データに都道府県情報が欠落している可能性があります。入力されたデータ形式は、自動チェック機構が推奨する形式ではありません。  ,
85,川合町105,,川合町,,105,,,ERROR: address2のデータは、address1のデータから推測されるデータに一致しません。（自動チェック機構が参照するデータセットに合致しないか、表記が異なります。  ,ERROR: prefectureの列の情報がありません。元データに都道府県情報が欠落している可能性があります。入力されたデータ形式は、自動チェック機構が推奨する形式ではありません。  ,
86,川合町105,,川合町,,105,,,ERROR: address2のデータは、address1のデータから推測されるデータに一致しません。（自動チェック機構が参照するデータセットに合致しないか、表記が異なります。  ,ERROR: prefectureの列の情報がありません。元データに都道府県情報が欠落している可能性があります。入力されたデータ形式は、自動チェック機構が推奨する形式ではありません。  ,
87,川合町105,,川合町,,105,,,ERROR: address2のデータは、address1のデータから推測されるデータに一致しません。（自動チェック機構が参照するデータセットに合致しないか、表記が異なります。  ,ERROR: prefectureの列の情報がありません。元データに都道府県情報が欠落している可能性があります。入力されたデータ形式は、自動チェック機構が推奨する形式ではありません。  ,
88,川合町1116-12,,川合町,,1116-12,,,ERROR: address2のデータは、address1のデータから推測されるデータに一致しません。（自動チェック機構が参照するデータセットに合致しないか、表記が異なります。  ,ERROR: prefectureの列の情報がありません。元データに都道府県情報が欠落している可能性があります。入力されたデータ形式は、自動チェック機構が推奨する形式ではありません。  ,
89,川合町1116-12,,川合町,,1116-12,,,ERROR: address2のデータは、address1のデータから推測されるデータに一致しません。（自動チェック機構が参照するデータセットに合致しないか、表記が異なります。  ,ERROR: prefectureの列の情報がありません。元データに都道府県情報が欠落している可能性があります。入力されたデータ形式は、自動チェック機構が推奨する形式ではありません。  ,
90,川合町1116-12,,川合町,,1116-12,,,ERROR: address2のデータは、address1のデータから推測されるデータに一致しません。（自動チェック機構が参照するデータセットに合致しないか、表記が異なります。  ,ERROR: prefectureの列の情報がありません。元データに都道府県情報が欠落している可能性があります。入力されたデータ形式は、自動チェック機構が推奨する形式ではありません。  ,
91,川合町1116-28,,川合町,,1116-28,,,ERROR: address2のデータは、address1のデータから推測されるデータに一致しません。（自動チェック機構が参照するデータセットに合致しないか、表記が異なります。  ,ERROR: prefectureの列の情報がありません。元データに都道府県情報が欠落している可能性があります。入力されたデータ形式は、自動チェック機構が推奨する形式ではありません。  ,
92,川合町1116-42,,川合町,,1116-42,,,ERROR: address2のデータは、address1のデータから推測されるデータに一致しません。（自動チェック機構が参照するデータセットに合致しないか、表記が異なります。  ,ERROR: prefectureの列の情報がありません。元データに都道府県情報が欠落している可能性があります。入力されたデータ形式は、自動チェック機構が推奨する形式ではありません。  ,
93,川合町1116-42,,川合町,,1116-42,,,ERROR: address2のデータは、address1のデータから推測されるデータに一致しません。（自動チェック機構が参照するデータセットに合致しないか、表記が異なります。  ,ERROR: prefectureの列の情報がありません。元データに都道府県情報が欠落している可能性があります。入力されたデータ形式は、自動チェック機構が推奨する形式ではありません。  ,
94,川合町1116-65,,川合町,,1116-65,,,ERROR: address2のデータは、address1のデータから推測されるデータに一致しません。（自動チェック機構が参照するデータセットに合致しないか、表記が異なります。  ,ERROR: prefectureの列の情報がありません。元データに都道府県情報が欠落している可能性があります。入力されたデータ形式は、自動チェック機構が推奨する形式ではありません。  ,
95,川合町1116-65,,川合町,,1116-65,,,ERROR: address2のデータは、address1のデータから推測されるデータに一致しません。（自動チェック機構が参照するデータセットに合致しないか、表記が異なります。  ,ERROR: prefectureの列の情報がありません。元データに都道府県情報が欠落している可能性があります。入力されたデータ形式は、自動チェック機構が推奨する形式ではありません。  ,
96,川合町1217-4,,川合町,,1217-4,,,ERROR: address2のデータは、address1のデータから推測されるデータに一致しません。（自動チェック機構が参照するデータセットに合致しないか、表記が異なります。  ,ERROR: prefectureの列の情報がありません。元データに都道府県情報が欠落している可能性があります。入力されたデータ形式は、自動チェック機構が推奨する形式ではありません。  ,
97,川合町125,,川合町,,125,,,ERROR: address2のデータは、address1のデータから推測されるデータに一致しません。（自動チェック機構が参照するデータセットに合致しないか、表記が異なります。  ,ERROR: prefectureの列の情報がありません。元データに都道府県情報が欠落している可能性があります。入力されたデータ形式は、自動チェック機構が推奨する形式ではありません。  ,
98,川合町1252-9,,川合町,,1252-9,,,ERROR: address2のデータは、address1のデータから推測されるデータに一致しません。（自動チェック機構が参照するデータセットに合致しないか、表記が異なります。  ,ERROR: prefectureの列の情報がありません。元データに都道府県情報が欠落している可能性があります。入力されたデータ形式は、自動チェック機構が推奨する形式ではありません。  ,
99,川合町127-1,,川合町,,127-1,,,ERROR: address2のデータは、address1のデータから推測されるデータに一致しません。（自動チェック機構が参照するデータセットに合致しないか、表記が異なります。  ,ERROR: prefectureの列の情報がありません。元データに都道府県情報が欠落している可能性があります。入力されたデータ形式は、自動チェック機構が推奨する形式ではありません。  ,
100,川合町127-1,,川合町,,127-1,,,ERROR: address2のデータは、address1のデータから推測されるデータに一致しません。（自動チェック機構が参照するデータセットに合致しないか、表記が異なります。  ,ERROR: prefectureの列の情報がありません。元データに都道府県情報が欠落している可能性があります。入力されたデータ形式は、自動チェック機構が推奨する形式ではありません。  ,
101,川合町127-1,,川合町,,127-1,,,ERROR: address2のデータは、address1のデータから推測されるデータに一致しません。（自動チェック機構が参照するデータセットに合致しないか、表記が異なります。  ,ERROR: prefectureの列の情報がありません。元データに都道府県情報が欠落している可能性があります。入力されたデータ形式は、自動チェック機構が推奨する形式ではありません。  ,
102,川合町1513,,川合町,,1513,,,ERROR: address2のデータは、address1のデータから推測されるデータに一致しません。（自動チェック機構が参照するデータセットに合致しないか、表記が異なります。  ,ERROR: prefectureの列の情報がありません。元データに都道府県情報が欠落している可能性があります。入力されたデータ形式は、自動チェック機構が推奨する形式ではありません。  ,
103,川合町1513,,川合町,,1513,,,ERROR: address2のデータは、address1のデータから推測されるデータに一致しません。（自動チェック機構が参照するデータセットに合致しないか、表記が異なります。  ,ERROR: prefectureの列の情報がありません。元データに都道府県情報が欠落している可能性があります。入力されたデータ形式は、自動チェック機構が推奨する形式ではありません。  ,
104,川合町1513,,川合町,,1513,,,ERROR: address2のデータは、address1のデータから推測されるデータに一致しません。（自動チェック機構が参照するデータセットに合致しないか、表記が異なります。  ,ERROR: prefectureの列の情報がありません。元データに都道府県情報が欠落している可能性があります。入力されたデータ形式は、自動チェック機構が推奨する形式ではありません。  ,
105,川合町1546,,川合町,,1546,,,ERROR: address2のデータは、address1のデータから推測されるデータに一致しません。（自動チェック機構が参照するデータセットに合致しないか、表記が異なります。  ,ERROR: prefectureの列の情報がありません。元データに都道府県情報が欠落している可能性があります。入力されたデータ形式は、自動チェック機構が推奨する形式ではありません。  ,
106,川合町1546,,川合町,,1546,,,ERROR: address2のデータは、address1のデータから推測されるデータに一致しません。（自動チェック機構が参照するデータセットに合致しないか、表記が異なります。  ,ERROR: prefectureの列の情報がありません。元データに都道府県情報が欠落している可能性があります。入力されたデータ形式は、自動チェック機構が推奨する形式ではありません。  ,
107,川合町1786-85,,川合町,,1786-85,,,ERROR: address2のデータは、address1のデータから推測されるデータに一致しません。（自動チェック機構が参照するデータセットに合致しないか、表記が異なります。  ,ERROR: prefectureの列の情報がありません。元データに都道府県情報が欠落している可能性があります。入力されたデータ形式は、自動チェック機構が推奨する形式ではありません。  ,
108,川合町316-19,,川合町,,316-19,,,ERROR: address2のデータは、address1のデータから推測されるデータに一致しません。（自動チェック機構が参照するデータセットに合致しないか、表記が異なります。  ,ERROR: prefectureの列の情報がありません。元データに都道府県情報が欠落している可能性があります。入力されたデータ形式は、自動チェック機構が推奨する形式ではありません。  ,
109,川合町316-19,,川合町,,316-19,,,ERROR: address2のデータは、address1のデータから推測されるデータに一致しません。（自動チェック機構が参照するデータセットに合致しないか、表記が異なります。  ,ERROR: prefectureの列の情報がありません。元データに都道府県情報が欠落している可能性があります。入力されたデータ形式は、自動チェック機構が推奨する形式ではありません。  ,
110,川合町398,,川合町,,398,,,ERROR: address2のデータは、address1のデータから推測されるデータに一致しません。（自動チェック機構が参照するデータセットに合致しないか、表記が異なります。  ,ERROR: prefectureの列の情報がありません。元データに都道府県情報が欠落している可能性があります。入力されたデータ形式は、自動チェック機構が推奨する形式ではありません。  ,
111,川合町421,,川合町,,421,,,ERROR: address2のデータは、address1のデータから推測されるデータに一致しません。（自動チェック機構が参照するデータセットに合致しないか、表記が異なります。  ,ERROR: prefectureの列の情報がありません。元データに都道府県情報が欠落している可能性があります。入力されたデータ形式は、自動チェック機構が推奨する形式ではありません。  ,
112,川合町421,,川合町,,421,,,ERROR: address2のデータは、address1のデータから推測されるデータに一致しません。（自動チェック機構が参照するデータセットに合致しないか、表記が異なります。  ,ERROR: prefectureの列の情報がありません。元データに都道府県情報が欠落している可能性があります。入力されたデータ形式は、自動チェック機構が推奨する形式ではありません。  ,
113,川合町466-30,,川合町,,466-30,,,ERROR: address2のデータは、address1のデータから推測されるデータに一致しません。（自動チェック機構が参照するデータセットに合致しないか、表記が異なります。  ,ERROR: prefectureの列の情報がありません。元データに都道府県情報が欠落している可能性があります。入力されたデータ形式は、自動チェック機構が推奨する形式ではありません。  ,
114,川合町539,,川合町,,539,,,ERROR: address2のデータは、address1のデータから推測されるデータに一致しません。（自動チェック機構が参照するデータセットに合致しないか、表記が異なります。  ,ERROR: prefectureの列の情報がありません。元データに都道府県情報が欠落している可能性があります。入力されたデータ形式は、自動チェック機構が推奨する形式ではありません。  ,
115,川合町539,,川合町,,539,,,ERROR: address2のデータは、address1のデータから推測されるデータに一致しません。（自動チェック機構が参照するデータセットに合致しないか、表記が異なります。  ,ERROR: prefectureの列の情報がありません。元データに都道府県情報が欠落している可能性があります。入力されたデータ形式は、自動チェック機構が推奨する形式ではありません。  ,
116,川合町54,,川合町,,54,,,ERROR: address2のデータは、address1のデータから推測されるデータに一致しません。（自動チェック機構が参照するデータセットに合致しないか、表記が異なります。  ,ERROR: prefectureの列の情報がありません。元データに都道府県情報が欠落している可能性があります。入力されたデータ形式は、自動チェック機構が推奨する形式ではありません。  ,
117,川合町549-1,,川合町,,549-1,,,ERROR: address2のデータは、address1のデータから推測されるデータに一致しません。（自動チェック機構が参照するデータセットに合致しないか、表記が異なります。  ,ERROR: prefectureの列の情報がありません。元データに都道府県情報が欠落している可能性があります。入力されたデータ形式は、自動チェック機構が推奨する形式ではありません。  ,
118,川合町687-2,,川合町,,687-2,,,ERROR: address2のデータは、address1のデータから推測されるデータに一致しません。（自動チェック機構が参照するデータセットに合致しないか、表記が異なります。  ,ERROR: prefectureの列の情報がありません。元データに都道府県情報が欠落している可能性があります。入力されたデータ形式は、自動チェック機構が推奨する形式ではありません。  ,
119,川合町687-2,,川合町,,687-2,,,ERROR: address2のデータは、address1のデータから推測されるデータに一致しません。（自動チェック機構が参照するデータセットに合致しないか、表記が異なります。  ,ERROR: prefectureの列の情報がありません。元データに都道府県情報が欠落している可能性があります。入力されたデータ形式は、自動チェック機構が推奨する形式ではありません。  ,
120,川合町687-2,,川合町,,687-2,,,ERROR: address2のデータは、address1のデータから推測されるデータに一致しません。（自動チェック機構が参照するデータセットに合致しないか、表記が異なります。  ,ERROR: prefectureの列の情報がありません。元データに都道府県情報が欠落している可能性があります。入力されたデータ形式は、自動チェック機構が推奨する形式ではありません。  ,
121,川合町687-2,,川合町,,687-2,,,ERROR: address2のデータは、address1のデータから推測されるデータに一致しません。（自動チェック機構が参照するデータセットに合致しないか、表記が異なります。  ,ERROR: prefectureの列の情報がありません。元データに都道府県情報が欠落している可能性があります。入力されたデータ形式は、自動チェック機構が推奨する形式ではありません。  ,
122,川合町690-3,,川合町,,690-3,,,ERROR: address2のデータは、address1のデータから推測されるデータに一致しません。（自動チェック機構が参照するデータセットに合致しないか、表記が異なります。  ,ERROR: prefectureの列の情報がありません。元データに都道府県情報が欠落している可能性があります。入力されたデータ形式は、自動チェック機構が推奨する形式ではありません。  ,
123,川合町690-3,,川合町,,690-3,,,ERROR: address2のデータは、address1のデータから推測されるデータに一致しません。（自動チェック機構が参照するデータセットに合致しないか、表記が異なります。  ,ERROR: prefectureの列の情報がありません。元データに都道府県情報が欠落している可能性があります。入力されたデータ形式は、自動チェック機構が推奨する形式ではありません。  ,
124,川合町690-3,,川合町,,690-3,,,ERROR: address2のデータは、address1のデータから推測されるデータに一致しません。（自動チェック機構が参照するデータセットに合致しないか、表記が異なります。  ,ERROR: prefectureの列の情報がありません。元データに都道府県情報が欠落している可能性があります。入力されたデータ形式は、自動チェック機構が推奨する形式ではありません。  ,
125,川合町690-3,,川合町,,690-3,,,ERROR: address2のデータは、address1のデータから推測されるデータに一致しません。（自動チェック機構が参照するデータセットに合致しないか、表記が異なります。  ,ERROR: prefectureの列の情報がありません。元データに都道府県情報が欠落している可能性があります。入力されたデータ形式は、自動チェック機構が推奨する形式ではありません。  ,
126,川合町696,,川合町,,696,,,ERROR: address2のデータは、address1のデータから推測されるデータに一致しません。（自動チェック機構が参照するデータセットに合致しないか、表記が異なります。  ,ERROR: prefectureの列の情報がありません。元データに都道府県情報が欠落している可能性があります。入力されたデータ形式は、自動チェック機構が推奨する形式ではありません。  ,
127,川合町696,,川合町,,696,,,ERROR: address2のデータは、address1のデータから推測されるデータに一致しません。（自動チェック機構が参照するデータセットに合致しないか、表記が異なります。  ,ERROR: prefectureの列の情報がありません。元データに都道府県情報が欠落している可能性があります。入力されたデータ形式は、自動チェック機構が推奨する形式ではありません。  ,
128,川合町696,,川合町,,696,,,ERROR: address2のデータは、address1のデータから推測されるデータに一致しません。（自動チェック機構が参照するデータセットに合致しないか、表記が異なります。  ,ERROR: prefectureの列の情報がありません。元データに都道府県情報が欠落している可能性があります。入力されたデータ形式は、自動チェック機構が推奨する形式ではありません。  ,
129,川合町702,,川合町,,702,,,ERROR: address2のデータは、address1のデータから推測されるデータに一致しません。（自動チェック機構が参照するデータセットに合致しないか、表記が異なります。  ,ERROR: prefectureの列の情報がありません。元データに都道府県情報が欠落している可能性があります。入力されたデータ形式は、自動チェック機構が推奨する形式ではありません。  ,
130,川合町721-13,,川合町,,721-13,,,ERROR: address2のデータは、address1のデータから推測されるデータに一致しません。（自動チェック機構が参照するデータセットに合致しないか、表記が異なります。  ,ERROR: prefectureの列の情報がありません。元データに都道府県情報が欠落している可能性があります。入力されたデータ形式は、自動チェック機構が推奨する形式ではありません。  ,
131,川合町721-13,,川合町,,721-13,,,ERROR: address2のデータは、address1のデータから推測されるデータに一致しません。（自動チェック機構が参照するデータセットに合致しないか、表記が異なります。  ,ERROR: prefectureの列の情報がありません。元データに都道府県情報が欠落している可能性があります。入力されたデータ形式は、自動チェック機構が推奨する形式ではありません。  ,
132,川合町721-16,,川合町,,721-16,,,ERROR: address2のデータは、address1のデータから推測されるデータに一致しません。（自動チェック機構が参照するデータセットに合致しないか、表記が異なります。  ,ERROR: prefectureの列の情報がありません。元データに都道府県情報が欠落している可能性があります。入力されたデータ形式は、自動チェック機構が推奨する形式ではありません。  ,
133,川合町721-40,,川合町,,721-40,,,ERROR: address2のデータは、address1のデータから推測されるデータに一致しません。（自動チェック機構が参照するデータセットに合致しないか、表記が異なります。  ,ERROR: prefectureの列の情報がありません。元データに都道府県情報が欠落している可能性があります。入力されたデータ形式は、自動チェック機構が推奨する形式ではありません。  ,
134,川合町723-7,,川合町,,723-7,,,ERROR: address2のデータは、address1のデータから推測されるデータに一致しません。（自動チェック機構が参照するデータセットに合致しないか、表記が異なります。  ,ERROR: prefectureの列の情報がありません。元データに都道府県情報が欠落している可能性があります。入力されたデータ形式は、自動チェック機構が推奨する形式ではありません。  ,
135,川合町723-7,,川合町,,723-7,,,ERROR: address2のデータは、address1のデータから推測されるデータに一致しません。（自動チェック機構が参照するデータセットに合致しないか、表記が異なります。  ,ERROR: prefectureの列の情報がありません。元データに都道府県情報が欠落している可能性があります。入力されたデータ形式は、自動チェック機構が推奨する形式ではありません。  ,
136,川合町729-24,,川合町,,729-24,,,ERROR: address2のデータは、address1のデータから推測されるデータに一致しません。（自動チェック機構が参照するデータセットに合致しないか、表記が異なります。  ,ERROR: prefectureの列の情報がありません。元データに都道府県情報が欠落している可能性があります。入力されたデータ形式は、自動チェック機構が推奨する形式ではありません。  ,
137,川合町729-24,,川合町,,729-24,,,ERROR: address2のデータは、address1のデータから推測されるデータに一致しません。（自動チェック機構が参照するデータセットに合致しないか、表記が異なります。  ,ERROR: prefectureの列の情報がありません。元データに都道府県情報が欠落している可能性があります。入力されたデータ形式は、自動チェック機構が推奨する形式ではありません。  ,
138,川合町729-24,,川合町,,729-24,,,ERROR: address2のデータは、address1のデータから推測されるデータに一致しません。（自動チェック機構が参照するデータセットに合致しないか、表記が異なります。  ,ERROR: prefectureの列の情報がありません。元データに都道府県情報が欠落している可能性があります。入力されたデータ形式は、自動チェック機構が推奨する形式ではありません。  ,
139,川合町748-5,,川合町,,748-5,,,ERROR: address2のデータは、address1のデータから推測されるデータに一致しません。（自動チェック機構が参照するデータセットに合致しないか、表記が異なります。  ,ERROR: prefectureの列の情報がありません。元データに都道府県情報が欠落している可能性があります。入力されたデータ形式は、自動チェック機構が推奨する形式ではありません。  ,
140,川合町748-5,,川合町,,748-5,,,ERROR: address2のデータは、address1のデータから推測されるデータに一致しません。（自動チェック機構が参照するデータセットに合致しないか、表記が異なります。  ,ERROR: prefectureの列の情報がありません。元データに都道府県情報が欠落している可能性があります。入力されたデータ形式は、自動チェック機構が推奨する形式ではありません。  ,
141,川合町798-45,,川合町,,798-45,,,ERROR: address2のデータは、address1のデータから推測されるデータに一致しません。（自動チェック機構が参照するデータセットに合致しないか、表記が異なります。  ,ERROR: prefectureの列の情報がありません。元データに都道府県情報が欠落している可能性があります。入力されたデータ形式は、自動チェック機構が推奨する形式ではありません。  ,
142,川合町798-55,,川合町,,798-55,,,ERROR: address2のデータは、address1のデータから推測されるデータに一致しません。（自動チェック機構が参照するデータセットに合致しないか、表記が異なります。  ,ERROR: prefectureの列の情報がありません。元データに都道府県情報が欠落している可能性があります。入力されたデータ形式は、自動チェック機構が推奨する形式ではありません。  ,
143,川合町798-7,,川合町,,798-7,,,ERROR: address2のデータは、address1のデータから推測されるデータに一致しません。（自動チェック機構が参照するデータセットに合致しないか、表記が異なります。  ,ERROR: prefectureの列の情報がありません。元データに都道府県情報が欠落している可能性があります。入力されたデータ形式は、自動チェック機構が推奨する形式ではありません。  ,
144,川合町798-7,,川合町,,798-7,,,ERROR: address2のデータは、address1のデータから推測されるデータに一致しません。（自動チェック機構が参照するデータセットに合致しないか、表記が異なります。  ,ERROR: prefectureの列の情報がありません。元データに都道府県情報が欠落している可能性があります。入力されたデータ形式は、自動チェック機構が推奨する形式ではありません。  ,
145,川合町846-19,,川合町,,846-19,,,ERROR: address2のデータは、address1のデータから推測されるデータに一致しません。（自動チェック機構が参照するデータセットに合致しないか、表記が異なります。  ,ERROR: prefectureの列の情報がありません。元データに都道府県情報が欠落している可能性があります。入力されたデータ形式は、自動チェック機構が推奨する形式ではありません。  ,
146,川合町846-19,,川合町,,846-19,,,ERROR: address2のデータは、address1のデータから推測されるデータに一致しません。（自動チェック機構が参照するデータセットに合致しないか、表記が異なります。  ,ERROR: prefectureの列の情報がありません。元データに都道府県情報が欠落している可能性があります。入力されたデータ形式は、自動チェック機構が推奨する形式ではありません。  ,
147,川合町846-25,,川合町,,846-25,,,ERROR: address2のデータは、address1のデータから推測されるデータに一致しません。（自動チェック機構が参照するデータセットに合致しないか、表記が異なります。  ,ERROR: prefectureの列の情報がありません。元データに都道府県情報が欠落している可能性があります。入力されたデータ形式は、自動チェック機構が推奨する形式ではありません。  ,
148,川合町846-25,,川合町,,846-25,,,ERROR: address2のデータは、address1のデータから推測されるデータに一致しません。（自動チェック機構が参照するデータセットに合致しないか、表記が異なります。  ,ERROR: prefectureの列の情報がありません。元データに都道府県情報が欠落している可能性があります。入力されたデータ形式は、自動チェック機構が推奨する形式ではありません。  ,
149,川合町846-9,,川合町,,846-9,,,ERROR: address2のデータは、address1のデータから推測されるデータに一致しません。（自動チェック機構が参照するデータセットに合致しないか、表記が異なります。  ,ERROR: prefectureの列の情報がありません。元データに都道府県情報が欠落している可能性があります。入力されたデータ形式は、自動チェック機構が推奨する形式ではありません。  ,
150,川合町905-2,,川合町,,905-2,,,ERROR: address2のデータは、address1のデータから推測されるデータに一致しません。（自動チェック機構が参照するデータセットに合致しないか、表記が異なります。  ,ERROR: prefectureの列の情報がありません。元データに都道府県情報が欠落している可能性があります。入力されたデータ形式は、自動チェック機構が推奨する形式ではありません。  ,
151,川合町936,,川合町,,936,,,ERROR: address2のデータは、address1のデータから推測されるデータに一致しません。（自動チェック機構が参照するデータセットに合致しないか、表記が異なります。  ,ERROR: prefectureの列の情報がありません。元データに都道府県情報が欠落している可能性があります。入力されたデータ形式は、自動チェック機構が推奨する形式ではありません。  ,
152,川合町字作千代字244-1,,川合町,字作千代字,244-1,,,ERROR: address2のデータは、address1のデータから推測されるデータに一致しません。（自動チェック機構が参照するデータセットに合致しないか、表記が異なります。  ,ERROR: prefectureの列の情報がありません。元データに都道府県情報が欠落している可能性があります。入力されたデータ形式は、自動チェック機構が推奨する形式ではありません。  ,
153,川合町字作千代字244-1,,川合町,字作千代字,244-1,,,ERROR: address2のデータは、address1のデータから推測されるデータに一致しません。（自動チェック機構が参照するデータセットに合致しないか、表記が異なります。  ,ERROR: prefectureの列の情報がありません。元データに都道府県情報が欠落している可能性があります。入力されたデータ形式は、自動チェック機構が推奨する形式ではありません。  ,
154,川合町1116-9,,川合町,,1116-9,,,ERROR: address2のデータは、address1のデータから推測されるデータに一致しません。（自動チェック機構が参照するデータセットに合致しないか、表記が異なります。  ,ERROR: prefectureの列の情報がありません。元データに都道府県情報が欠落している可能性があります。入力されたデータ形式は、自動チェック機構が推奨する形式ではありません。  ,
155,川合町1252-28,,川合町,,1252-28,,,ERROR: address2のデータは、address1のデータから推測されるデータに一致しません。（自動チェック機構が参照するデータセットに合致しないか、表記が異なります。  ,ERROR: prefectureの列の情報がありません。元データに都道府県情報が欠落している可能性があります。入力されたデータ形式は、自動チェック機構が推奨する形式ではありません。  ,
156,川合町690-3,,川合町,,690-3,,,ERROR: address2のデータは、address1のデータから推測されるデータに一致しません。（自動チェック機構が参照するデータセットに合致しないか、表記が異なります。  ,ERROR: prefectureの列の情報がありません。元データに都道府県情報が欠落している可能性があります。入力されたデータ形式は、自動チェック機構が推奨する形式ではありません。  ,
157,椿世町101-1,,椿世町,,101-1,,,ERROR: address2のデータは、address1のデータから推測されるデータに一致しません。（自動チェック機構が参照するデータセットに合致しないか、表記が異なります。  ,ERROR: prefectureの列の情報がありません。元データに都道府県情報が欠落している可能性があります。入力されたデータ形式は、自動チェック機構が推奨する形式ではありません。  ,
158,椿世町518-6,,椿世町,,518-6,,,ERROR: address2のデータは、address1のデータから推測されるデータに一致しません。（自動チェック機構が参照するデータセットに合致しないか、表記が異なります。  ,ERROR: prefectureの列の情報がありません。元データに都道府県情報が欠落している可能性があります。入力されたデータ形式は、自動チェック機構が推奨する形式ではありません。  ,
159,椿世町525-3,,椿世町,,525-3,,,ERROR: address2のデータは、address1のデータから推測されるデータに一致しません。（自動チェック機構が参照するデータセットに合致しないか、表記が異なります。  ,ERROR: prefectureの列の情報がありません。元データに都道府県情報が欠落している可能性があります。入力されたデータ形式は、自動チェック機構が推奨する形式ではありません。  ,
160,椿世町525-3,,椿世町,,525-3,,,ERROR: address2のデータは、address1のデータから推測されるデータに一致しません。（自動チェック機構が参照するデータセットに合致しないか、表記が異なります。  ,ERROR: prefectureの列の情報がありません。元データに都道府県情報が欠落している可能性があります。入力されたデータ形式は、自動チェック機構が推奨する形式ではありません。  ,
161,椿世町525-5,,椿世町,,525-5,,,ERROR: address2のデータは、address1のデータから推測されるデータに一致しません。（自動チェック機構が参照するデータセットに合致しないか、表記が異なります。  ,ERROR: prefectureの列の情報がありません。元データに都道府県情報が欠落している可能性があります。入力されたデータ形式は、自動チェック機構が推奨する形式ではありません。  ,
162,椿世町525-5,,椿世町,,525-5,,,ERROR: address2のデータは、address1のデータから推測されるデータに一致しません。（自動チェック機構が参照するデータセットに合致しないか、表記が異なります。  ,ERROR: prefectureの列の情報がありません。元データに都道府県情報が欠落している可能性があります。入力されたデータ形式は、自動チェック機構が推奨する形式ではありません。  ,
163,椿世町530-2,,椿世町,,530-2,,,ERROR: address2のデータは、address1のデータから推測されるデータに一致しません。（自動チェック機構が参照するデータセットに合致しないか、表記が異なります。  ,ERROR: prefectureの列の情報がありません。元データに都道府県情報が欠落している可能性があります。入力されたデータ形式は、自動チェック機構が推奨する形式ではありません。  ,
164,椿世町530-2,,椿世町,,530-2,,,ERROR: address2のデータは、address1のデータから推測されるデータに一致しません。（自動チェック機構が参照するデータセットに合致しないか、表記が異なります。  ,ERROR: prefectureの列の情報がありません。元データに都道府県情報が欠落している可能性があります。入力されたデータ形式は、自動チェック機構が推奨する形式ではありません。  ,
165,椿世町564-11,,椿世町,,564-11,,,ERROR: address2のデータは、address1のデータから推測されるデータに一致しません。（自動チェック機構が参照するデータセットに合致しないか、表記が異なります。  ,ERROR: prefectureの列の情報がありません。元データに都道府県情報が欠落している可能性があります。入力されたデータ形式は、自動チェック機構が推奨する形式ではありません。  ,
166,椿世町564-11,,椿世町,,564-11,,,ERROR: address2のデータは、address1のデータから推測されるデータに一致しません。（自動チェック機構が参照するデータセットに合致しないか、表記が異なります。  ,ERROR: prefectureの列の情報がありません。元データに都道府県情報が欠落している可能性があります。入力されたデータ形式は、自動チェック機構が推奨する形式ではありません。  ,
167,椿世町733,,椿世町,,733,,,ERROR: address2のデータは、address1のデータから推測されるデータに一致しません。（自動チェック機構が参照するデータセットに合致しないか、表記が異なります。  ,ERROR: prefectureの列の情報がありません。元データに都道府県情報が欠落している可能性があります。入力されたデータ形式は、自動チェック機構が推奨する形式ではありません。  ,
168,椿世町733,,椿世町,,733,,,ERROR: address2のデータは、address1のデータから推測されるデータに一致しません。（自動チェック機構が参照するデータセットに合致しないか、表記が異なります。  ,ERROR: prefectureの列の情報がありません。元データに都道府県情報が欠落している可能性があります。入力されたデータ形式は、自動チェック機構が推奨する形式ではありません。  ,
169,椿世町733,,椿世町,,733,,,ERROR: address2のデータは、address1のデータから推測されるデータに一致しません。（自動チェック機構が参照するデータセットに合致しないか、表記が異なります。  ,ERROR: prefectureの列の情報がありません。元データに都道府県情報が欠落している可能性があります。入力されたデータ形式は、自動チェック機構が推奨する形式ではありません。  ,
170,椿世町733,,椿世町,,733,,,ERROR: address2のデータは、address1のデータから推測されるデータに一致しません。（自動チェック機構が参照するデータセットに合致しないか、表記が異なります。  ,ERROR: prefectureの列の情報がありません。元データに都道府県情報が欠落している可能性があります。入力されたデータ形式は、自動チェック機構が推奨する形式ではありません。  ,
171,みずほ台1119-52,,,みずほ台,1119-52,,,,ERROR: prefectureの列の情報がありません。元データに都道府県情報が欠落している可能性があります。入力されたデータ形式は、自動チェック機構が推奨する形式ではありません。  ERROR: address1の列の情報がありません。市区町村以降の自動チェック機構はこの行には働きません。  ,
172,みずほ台1-141,,,みずほ台,1-141,,,,ERROR: prefectureの列の情報がありません。元データに都道府県情報が欠落している可能性があります。入力されたデータ形式は、自動チェック機構が推奨する形式ではありません。  ERROR: address1の列の情報がありません。市区町村以降の自動チェック機構はこの行には働きません。  ,
173,みずほ台1-141,,,みずほ台,1-141,,,,ERROR: prefectureの列の情報がありません。元データに都道府県情報が欠落している可能性があります。入力されたデータ形式は、自動チェック機構が推奨する形式ではありません。  ERROR: address1の列の情報がありません。市区町村以降の自動チェック機構はこの行には働きません。  ,
174,みずほ台1-145,,,みずほ台,1-145,,,,ERROR: prefectureの列の情報がありません。元データに都道府県情報が欠落している可能性があります。入力されたデータ形式は、自動チェック機構が推奨する形式ではありません。  ERROR: address1の列の情報がありません。市区町村以降の自動チェック機構はこの行には働きません。  ,
175,みずほ台1-17,,,みずほ台,1-17,,,,ERROR: prefectureの列の情報がありません。元データに都道府県情報が欠落している可能性があります。入力されたデータ形式は、自動チェック機構が推奨する形式ではありません。  ERROR: address1の列の情報がありません。市区町村以降の自動チェック機構はこの行には働きません。  ,
176,みずほ台1-179,,,みずほ台,1-179,,,,ERROR: prefectureの列の情報がありません。元データに都道府県情報が欠落している可能性があります。入力されたデータ形式は、自動チェック機構が推奨する形式ではありません。  ERROR: address1の列の情報がありません。市区町村以降の自動チェック機構はこの行には働きません。  ,
177,みずほ台1-179,,,みずほ台,1-179,,,,ERROR: prefectureの列の情報がありません。元データに都道府県情報が欠落している可能性があります。入力されたデータ形式は、自動チェック機構が推奨する形式ではありません。  ERROR: address1の列の情報がありません。市区町村以降の自動チェック機構はこの行には働きません。  ,
178,みずほ台1-23,,,みずほ台,1-23,,,,ERROR: prefectureの列の情報がありません。元データに都道府県情報が欠落している可能性があります。入力されたデータ形式は、自動チェック機構が推奨する形式ではありません。  ERROR: address1の列の情報がありません。市区町村以降の自動チェック機構はこの行には働きません。  ,
179,みずほ台1-261,,,みずほ台,1-261,,,,ERROR: prefectureの列の情報がありません。元データに都道府県情報が欠落している可能性があります。入力されたデータ形式は、自動チェック機構が推奨する形式ではありません。  ERROR: address1の列の情報がありません。市区町村以降の自動チェック機構はこの行には働きません。  ,
180,みずほ台1-261,,,みずほ台,1-261,,,,ERROR: prefectureの列の情報がありません。元データに都道府県情報が欠落している可能性があります。入力されたデータ形式は、自動チェック機構が推奨する形式ではありません。  ERROR: address1の列の情報がありません。市区町村以降の自動チェック機構はこの行には働きません。  ,
181,みずほ台1-261,,,みずほ台,1-261,,,,ERROR: prefectureの列の情報がありません。元データに都道府県情報が欠落している可能性があります。入力されたデータ形式は、自動チェック機構が推奨する形式ではありません。  ERROR: address1の列の情報がありません。市区町村以降の自動チェック機構はこの行には働きません。  ,
182,みずほ台1-261,,,みずほ台,1-261,,,,ERROR: prefectureの列の情報がありません。元データに都道府県情報が欠落している可能性があります。入力されたデータ形式は、自動チェック機構が推奨する形式ではありません。  ERROR: address1の列の情報がありません。市区町村以降の自動チェック機構はこの行には働きません。  ,
183,みずほ台1-288,,,みずほ台,1-288,,,,ERROR: prefectureの列の情報がありません。元データに都道府県情報が欠落している可能性があります。入力されたデータ形式は、自動チェック機構が推奨する形式ではありません。  ERROR: address1の列の情報がありません。市区町村以降の自動チェック機構はこの行には働きません。  ,
184,みずほ台14-143,,,みずほ台,14-143,,,,ERROR: prefectureの列の情報がありません。元データに都道府県情報が欠落している可能性があります。入力されたデータ形式は、自動チェック機構が推奨する形式ではありません。  ERROR: address1の列の情報がありません。市区町村以降の自動チェック機構はこの行には働きません。  ,
185,みずほ台14-171,,,みずほ台,14-171,,,,ERROR: prefectureの列の情報がありません。元データに都道府県情報が欠落している可能性があります。入力されたデータ形式は、自動チェック機構が推奨する形式ではありません。  ERROR: address1の列の情報がありません。市区町村以降の自動チェック機構はこの行には働きません。  ,
186,みずほ台14-171,,,みずほ台,14-171,,,,ERROR: prefectureの列の情報がありません。元データに都道府県情報が欠落している可能性があります。入力されたデータ形式は、自動チェック機構が推奨する形式ではありません。  ERROR: address1の列の情報がありません。市区町村以降の自動チェック機構はこの行には働きません。  ,
187,みずほ台14-194,,,みずほ台,14-194,,,,ERROR: prefectureの列の情報がありません。元データに都道府県情報が欠落している可能性があります。入力されたデータ形式は、自動チェック機構が推奨する形式ではありません。  ERROR: address1の列の情報がありません。市区町村以降の自動チェック機構はこの行には働きません。  ,
188,みずほ台14-200,,,みずほ台,14-200,,,,ERROR: prefectureの列の情報がありません。元データに都道府県情報が欠落している可能性があります。入力されたデータ形式は、自動チェック機構が推奨する形式ではありません。  ERROR: address1の列の情報がありません。市区町村以降の自動チェック機構はこの行には働きません。  ,
189,みずほ台14-233,,,みずほ台,14-233,,,,ERROR: prefectureの列の情報がありません。元データに都道府県情報が欠落している可能性があります。入力されたデータ形式は、自動チェック機構が推奨する形式ではありません。  ERROR: address1の列の情報がありません。市区町村以降の自動チェック機構はこの行には働きません。  ,
190,みずほ台14-235,,,みずほ台,14-235,,,,ERROR: prefectureの列の情報がありません。元データに都道府県情報が欠落している可能性があります。入力されたデータ形式は、自動チェック機構が推奨する形式ではありません。  ERROR: address1の列の情報がありません。市区町村以降の自動チェック機構はこの行には働きません。  ,
191,みずほ台14-244,,,みずほ台,14-244,,,,ERROR: prefectureの列の情報がありません。元データに都道府県情報が欠落している可能性があります。入力されたデータ形式は、自動チェック機構が推奨する形式ではありません。  ERROR: address1の列の情報がありません。市区町村以降の自動チェック機構はこの行には働きません。  ,
192,みずほ台14-251,,,みずほ台,14-251,,,,ERROR: prefectureの列の情報がありません。元データに都道府県情報が欠落している可能性があります。入力されたデータ形式は、自動チェック機構が推奨する形式ではありません。  ERROR: address1の列の情報がありません。市区町村以降の自動チェック機構はこの行には働きません。  ,
193,みずほ台14-251,,,みずほ台,14-251,,,,ERROR: prefectureの列の情報がありません。元データに都道府県情報が欠落している可能性があります。入力されたデータ形式は、自動チェック機構が推奨する形式ではありません。  ERROR: address1の列の情報がありません。市区町村以降の自動チェック機構はこの行には働きません。  ,
194,みずほ台14-251,,,みずほ台,14-251,,,,ERROR: prefectureの列の情報がありません。元データに都道府県情報が欠落している可能性があります。入力されたデータ形式は、自動チェック機構が推奨する形式ではありません。  ERROR: address1の列の情報がありません。市区町村以降の自動チェック機構はこの行には働きません。  ,
195,みずほ台14-282,,,みずほ台,14-282,,,,ERROR: prefectureの列の情報がありません。元データに都道府県情報が欠落している可能性があります。入力されたデータ形式は、自動チェック機構が推奨する形式ではありません。  ERROR: address1の列の情報がありません。市区町村以降の自動チェック機構はこの行には働きません。  ,
196,みずほ台14-282,,,みずほ台,14-282,,,,ERROR: prefectureの列の情報がありません。元データに都道府県情報が欠落している可能性があります。入力されたデータ形式は、自動チェック機構が推奨する形式ではありません。  ERROR: address1の列の情報がありません。市区町村以降の自動チェック機構はこの行には働きません。  ,
197,みずほ台14-283,,,みずほ台,14-283,,,,ERROR: prefectureの列の情報がありません。元データに都道府県情報が欠落している可能性があります。入力されたデータ形式は、自動チェック機構が推奨する形式ではありません。  ERROR: address1の列の情報がありません。市区町村以降の自動チェック機構はこの行には働きません。  ,
198,みずほ台14-287,,,みずほ台,14-287,,,,ERROR: prefectureの列の情報がありません。元データに都道府県情報が欠落している可能性があります。入力されたデータ形式は、自動チェック機構が推奨する形式ではありません。  ERROR: address1の列の情報がありません。市区町村以降の自動チェック機構はこの行には働きません。  ,
199,みずほ台14-287,,,みずほ台,14-287,,,,ERROR: prefectureの列の情報がありません。元データに都道府県情報が欠落している可能性があります。入力されたデータ形式は、自動チェック機構が推奨する形式ではありません。  ERROR: address1の列の情報がありません。市区町村以降の自動チェック機構はこの行には働きません。  ,
200,みずほ台14-287,,,みずほ台,14-287,,,,ERROR: prefectureの列の情報がありません。元データに都道府県情報が欠落している可能性があります。入力されたデータ形式は、自動チェック機構が推奨する形式ではありません。  ERROR: address1の列の情報がありません。市区町村以降の自動チェック機構はこの行には働きません。  ,
201,みずほ台14-287,,,みずほ台,14-287,,,,ERROR: prefectureの列の情報がありません。元データに都道府県情報が欠落している可能性があります。入力されたデータ形式は、自動チェック機構が推奨する形式ではありません。  ERROR: address1の列の情報がありません。市区町村以降の自動チェック機構はこの行には働きません。  ,
202,みずほ台14-319,,,みずほ台,14-319,,,,ERROR: prefectureの列の情報がありません。元データに都道府県情報が欠落している可能性があります。入力されたデータ形式は、自動チェック機構が推奨する形式ではありません。  ERROR: address1の列の情報がありません。市区町村以降の自動チェック機構はこの行には働きません。  ,
203,みずほ台14-322,,,みずほ台,14-322,,,,ERROR: prefectureの列の情報がありません。元データに都道府県情報が欠落している可能性があります。入力されたデータ形式は、自動チェック機構が推奨する形式ではありません。  ERROR: address1の列の情報がありません。市区町村以降の自動チェック機構はこの行には働きません。  ,
204,みずほ台14-329,,,みずほ台,14-329,,,,ERROR: prefectureの列の情報がありません。元データに都道府県情報が欠落している可能性があります。入力されたデータ形式は、自動チェック機構が推奨する形式ではありません。  ERROR: address1の列の情報がありません。市区町村以降の自動チェック機構はこの行には働きません。  ,
205,みずほ台14-341,,,みずほ台,14-341,,,,ERROR: prefectureの列の情報がありません。元データに都道府県情報が欠落している可能性があります。入力されたデータ形式は、自動チェック機構が推奨する形式ではありません。  ERROR: address1の列の情報がありません。市区町村以降の自動チェック機構はこの行には働きません。  ,
206,みずほ台14-341,,,みずほ台,14-341,,,,ERROR: prefectureの列の情報がありません。元データに都道府県情報が欠落している可能性があります。入力されたデータ形式は、自動チェック機構が推奨する形式ではありません。  ERROR: address1の列の情報がありません。市区町村以降の自動チェック機構はこの行には働きません。  ,
207,みずほ台14-341,,,みずほ台,14-341,,,,ERROR: prefectureの列の情報がありません。元データに都道府県情報が欠落している可能性があります。入力されたデータ形式は、自動チェック機構が推奨する形式ではありません。  ERROR: address1の列の情報がありません。市区町村以降の自動チェック機構はこの行には働きません。  ,
208,みずほ台14-39,,,みずほ台,14-39,,,,ERROR: prefectureの列の情報がありません。元データに都道府県情報が欠落している可能性があります。入力されたデータ形式は、自動チェック機構が推奨する形式ではありません。  ERROR: address1の列の情報がありません。市区町村以降の自動チェック機構はこの行には働きません。  ,
209,みずほ台14-465,,,みずほ台,14-465,,,,ERROR: prefectureの列の情報がありません。元データに都道府県情報が欠落している可能性があります。入力されたデータ形式は、自動チェック機構が推奨する形式ではありません。  ERROR: address1の列の情報がありません。市区町村以降の自動チェック機構はこの行には働きません。  ,
210,みずほ台14-465,,,みずほ台,14-465,,,,ERROR: prefectureの列の情報がありません。元データに都道府県情報が欠落している可能性があります。入力されたデータ形式は、自動チェック機構が推奨する形式ではありません。  ERROR: address1の列の情報がありません。市区町村以降の自動チェック機構はこの行には働きません。  ,
211,みずほ台14-465,,,みずほ台,14-465,,,,ERROR: prefectureの列の情報がありません。元データに都道府県情報が欠落している可能性があります。入力されたデータ形式は、自動チェック機構が推奨する形式ではありません。  ERROR: address1の列の情報がありません。市区町村以降の自動チェック機構はこの行には働きません。  ,
212,みずほ台14-465,,,みずほ台,14-465,,,,ERROR: prefectureの列の情報がありません。元データに都道府県情報が欠落している可能性があります。入力されたデータ形式は、自動チェック機構が推奨する形式ではありません。  ERROR: address1の列の情報がありません。市区町村以降の自動チェック機構はこの行には働きません。  ,
213,みずほ台14-470,,,みずほ台,14-470,,,,ERROR: prefectureの列の情報がありません。元データに都道府県情報が欠落している可能性があります。入力されたデータ形式は、自動チェック機構が推奨する形式ではありません。  ERROR: address1の列の情報がありません。市区町村以降の自動チェック機構はこの行には働きません。  ,
214,みずほ台14-470,,,みずほ台,14-470,,,,ERROR: prefectureの列の情報がありません。元データに都道府県情報が欠落している可能性があります。入力されたデータ形式は、自動チェック機構が推奨する形式ではありません。  ERROR: address1の列の情報がありません。市区町村以降の自動チェック機構はこの行には働きません。  ,
215,みずほ台14-480,,,みずほ台,14-480,,,,ERROR: prefectureの列の情報がありません。元データに都道府県情報が欠落している可能性があります。入力されたデータ形式は、自動チェック機構が推奨する形式ではありません。  ERROR: address1の列の情報がありません。市区町村以降の自動チェック機構はこの行には働きません。  ,
216,みずほ台14-482,,,みずほ台,14-482,,,,ERROR: prefectureの列の情報がありません。元データに都道府県情報が欠落している可能性があります。入力されたデータ形式は、自動チェック機構が推奨する形式ではありません。  ERROR: address1の列の情報がありません。市区町村以降の自動チェック機構はこの行には働きません。  ,
217,みずほ台14-482,,,みずほ台,14-482,,,,ERROR: prefectureの列の情報がありません。元データに都道府県情報が欠落している可能性があります。入力されたデータ形式は、自動チェック機構が推奨する形式ではありません。  ERROR: address1の列の情報がありません。市区町村以降の自動チェック機構はこの行には働きません。  ,
218,みずほ台14-485,,,みずほ台,14-485,,,,ERROR: prefectureの列の情報がありません。元データに都道府県情報が欠落している可能性があります。入力されたデータ形式は、自動チェック機構が推奨する形式ではありません。  ERROR: address1の列の情報がありません。市区町村以降の自動チェック機構はこの行には働きません。  ,
219,みずほ台14-491,,,みずほ台,14-491,,,,ERROR: prefectureの列の情報がありません。元データに都道府県情報が欠落している可能性があります。入力されたデータ形式は、自動チェック機構が推奨する形式ではありません。  ERROR: address1の列の情報がありません。市区町村以降の自動チェック機構はこの行には働きません。  ,
220,みずほ台14-491,,,みずほ台,14-491,,,,ERROR: prefectureの列の情報がありません。元データに都道府県情報が欠落している可能性があります。入力されたデータ形式は、自動チェック機構が推奨する形式ではありません。  ERROR: address1の列の情報がありません。市区町村以降の自動チェック機構はこの行には働きません。  ,
221,みずほ台1-53,,,みずほ台,1-53,,,,ERROR: prefectureの列の情報がありません。元データに都道府県情報が欠落している可能性があります。入力されたデータ形式は、自動チェック機構が推奨する形式ではありません。  ERROR: address1の列の情報がありません。市区町村以降の自動チェック機構はこの行には働きません。  ,
222,みずほ台1-82,,,みずほ台,1-82,,,,ERROR: prefectureの列の情報がありません。元データに都道府県情報が欠落している可能性があります。入力されたデータ形式は、自動チェック機構が推奨する形式ではありません。  ERROR: address1の列の情報がありません。市区町村以降の自動チェック機構はこの行には働きません。  ,
223,みずほ台777-20,,,みずほ台,777-20,,,,ERROR: prefectureの列の情報がありません。元データに都道府県情報が欠落している可能性があります。入力されたデータ形式は、自動チェック機構が推奨する形式ではありません。  ERROR: address1の列の情報がありません。市区町村以降の自動チェック機構はこの行には働きません。  ,
224,みずほ台777-39,,,みずほ台,777-39,,,,ERROR: prefectureの列の情報がありません。元データに都道府県情報が欠落している可能性があります。入力されたデータ形式は、自動チェック機構が推奨する形式ではありません。  ERROR: address1の列の情報がありません。市区町村以降の自動チェック機構はこの行には働きません。  ,
225,みずほ台777-39,,,みずほ台,777-39,,,,ERROR: prefectureの列の情報がありません。元データに都道府県情報が欠落している可能性があります。入力されたデータ形式は、自動チェック機構が推奨する形式ではありません。  ERROR: address1の列の情報がありません。市区町村以降の自動チェック機構はこの行には働きません。  ,
226,みずほ台867-25,,,みずほ台,867-25,,,,ERROR: prefectureの列の情報がありません。元データに都道府県情報が欠落している可能性があります。入力されたデータ形式は、自動チェック機構が推奨する形式ではありません。  ERROR: address1の列の情報がありません。市区町村以降の自動チェック機構はこの行には働きません。  ,
227,みずほ台867-25,,,みずほ台,867-25,,,,ERROR: prefectureの列の情報がありません。元データに都道府県情報が欠落している可能性があります。入力されたデータ形式は、自動チェック機構が推奨する形式ではありません。  ERROR: address1の列の情報がありません。市区町村以降の自動チェック機構はこの行には働きません。  ,
228,みずほ台867-25,,,みずほ台,867-25,,,,ERROR: prefectureの列の情報がありません。元データに都道府県情報が欠落している可能性があります。入力されたデータ形式は、自動チェック機構が推奨する形式ではありません。  ERROR: address1の列の情報がありません。市区町村以降の自動チェック機構はこの行には働きません。  ,
229,みずほ台867-26,,,みずほ台,867-26,,,,ERROR: prefectureの列の情報がありません。元データに都道府県情報が欠落している可能性があります。入力されたデータ形式は、自動チェック機構が推奨する形式ではありません。  ERROR: address1の列の情報がありません。市区町村以降の自動チェック機構はこの行には働きません。  ,
230,みずほ台867-49,,,みずほ台,867-49,,,,ERROR: prefectureの列の情報がありません。元データに都道府県情報が欠落している可能性があります。入力されたデータ形式は、自動チェック機構が推奨する形式ではありません。  ERROR: address1の列の情報がありません。市区町村以降の自動チェック機構はこの行には働きません。  ,
231,みずほ台867-8,,,みずほ台,867-8,,,,ERROR: prefectureの列の情報がありません。元データに都道府県情報が欠落している可能性があります。入力されたデータ形式は、自動チェック機構が推奨する形式ではありません。  ERROR: address1の列の情報がありません。市区町村以降の自動チェック機構はこの行には働きません。  ,
232,みずほ台867-8,,,みずほ台,867-8,,,,ERROR: prefectureの列の情報がありません。元データに都道府県情報が欠落している可能性があります。入力されたデータ形式は、自動チェック機構が推奨する形式ではありません。  ERROR: address1の列の情報がありません。市区町村以降の自動チェック機構はこの行には働きません。  ,
233,みずほ台867-8,,,みずほ台,867-8,,,,ERROR: prefectureの列の情報がありません。元データに都道府県情報が欠落している可能性があります。入力されたデータ形式は、自動チェック機構が推奨する形式ではありません。  ERROR: address1の列の情報がありません。市区町村以降の自動チェック機構はこの行には働きません。  ,
234,みずほ台1-179,,,みずほ台,1-179,,,,ERROR: prefectureの列の情報がありません。元データに都道府県情報が欠落している可能性があります。入力されたデータ形式は、自動チェック機構が推奨する形式ではありません。  ERROR: address1の列の情報がありません。市区町村以降の自動チェック機構はこの行には働きません。  ,
235,みずほ台867-25,,,みずほ台,867-25,,,,ERROR: prefectureの列の情報がありません。元データに都道府県情報が欠落している可能性があります。入力されたデータ形式は、自動チェック機構が推奨する形式ではありません。  ERROR: address1の列の情報がありません。市区町村以降の自動チェック機構はこの行には働きません。  ,
236,みどり町10-2,,みどり町,,10-2,,,ERROR: address2のデータは、address1のデータから推測されるデータに一致しません。（自動チェック機構が参照するデータセットに合致しないか、表記が異なります。  ,ERROR: prefectureの列の情報がありません。元データに都道府県情報が欠落している可能性があります。入力されたデータ形式は、自動チェック機構が推奨する形式ではありません。  ,
237,みどり町10-8,,みどり町,,10-8,,,ERROR: address2のデータは、address1のデータから推測されるデータに一致しません。（自動チェック機構が参照するデータセットに合致しないか、表記が異なります。  ,ERROR: prefectureの列の情報がありません。元データに都道府県情報が欠落している可能性があります。入力されたデータ形式は、自動チェック機構が推奨する形式ではありません。  ,
238,みどり町11-10,,みどり町,,11-10,,,ERROR: address2のデータは、address1のデータから推測されるデータに一致しません。（自動チェック機構が参照するデータセットに合致しないか、表記が異なります。  ,ERROR: prefectureの列の情報がありません。元データに都道府県情報が欠落している可能性があります。入力されたデータ形式は、自動チェック機構が推奨する形式ではありません。  ,
239,みどり町1-150,,みどり町,,1-150,,,ERROR: address2のデータは、address1のデータから推測されるデータに一致しません。（自動チェック機構が参照するデータセットに合致しないか、表記が異なります。  ,ERROR: prefectureの列の情報がありません。元データに都道府県情報が欠落している可能性があります。入力されたデータ形式は、自動チェック機構が推奨する形式ではありません。  ,
240,みどり町11-7,,みどり町,,11-7,,,ERROR: address2のデータは、address1のデータから推測されるデータに一致しません。（自動チェック機構が参照するデータセットに合致しないか、表記が異なります。  ,ERROR: prefectureの列の情報がありません。元データに都道府県情報が欠落している可能性があります。入力されたデータ形式は、自動チェック機構が推奨する形式ではありません。  ,
241,みどり町11-7,,みどり町,,11-7,,,ERROR: address2のデータは、address1のデータから推測されるデータに一致しません。（自動チェック機構が参照するデータセットに合致しないか、表記が異なります。  ,ERROR: prefectureの列の情報がありません。元データに都道府県情報が欠落している可能性があります。入力されたデータ形式は、自動チェック機構が推奨する形式ではありません。  ,
242,みどり町12-1,,みどり町,,12-1,,,ERROR: address2のデータは、address1のデータから推測されるデータに一致しません。（自動チェック機構が参照するデータセットに合致しないか、表記が異なります。  ,ERROR: prefectureの列の情報がありません。元データに都道府県情報が欠落している可能性があります。入力されたデータ形式は、自動チェック機構が推奨する形式ではありません。  ,
243,みどり町1-66,,みどり町,,1-66,,,ERROR: address2のデータは、address1のデータから推測されるデータに一致しません。（自動チェック機構が参照するデータセットに合致しないか、表記が異なります。  ,ERROR: prefectureの列の情報がありません。元データに都道府県情報が欠落している可能性があります。入力されたデータ形式は、自動チェック機構が推奨する形式ではありません。  ,
244,みどり町17-16,,みどり町,,17-16,,,ERROR: address2のデータは、address1のデータから推測されるデータに一致しません。（自動チェック機構が参照するデータセットに合致しないか、表記が異なります。  ,ERROR: prefectureの列の情報がありません。元データに都道府県情報が欠落している可能性があります。入力されたデータ形式は、自動チェック機構が推奨する形式ではありません。  ,
245,みどり町17-16,,みどり町,,17-16,,,ERROR: address2のデータは、address1のデータから推測されるデータに一致しません。（自動チェック機構が参照するデータセットに合致しないか、表記が異なります。  ,ERROR: prefectureの列の情報がありません。元データに都道府県情報が欠落している可能性があります。入力されたデータ形式は、自動チェック機構が推奨する形式ではありません。  ,
246,みどり町17-16,,みどり町,,17-16,,,ERROR: address2のデータは、address1のデータから推測されるデータに一致しません。（自動チェック機構が参照するデータセットに合致しないか、表記が異なります。  ,ERROR: prefectureの列の情報がありません。元データに都道府県情報が欠落している可能性があります。入力されたデータ形式は、自動チェック機構が推奨する形式ではありません。  ,
247,みどり町17-16,,みどり町,,17-16,,,ERROR: address2のデータは、address1のデータから推測されるデータに一致しません。（自動チェック機構が参照するデータセットに合致しないか、表記が異なります。  ,ERROR: prefectureの列の情報がありません。元データに都道府県情報が欠落している可能性があります。入力されたデータ形式は、自動チェック機構が推奨する形式ではありません。  ,
248,みどり町18-8,,みどり町,,18-8,,,ERROR: address2のデータは、address1のデータから推測されるデータに一致しません。（自動チェック機構が参照するデータセットに合致しないか、表記が異なります。  ,ERROR: prefectureの列の情報がありません。元データに都道府県情報が欠落している可能性があります。入力されたデータ形式は、自動チェック機構が推奨する形式ではありません。  ,
249,みどり町2-1,,みどり町,,2-1,,,ERROR: address2のデータは、address1のデータから推測されるデータに一致しません。（自動チェック機構が参照するデータセットに合致しないか、表記が異なります。  ,ERROR: prefectureの列の情報がありません。元データに都道府県情報が欠落している可能性があります。入力されたデータ形式は、自動チェック機構が推奨する形式ではありません。  ,
250,みどり町2-1,,みどり町,,2-1,,,ERROR: address2のデータは、address1のデータから推測されるデータに一致しません。（自動チェック機構が参照するデータセットに合致しないか、表記が異なります。  ,ERROR: prefectureの列の情報がありません。元データに都道府県情報が欠落している可能性があります。入力されたデータ形式は、自動チェック機構が推奨する形式ではありません。  ,
251,みどり町21-7,,みどり町,,21-7,,,ERROR: address2のデータは、address1のデータから推測されるデータに一致しません。（自動チェック機構が参照するデータセットに合致しないか、表記が異なります。  ,ERROR: prefectureの列の情報がありません。元データに都道府県情報が欠落している可能性があります。入力されたデータ形式は、自動チェック機構が推奨する形式ではありません。  ,
252,みどり町21-7,,みどり町,,21-7,,,ERROR: address2のデータは、address1のデータから推測されるデータに一致しません。（自動チェック機構が参照するデータセットに合致しないか、表記が異なります。  ,ERROR: prefectureの列の情報がありません。元データに都道府県情報が欠落している可能性があります。入力されたデータ形式は、自動チェック機構が推奨する形式ではありません。  ,
253,みどり町21-7,,みどり町,,21-7,,,ERROR: address2のデータは、address1のデータから推測されるデータに一致しません。（自動チェック機構が参照するデータセットに合致しないか、表記が異なります。  ,ERROR: prefectureの列の情報がありません。元データに都道府県情報が欠落している可能性があります。入力されたデータ形式は、自動チェック機構が推奨する形式ではありません。  ,
254,みどり町21-7,,みどり町,,21-7,,,ERROR: address2のデータは、address1のデータから推測されるデータに一致しません。（自動チェック機構が参照するデータセットに合致しないか、表記が異なります。  ,ERROR: prefectureの列の情報がありません。元データに都道府県情報が欠落している可能性があります。入力されたデータ形式は、自動チェック機構が推奨する形式ではありません。  ,
255,みどり町21-7,,みどり町,,21-7,,,ERROR: address2のデータは、address1のデータから推測されるデータに一致しません。（自動チェック機構が参照するデータセットに合致しないか、表記が異なります。  ,ERROR: prefectureの列の情報がありません。元データに都道府県情報が欠落している可能性があります。入力されたデータ形式は、自動チェック機構が推奨する形式ではありません。  ,
256,みどり町28-4,,みどり町,,28-4,,,ERROR: address2のデータは、address1のデータから推測されるデータに一致しません。（自動チェック機構が参照するデータセットに合致しないか、表記が異なります。  ,ERROR: prefectureの列の情報がありません。元データに都道府県情報が欠落している可能性があります。入力されたデータ形式は、自動チェック機構が推奨する形式ではありません。  ,
257,みどり町28-4,,みどり町,,28-4,,,ERROR: address2のデータは、address1のデータから推測されるデータに一致しません。（自動チェック機構が参照するデータセットに合致しないか、表記が異なります。  ,ERROR: prefectureの列の情報がありません。元データに都道府県情報が欠落している可能性があります。入力されたデータ形式は、自動チェック機構が推奨する形式ではありません。  ,
258,みどり町2-9,,みどり町,,2-9,,,ERROR: address2のデータは、address1のデータから推測されるデータに一致しません。（自動チェック機構が参照するデータセットに合致しないか、表記が異なります。  ,ERROR: prefectureの列の情報がありません。元データに都道府県情報が欠落している可能性があります。入力されたデータ形式は、自動チェック機構が推奨する形式ではありません。  ,
259,みどり町2-9,,みどり町,,2-9,,,ERROR: address2のデータは、address1のデータから推測されるデータに一致しません。（自動チェック機構が参照するデータセットに合致しないか、表記が異なります。  ,ERROR: prefectureの列の情報がありません。元データに都道府県情報が欠落している可能性があります。入力されたデータ形式は、自動チェック機構が推奨する形式ではありません。  ,
260,みどり町30-8,,みどり町,,30-8,,,ERROR: address2のデータは、address1のデータから推測されるデータに一致しません。（自動チェック機構が参照するデータセットに合致しないか、表記が異なります。  ,ERROR: prefectureの列の情報がありません。元データに都道府県情報が欠落している可能性があります。入力されたデータ形式は、自動チェック機構が推奨する形式ではありません。  ,
261,みどり町30-8,,みどり町,,30-8,,,ERROR: address2のデータは、address1のデータから推測されるデータに一致しません。（自動チェック機構が参照するデータセットに合致しないか、表記が異なります。  ,ERROR: prefectureの列の情報がありません。元データに都道府県情報が欠落している可能性があります。入力されたデータ形式は、自動チェック機構が推奨する形式ではありません。  ,
262,みどり町31-12,,みどり町,,31-12,,,ERROR: address2のデータは、address1のデータから推測されるデータに一致しません。（自動チェック機構が参照するデータセットに合致しないか、表記が異なります。  ,ERROR: prefectureの列の情報がありません。元データに都道府県情報が欠落している可能性があります。入力されたデータ形式は、自動チェック機構が推奨する形式ではありません。  ,
263,みどり町31-12,,みどり町,,31-12,,,ERROR: address2のデータは、address1のデータから推測されるデータに一致しません。（自動チェック機構が参照するデータセットに合致しないか、表記が異なります。  ,ERROR: prefectureの列の情報がありません。元データに都道府県情報が欠落している可能性があります。入力されたデータ形式は、自動チェック機構が推奨する形式ではありません。  ,
264,みどり町31-12,,みどり町,,31-12,,,ERROR: address2のデータは、address1のデータから推測されるデータに一致しません。（自動チェック機構が参照するデータセットに合致しないか、表記が異なります。  ,ERROR: prefectureの列の情報がありません。元データに都道府県情報が欠落している可能性があります。入力されたデータ形式は、自動チェック機構が推奨する形式ではありません。  ,
265,みどり町36-10,,みどり町,,36-10,,,ERROR: address2のデータは、address1のデータから推測されるデータに一致しません。（自動チェック機構が参照するデータセットに合致しないか、表記が異なります。  ,ERROR: prefectureの列の情報がありません。元データに都道府県情報が欠落している可能性があります。入力されたデータ形式は、自動チェック機構が推奨する形式ではありません。  ,
266,みどり町36-10,,みどり町,,36-10,,,ERROR: address2のデータは、address1のデータから推測されるデータに一致しません。（自動チェック機構が参照するデータセットに合致しないか、表記が異なります。  ,ERROR: prefectureの列の情報がありません。元データに都道府県情報が欠落している可能性があります。入力されたデータ形式は、自動チェック機構が推奨する形式ではありません。  ,
267,みどり町36-10,,みどり町,,36-10,,,ERROR: address2のデータは、address1のデータから推測されるデータに一致しません。（自動チェック機構が参照するデータセットに合致しないか、表記が異なります。  ,ERROR: prefectureの列の情報がありません。元データに都道府県情報が欠落している可能性があります。入力されたデータ形式は、自動チェック機構が推奨する形式ではありません。  ,
268,みどり町36-5,,みどり町,,36-5,,,ERROR: address2のデータは、address1のデータから推測されるデータに一致しません。（自動チェック機構が参照するデータセットに合致しないか、表記が異なります。  ,ERROR: prefectureの列の情報がありません。元データに都道府県情報が欠落している可能性があります。入力されたデータ形式は、自動チェック機構が推奨する形式ではありません。  ,
269,みどり町36-5,,みどり町,,36-5,,,ERROR: address2のデータは、address1のデータから推測されるデータに一致しません。（自動チェック機構が参照するデータセットに合致しないか、表記が異なります。  ,ERROR: prefectureの列の情報がありません。元データに都道府県情報が欠落している可能性があります。入力されたデータ形式は、自動チェック機構が推奨する形式ではありません。  ,
270,みどり町36-8,,みどり町,,36-8,,,ERROR: address2のデータは、address1のデータから推測されるデータに一致しません。（自動チェック機構が参照するデータセットに合致しないか、表記が異なります。  ,ERROR: prefectureの列の情報がありません。元データに都道府県情報が欠落している可能性があります。入力されたデータ形式は、自動チェック機構が推奨する形式ではありません。  ,
271,みどり町40-7,,みどり町,,40-7,,,ERROR: address2のデータは、address1のデータから推測されるデータに一致しません。（自動チェック機構が参照するデータセットに合致しないか、表記が異なります。  ,ERROR: prefectureの列の情報がありません。元データに都道府県情報が欠落している可能性があります。入力されたデータ形式は、自動チェック機構が推奨する形式ではありません。  ,
272,みどり町40-7,,みどり町,,40-7,,,ERROR: address2のデータは、address1のデータから推測されるデータに一致しません。（自動チェック機構が参照するデータセットに合致しないか、表記が異なります。  ,ERROR: prefectureの列の情報がありません。元データに都道府県情報が欠落している可能性があります。入力されたデータ形式は、自動チェック機構が推奨する形式ではありません。  ,
273,みどり町40-7,,みどり町,,40-7,,,ERROR: address2のデータは、address1のデータから推測されるデータに一致しません。（自動チェック機構が参照するデータセットに合致しないか、表記が異なります。  ,ERROR: prefectureの列の情報がありません。元データに都道府県情報が欠落している可能性があります。入力されたデータ形式は、自動チェック機構が推奨する形式ではありません。  ,
274,みどり町43-7,,みどり町,,43-7,,,ERROR: address2のデータは、address1のデータから推測されるデータに一致しません。（自動チェック機構が参照するデータセットに合致しないか、表記が異なります。  ,ERROR: prefectureの列の情報がありません。元データに都道府県情報が欠落している可能性があります。入力されたデータ形式は、自動チェック機構が推奨する形式ではありません。  ,
275,みどり町45-3,,みどり町,,45-3,,,ERROR: address2のデータは、address1のデータから推測されるデータに一致しません。（自動チェック機構が参照するデータセットに合致しないか、表記が異なります。  ,ERROR: prefectureの列の情報がありません。元データに都道府県情報が欠落している可能性があります。入力されたデータ形式は、自動チェック機構が推奨する形式ではありません。  ,
276,みどり町45-3,,みどり町,,45-3,,,ERROR: address2のデータは、address1のデータから推測されるデータに一致しません。（自動チェック機構が参照するデータセットに合致しないか、表記が異なります。  ,ERROR: prefectureの列の情報がありません。元データに都道府県情報が欠落している可能性があります。入力されたデータ形式は、自動チェック機構が推奨する形式ではありません。  ,
277,みどり町46-11,,みどり町,,46-11,,,ERROR: address2のデータは、address1のデータから推測されるデータに一致しません。（自動チェック機構が参照するデータセットに合致しないか、表記が異なります。  ,ERROR: prefectureの列の情報がありません。元データに都道府県情報が欠落している可能性があります。入力されたデータ形式は、自動チェック機構が推奨する形式ではありません。  ,
278,みどり町46-11,,みどり町,,46-11,,,ERROR: address2のデータは、address1のデータから推測されるデータに一致しません。（自動チェック機構が参照するデータセットに合致しないか、表記が異なります。  ,ERROR: prefectureの列の情報がありません。元データに都道府県情報が欠落している可能性があります。入力されたデータ形式は、自動チェック機構が推奨する形式ではありません。  ,
279,みどり町46-9,,みどり町,,46-9,,,ERROR: address2のデータは、address1のデータから推測されるデータに一致しません。（自動チェック機構が参照するデータセットに合致しないか、表記が異なります。  ,ERROR: prefectureの列の情報がありません。元データに都道府県情報が欠落している可能性があります。入力されたデータ形式は、自動チェック機構が推奨する形式ではありません。  ,
280,みどり町48-4,,みどり町,,48-4,,,ERROR: address2のデータは、address1のデータから推測されるデータに一致しません。（自動チェック機構が参照するデータセットに合致しないか、表記が異なります。  ,ERROR: prefectureの列の情報がありません。元データに都道府県情報が欠落している可能性があります。入力されたデータ形式は、自動チェック機構が推奨する形式ではありません。  ,
281,みどり町49-11,,みどり町,,49-11,,,ERROR: address2のデータは、address1のデータから推測されるデータに一致しません。（自動チェック機構が参照するデータセットに合致しないか、表記が異なります。  ,ERROR: prefectureの列の情報がありません。元データに都道府県情報が欠落している可能性があります。入力されたデータ形式は、自動チェック機構が推奨する形式ではありません。  ,
282,みどり町49-11,,みどり町,,49-11,,,ERROR: address2のデータは、address1のデータから推測されるデータに一致しません。（自動チェック機構が参照するデータセットに合致しないか、表記が異なります。  ,ERROR: prefectureの列の情報がありません。元データに都道府県情報が欠落している可能性があります。入力されたデータ形式は、自動チェック機構が推奨する形式ではありません。  ,
283,みどり町51-3,,みどり町,,51-3,,,ERROR: address2のデータは、address1のデータから推測されるデータに一致しません。（自動チェック機構が参照するデータセットに合致しないか、表記が異なります。  ,ERROR: prefectureの列の情報がありません。元データに都道府県情報が欠落している可能性があります。入力されたデータ形式は、自動チェック機構が推奨する形式ではありません。  ,
284,みどり町51-3,,みどり町,,51-3,,,ERROR: address2のデータは、address1のデータから推測されるデータに一致しません。（自動チェック機構が参照するデータセットに合致しないか、表記が異なります。  ,ERROR: prefectureの列の情報がありません。元データに都道府県情報が欠落している可能性があります。入力されたデータ形式は、自動チェック機構が推奨する形式ではありません。  ,
285,みどり町55-3,,みどり町,,55-3,,,ERROR: address2のデータは、address1のデータから推測されるデータに一致しません。（自動チェック機構が参照するデータセットに合致しないか、表記が異なります。  ,ERROR: prefectureの列の情報がありません。元データに都道府県情報が欠落している可能性があります。入力されたデータ形式は、自動チェック機構が推奨する形式ではありません。  ,
286,みどり町55-5,,みどり町,,55-5,,,ERROR: address2のデータは、address1のデータから推測されるデータに一致しません。（自動チェック機構が参照するデータセットに合致しないか、表記が異なります。  ,ERROR: prefectureの列の情報がありません。元データに都道府県情報が欠落している可能性があります。入力されたデータ形式は、自動チェック機構が推奨する形式ではありません。  ,
287,みどり町55-5,,みどり町,,55-5,,,ERROR: address2のデータは、address1のデータから推測されるデータに一致しません。（自動チェック機構が参照するデータセットに合致しないか、表記が異なります。  ,ERROR: prefectureの列の情報がありません。元データに都道府県情報が欠落している可能性があります。入力されたデータ形式は、自動チェック機構が推奨する形式ではありません。  ,
288,みどり町55-5,,みどり町,,55-5,,,ERROR: address2のデータは、address1のデータから推測されるデータに一致しません。（自動チェック機構が参照するデータセットに合致しないか、表記が異なります。  ,ERROR: prefectureの列の情報がありません。元データに都道府県情報が欠落している可能性があります。入力されたデータ形式は、自動チェック機構が推奨する形式ではありません。  ,
289,みどり町55-5,,みどり町,,55-5,,,ERROR: address2のデータは、address1のデータから推測されるデータに一致しません。（自動チェック機構が参照するデータセットに合致しないか、表記が異なります。  ,ERROR: prefectureの列の情報がありません。元データに都道府県情報が欠落している可能性があります。入力されたデータ形式は、自動チェック機構が推奨する形式ではありません。  ,
290,みどり町57-2,,みどり町,,57-2,,,ERROR: address2のデータは、address1のデータから推測されるデータに一致しません。（自動チェック機構が参照するデータセットに合致しないか、表記が異なります。  ,ERROR: prefectureの列の情報がありません。元データに都道府県情報が欠落している可能性があります。入力されたデータ形式は、自動チェック機構が推奨する形式ではありません。  ,
291,みどり町57-7,,みどり町,,57-7,,,ERROR: address2のデータは、address1のデータから推測されるデータに一致しません。（自動チェック機構が参照するデータセットに合致しないか、表記が異なります。  ,ERROR: prefectureの列の情報がありません。元データに都道府県情報が欠落している可能性があります。入力されたデータ形式は、自動チェック機構が推奨する形式ではありません。  ,
292,みどり町58-6,,みどり町,,58-6,,,ERROR: address2のデータは、address1のデータから推測されるデータに一致しません。（自動チェック機構が参照するデータセットに合致しないか、表記が異なります。  ,ERROR: prefectureの列の情報がありません。元データに都道府県情報が欠落している可能性があります。入力されたデータ形式は、自動チェック機構が推奨する形式ではありません。  ,
293,みどり町62-1,,みどり町,,62-1,,,ERROR: address2のデータは、address1のデータから推測されるデータに一致しません。（自動チェック機構が参照するデータセットに合致しないか、表記が異なります。  ,ERROR: prefectureの列の情報がありません。元データに都道府県情報が欠落している可能性があります。入力されたデータ形式は、自動チェック機構が推奨する形式ではありません。  ,
294,みどり町65-１,,みどり町,,65-1,,,ERROR: address2のデータは、address1のデータから推測されるデータに一致しません。（自動チェック機構が参照するデータセットに合致しないか、表記が異なります。  ,ERROR: prefectureの列の情報がありません。元データに都道府県情報が欠落している可能性があります。入力されたデータ形式は、自動チェック機構が推奨する形式ではありません。  ,
295,みどり町65-4,,みどり町,,65-4,,,ERROR: address2のデータは、address1のデータから推測されるデータに一致しません。（自動チェック機構が参照するデータセットに合致しないか、表記が異なります。  ,ERROR: prefectureの列の情報がありません。元データに都道府県情報が欠落している可能性があります。入力されたデータ形式は、自動チェック機構が推奨する形式ではありません。  ,
296,みどり町65-4,,みどり町,,65-4,,,ERROR: address2のデータは、address1のデータから推測されるデータに一致しません。（自動チェック機構が参照するデータセットに合致しないか、表記が異なります。  ,ERROR: prefectureの列の情報がありません。元データに都道府県情報が欠落している可能性があります。入力されたデータ形式は、自動チェック機構が推奨する形式ではありません。  ,
297,みどり町7-13,,みどり町,,7-13,,,ERROR: address2のデータは、address1のデータから推測されるデータに一致しません。（自動チェック機構が参照するデータセットに合致しないか、表記が異なります。  ,ERROR: prefectureの列の情報がありません。元データに都道府県情報が欠落している可能性があります。入力されたデータ形式は、自動チェック機構が推奨する形式ではありません。  ,
298,みどり町8-1,,みどり町,,8-1,,,ERROR: address2のデータは、address1のデータから推測されるデータに一致しません。（自動チェック機構が参照するデータセットに合致しないか、表記が異なります。  ,ERROR: prefectureの列の情報がありません。元データに都道府県情報が欠落している可能性があります。入力されたデータ形式は、自動チェック機構が推奨する形式ではありません。  ,
299,みどり町8-1,,みどり町,,8-1,,,ERROR: address2のデータは、address1のデータから推測されるデータに一致しません。（自動チェック機構が参照するデータセットに合致しないか、表記が異なります。  ,ERROR: prefectureの列の情報がありません。元データに都道府県情報が欠落している可能性があります。入力されたデータ形式は、自動チェック機構が推奨する形式ではありません。  ,
300,みどり町8-1,,みどり町,,8-1,,,ERROR: address2のデータは、address1のデータから推測されるデータに一致しません。（自動チェック機構が参照するデータセットに合致しないか、表記が異なります。  ,ERROR: prefectureの列の情報がありません。元データに都道府県情報が欠落している可能性があります。入力されたデータ形式は、自動チェック機構が推奨する形式ではありません。  ,
301,みどり町44-6,,みどり町,,44-6,,,ERROR: address2のデータは、address1のデータから推測されるデータに一致しません。（自動チェック機構が参照するデータセットに合致しないか、表記が異なります。  ,ERROR: prefectureの列の情報がありません。元データに都道府県情報が欠落している可能性があります。入力されたデータ形式は、自動チェック機構が推奨する形式ではありません。  ,
302,栄町1369-11,,栄町,,1369-11,,,ERROR: address2のデータは、address1のデータから推測されるデータに一致しません。（自動チェック機構が参照するデータセットに合致しないか、表記が異なります。  ,ERROR: prefectureの列の情報がありません。元データに都道府県情報が欠落している可能性があります。入力されたデータ形式は、自動チェック機構が推奨する形式ではありません。  ,
303,栄町1369-11,,栄町,,1369-11,,,ERROR: address2のデータは、address1のデータから推測されるデータに一致しません。（自動チェック機構が参照するデータセットに合致しないか、表記が異なります。  ,ERROR: prefectureの列の情報がありません。元データに都道府県情報が欠落している可能性があります。入力されたデータ形式は、自動チェック機構が推奨する形式ではありません。  ,
304,栄町1369-11,,栄町,,1369-11,,,ERROR: address2のデータは、address1のデータから推測されるデータに一致しません。（自動チェック機構が参照するデータセットに合致しないか、表記が異なります。  ,ERROR: prefectureの列の情報がありません。元データに都道府県情報が欠落している可能性があります。入力されたデータ形式は、自動チェック機構が推奨する形式ではありません。  ,
305,栄町1369-11,,栄町,,1369-11,,,ERROR: address2のデータは、address1のデータから推測されるデータに一致しません。（自動チェック機構が参照するデータセットに合致しないか、表記が異なります。  ,ERROR: prefectureの列の情報がありません。元データに都道府県情報が欠落している可能性があります。入力されたデータ形式は、自動チェック機構が推奨する形式ではありません。  ,
306,栄町1421-12,,栄町,,1421-12,,,ERROR: address2のデータは、address1のデータから推測されるデータに一致しません。（自動チェック機構が参照するデータセットに合致しないか、表記が異なります。  ,ERROR: prefectureの列の情報がありません。元データに都道府県情報が欠落している可能性があります。入力されたデータ形式は、自動チェック機構が推奨する形式ではありません。  ,
307,栄町1439-1,,栄町,,1439-1,,,ERROR: address2のデータは、address1のデータから推測されるデータに一致しません。（自動チェック機構が参照するデータセットに合致しないか、表記が異なります。  ,ERROR: prefectureの列の情報がありません。元データに都道府県情報が欠落している可能性があります。入力されたデータ形式は、自動チェック機構が推奨する形式ではありません。  ,
308,栄町1439-1,,栄町,,1439-1,,,ERROR: address2のデータは、address1のデータから推測されるデータに一致しません。（自動チェック機構が参照するデータセットに合致しないか、表記が異なります。  ,ERROR: prefectureの列の情報がありません。元データに都道府県情報が欠落している可能性があります。入力されたデータ形式は、自動チェック機構が推奨する形式ではありません。  ,
309,栄町1439-1,,栄町,,1439-1,,,ERROR: address2のデータは、address1のデータから推測されるデータに一致しません。（自動チェック機構が参照するデータセットに合致しないか、表記が異なります。  ,ERROR: prefectureの列の情報がありません。元データに都道府県情報が欠落している可能性があります。入力されたデータ形式は、自動チェック機構が推奨する形式ではありません。  ,
310,栄町1439-1,,栄町,,1439-1,,,ERROR: address2のデータは、address1のデータから推測されるデータに一致しません。（自動チェック機構が参照するデータセットに合致しないか、表記が異なります。  ,ERROR: prefectureの列の情報がありません。元データに都道府県情報が欠落している可能性があります。入力されたデータ形式は、自動チェック機構が推奨する形式ではありません。  ,
311,栄町1487-112,,栄町,,1487-112,,,ERROR: address2のデータは、address1のデータから推測されるデータに一致しません。（自動チェック機構が参照するデータセットに合致しないか、表記が異なります。  ,ERROR: prefectureの列の情報がありません。元データに都道府県情報が欠落している可能性があります。入力されたデータ形式は、自動チェック機構が推奨する形式ではありません。  ,
312,栄町1487-112,,栄町,,1487-112,,,ERROR: address2のデータは、address1のデータから推測されるデータに一致しません。（自動チェック機構が参照するデータセットに合致しないか、表記が異なります。  ,ERROR: prefectureの列の情報がありません。元データに都道府県情報が欠落している可能性があります。入力されたデータ形式は、自動チェック機構が推奨する形式ではありません。  ,
313,栄町1487-112,,栄町,,1487-112,,,ERROR: address2のデータは、address1のデータから推測されるデータに一致しません。（自動チェック機構が参照するデータセットに合致しないか、表記が異なります。  ,ERROR: prefectureの列の情報がありません。元データに都道府県情報が欠落している可能性があります。入力されたデータ形式は、自動チェック機構が推奨する形式ではありません。  ,
314,栄町1487-40,,栄町,,1487-40,,,ERROR: address2のデータは、address1のデータから推測されるデータに一致しません。（自動チェック機構が参照するデータセットに合致しないか、表記が異なります。  ,ERROR: prefectureの列の情報がありません。元データに都道府県情報が欠落している可能性があります。入力されたデータ形式は、自動チェック機構が推奨する形式ではありません。  ,
315,栄町1487-40,,栄町,,1487-40,,,ERROR: address2のデータは、address1のデータから推測されるデータに一致しません。（自動チェック機構が参照するデータセットに合致しないか、表記が異なります。  ,ERROR: prefectureの列の情報がありません。元データに都道府県情報が欠落している可能性があります。入力されたデータ形式は、自動チェック機構が推奨する形式ではありません。  ,
316,栄町1487-40,,栄町,,1487-40,,,ERROR: address2のデータは、address1のデータから推測されるデータに一致しません。（自動チェック機構が参照するデータセットに合致しないか、表記が異なります。  ,ERROR: prefectureの列の情報がありません。元データに都道府県情報が欠落している可能性があります。入力されたデータ形式は、自動チェック機構が推奨する形式ではありません。  ,
317,栄町1487-40,,栄町,,1487-40,,,ERROR: address2のデータは、address1のデータから推測されるデータに一致しません。（自動チェック機構が参照するデータセットに合致しないか、表記が異なります。  ,ERROR: prefectureの列の情報がありません。元データに都道府県情報が欠落している可能性があります。入力されたデータ形式は、自動チェック機構が推奨する形式ではありません。  ,
318,栄町1487-41,,栄町,,1487-41,,,ERROR: address2のデータは、address1のデータから推測されるデータに一致しません。（自動チェック機構が参照するデータセットに合致しないか、表記が異なります。  ,ERROR: prefectureの列の情報がありません。元データに都道府県情報が欠落している可能性があります。入力されたデータ形式は、自動チェック機構が推奨する形式ではありません。  ,
319,栄町1487-71,,栄町,,1487-71,,,ERROR: address2のデータは、address1のデータから推測されるデータに一致しません。（自動チェック機構が参照するデータセットに合致しないか、表記が異なります。  ,ERROR: prefectureの列の情報がありません。元データに都道府県情報が欠落している可能性があります。入力されたデータ形式は、自動チェック機構が推奨する形式ではありません。  ,
320,栄町1487-71,,栄町,,1487-71,,,ERROR: address2のデータは、address1のデータから推測されるデータに一致しません。（自動チェック機構が参照するデータセットに合致しないか、表記が異なります。  ,ERROR: prefectureの列の情報がありません。元データに都道府県情報が欠落している可能性があります。入力されたデータ形式は、自動チェック機構が推奨する形式ではありません。  ,
321,栄町1487-71,,栄町,,1487-71,,,ERROR: address2のデータは、address1のデータから推測されるデータに一致しません。（自動チェック機構が参照するデータセットに合致しないか、表記が異なります。  ,ERROR: prefectureの列の情報がありません。元データに都道府県情報が欠落している可能性があります。入力されたデータ形式は、自動チェック機構が推奨する形式ではありません。  ,
322,栄町1488-189,,栄町,,1488-189,,,ERROR: address2のデータは、address1のデータから推測されるデータに一致しません。（自動チェック機構が参照するデータセットに合致しないか、表記が異なります。  ,ERROR: prefectureの列の情報がありません。元データに都道府県情報が欠落している可能性があります。入力されたデータ形式は、自動チェック機構が推奨する形式ではありません。  ,
323,栄町1488-189,,栄町,,1488-189,,,ERROR: address2のデータは、address1のデータから推測されるデータに一致しません。（自動チェック機構が参照するデータセットに合致しないか、表記が異なります。  ,ERROR: prefectureの列の情報がありません。元データに都道府県情報が欠落している可能性があります。入力されたデータ形式は、自動チェック機構が推奨する形式ではありません。  ,
324,栄町1488-202,,栄町,,1488-202,,,ERROR: address2のデータは、address1のデータから推測されるデータに一致しません。（自動チェック機構が参照するデータセットに合致しないか、表記が異なります。  ,ERROR: prefectureの列の情報がありません。元データに都道府県情報が欠落している可能性があります。入力されたデータ形式は、自動チェック機構が推奨する形式ではありません。  ,
325,栄町1488-202,,栄町,,1488-202,,,ERROR: address2のデータは、address1のデータから推測されるデータに一致しません。（自動チェック機構が参照するデータセットに合致しないか、表記が異なります。  ,ERROR: prefectureの列の情報がありません。元データに都道府県情報が欠落している可能性があります。入力されたデータ形式は、自動チェック機構が推奨する形式ではありません。  ,
326,栄町1488-202,,栄町,,1488-202,,,ERROR: address2のデータは、address1のデータから推測されるデータに一致しません。（自動チェック機構が参照するデータセットに合致しないか、表記が異なります。  ,ERROR: prefectureの列の情報がありません。元データに都道府県情報が欠落している可能性があります。入力されたデータ形式は、自動チェック機構が推奨する形式ではありません。  ,
327,栄町1488-203,,栄町,,1488-203,,,ERROR: address2のデータは、address1のデータから推測されるデータに一致しません。（自動チェック機構が参照するデータセットに合致しないか、表記が異なります。  ,ERROR: prefectureの列の情報がありません。元データに都道府県情報が欠落している可能性があります。入力されたデータ形式は、自動チェック機構が推奨する形式ではありません。  ,
328,栄町1488-224,,栄町,,1488-224,,,ERROR: address2のデータは、address1のデータから推測されるデータに一致しません。（自動チェック機構が参照するデータセットに合致しないか、表記が異なります。  ,ERROR: prefectureの列の情報がありません。元データに都道府県情報が欠落している可能性があります。入力されたデータ形式は、自動チェック機構が推奨する形式ではありません。  ,
329,栄町1488-287,,栄町,,1488-287,,,ERROR: address2のデータは、address1のデータから推測されるデータに一致しません。（自動チェック機構が参照するデータセットに合致しないか、表記が異なります。  ,ERROR: prefectureの列の情報がありません。元データに都道府県情報が欠落している可能性があります。入力されたデータ形式は、自動チェック機構が推奨する形式ではありません。  ,
330,栄町1488-291,,栄町,,1488-291,,,ERROR: address2のデータは、address1のデータから推測されるデータに一致しません。（自動チェック機構が参照するデータセットに合致しないか、表記が異なります。  ,ERROR: prefectureの列の情報がありません。元データに都道府県情報が欠落している可能性があります。入力されたデータ形式は、自動チェック機構が推奨する形式ではありません。  ,
331,栄町1488-291,,栄町,,1488-291,,,ERROR: address2のデータは、address1のデータから推測されるデータに一致しません。（自動チェック機構が参照するデータセットに合致しないか、表記が異なります。  ,ERROR: prefectureの列の情報がありません。元データに都道府県情報が欠落している可能性があります。入力されたデータ形式は、自動チェック機構が推奨する形式ではありません。  ,
332,栄町1488-59,,栄町,,1488-59,,,ERROR: address2のデータは、address1のデータから推測されるデータに一致しません。（自動チェック機構が参照するデータセットに合致しないか、表記が異なります。  ,ERROR: prefectureの列の情報がありません。元データに都道府県情報が欠落している可能性があります。入力されたデータ形式は、自動チェック機構が推奨する形式ではありません。  ,
333,栄町1488-59,,栄町,,1488-59,,,ERROR: address2のデータは、address1のデータから推測されるデータに一致しません。（自動チェック機構が参照するデータセットに合致しないか、表記が異なります。  ,ERROR: prefectureの列の情報がありません。元データに都道府県情報が欠落している可能性があります。入力されたデータ形式は、自動チェック機構が推奨する形式ではありません。  ,
334,栄町1488-59,,栄町,,1488-59,,,ERROR: address2のデータは、address1のデータから推測されるデータに一致しません。（自動チェック機構が参照するデータセットに合致しないか、表記が異なります。  ,ERROR: prefectureの列の情報がありません。元データに都道府県情報が欠落している可能性があります。入力されたデータ形式は、自動チェック機構が推奨する形式ではありません。  ,
335,栄町1488-91,,栄町,,1488-91,,,ERROR: address2のデータは、address1のデータから推測されるデータに一致しません。（自動チェック機構が参照するデータセットに合致しないか、表記が異なります。  ,ERROR: prefectureの列の情報がありません。元データに都道府県情報が欠落している可能性があります。入力されたデータ形式は、自動チェック機構が推奨する形式ではありません。  ,
336,栄町1489-9,,栄町,,1489-9,,,ERROR: address2のデータは、address1のデータから推測されるデータに一致しません。（自動チェック機構が参照するデータセットに合致しないか、表記が異なります。  ,ERROR: prefectureの列の情報がありません。元データに都道府県情報が欠落している可能性があります。入力されたデータ形式は、自動チェック機構が推奨する形式ではありません。  ,
337,栄町1500-8,,栄町,,1500-8,,,ERROR: address2のデータは、address1のデータから推測されるデータに一致しません。（自動チェック機構が参照するデータセットに合致しないか、表記が異なります。  ,ERROR: prefectureの列の情報がありません。元データに都道府県情報が欠落している可能性があります。入力されたデータ形式は、自動チェック機構が推奨する形式ではありません。  ,
338,栄町1502-9,,栄町,,1502-9,,,ERROR: address2のデータは、address1のデータから推測されるデータに一致しません。（自動チェック機構が参照するデータセットに合致しないか、表記が異なります。  ,ERROR: prefectureの列の情報がありません。元データに都道府県情報が欠落している可能性があります。入力されたデータ形式は、自動チェック機構が推奨する形式ではありません。  ,
339,栄町1502-9,,栄町,,1502-9,,,ERROR: address2のデータは、address1のデータから推測されるデータに一致しません。（自動チェック機構が参照するデータセットに合致しないか、表記が異なります。  ,ERROR: prefectureの列の情報がありません。元データに都道府県情報が欠落している可能性があります。入力されたデータ形式は、自動チェック機構が推奨する形式ではありません。  ,
340,栄町1506-133,,栄町,,1506-133,,,ERROR: address2のデータは、address1のデータから推測されるデータに一致しません。（自動チェック機構が参照するデータセットに合致しないか、表記が異なります。  ,ERROR: prefectureの列の情報がありません。元データに都道府県情報が欠落している可能性があります。入力されたデータ形式は、自動チェック機構が推奨する形式ではありません。  ,
341,栄町1506-133,,栄町,,1506-133,,,ERROR: address2のデータは、address1のデータから推測されるデータに一致しません。（自動チェック機構が参照するデータセットに合致しないか、表記が異なります。  ,ERROR: prefectureの列の情報がありません。元データに都道府県情報が欠落している可能性があります。入力されたデータ形式は、自動チェック機構が推奨する形式ではありません。  ,
342,栄町1506-29,,栄町,,1506-29,,,ERROR: address2のデータは、address1のデータから推測されるデータに一致しません。（自動チェック機構が参照するデータセットに合致しないか、表記が異なります。  ,ERROR: prefectureの列の情報がありません。元データに都道府県情報が欠落している可能性があります。入力されたデータ形式は、自動チェック機構が推奨する形式ではありません。  ,
343,栄町1506-29,,栄町,,1506-29,,,ERROR: address2のデータは、address1のデータから推測されるデータに一致しません。（自動チェック機構が参照するデータセットに合致しないか、表記が異なります。  ,ERROR: prefectureの列の情報がありません。元データに都道府県情報が欠落している可能性があります。入力されたデータ形式は、自動チェック機構が推奨する形式ではありません。  ,
344,栄町1506-29,,栄町,,1506-29,,,ERROR: address2のデータは、address1のデータから推測されるデータに一致しません。（自動チェック機構が参照するデータセットに合致しないか、表記が異なります。  ,ERROR: prefectureの列の情報がありません。元データに都道府県情報が欠落している可能性があります。入力されたデータ形式は、自動チェック機構が推奨する形式ではありません。  ,
345,栄町1506-29,,栄町,,1506-29,,,ERROR: address2のデータは、address1のデータから推測されるデータに一致しません。（自動チェック機構が参照するデータセットに合致しないか、表記が異なります。  ,ERROR: prefectureの列の情報がありません。元データに都道府県情報が欠落している可能性があります。入力されたデータ形式は、自動チェック機構が推奨する形式ではありません。  ,
346,栄町1506-29,,栄町,,1506-29,,,ERROR: address2のデータは、address1のデータから推測されるデータに一致しません。（自動チェック機構が参照するデータセットに合致しないか、表記が異なります。  ,ERROR: prefectureの列の情報がありません。元データに都道府県情報が欠落している可能性があります。入力されたデータ形式は、自動チェック機構が推奨する形式ではありません。  ,
347,栄町1506-29,,栄町,,1506-29,,,ERROR: address2のデータは、address1のデータから推測されるデータに一致しません。（自動チェック機構が参照するデータセットに合致しないか、表記が異なります。  ,ERROR: prefectureの列の情報がありません。元データに都道府県情報が欠落している可能性があります。入力されたデータ形式は、自動チェック機構が推奨する形式ではありません。  ,
348,栄町1506-6-308,,栄町,,1506-6-308,,,ERROR: address2のデータは、address1のデータから推測されるデータに一致しません。（自動チェック機構が参照するデータセットに合致しないか、表記が異なります。  ,ERROR: prefectureの列の情報がありません。元データに都道府県情報が欠落している可能性があります。入力されたデータ形式は、自動チェック機構が推奨する形式ではありません。  ,CAUTION: 番地の中に、部屋番号が含まれている可能性があります。 
349,栄町487-119,,栄町,,487-119,,,ERROR: address2のデータは、address1のデータから推測されるデータに一致しません。（自動チェック機構が参照するデータセットに合致しないか、表記が異なります。  ,ERROR: prefectureの列の情報がありません。元データに都道府県情報が欠落している可能性があります。入力されたデータ形式は、自動チェック機構が推奨する形式ではありません。  ,
350,栄町487-119,,栄町,,487-119,,,ERROR: address2のデータは、address1のデータから推測されるデータに一致しません。（自動チェック機構が参照するデータセットに合致しないか、表記が異なります。  ,ERROR: prefectureの列の情報がありません。元データに都道府県情報が欠落している可能性があります。入力されたデータ形式は、自動チェック機構が推奨する形式ではありません。  ,
351,栄町1487-127,,栄町,,1487-127,,,ERROR: address2のデータは、address1のデータから推測されるデータに一致しません。（自動チェック機構が参照するデータセットに合致しないか、表記が異なります。  ,ERROR: prefectureの列の情報がありません。元データに都道府県情報が欠落している可能性があります。入力されたデータ形式は、自動チェック機構が推奨する形式ではありません。  ,
352,上野町12-14,,上野町,,12-14,,,ERROR: address2のデータは、address1のデータから推測されるデータに一致しません。（自動チェック機構が参照するデータセットに合致しないか、表記が異なります。  ,ERROR: prefectureの列の情報がありません。元データに都道府県情報が欠落している可能性があります。入力されたデータ形式は、自動チェック機構が推奨する形式ではありません。  ,
353,上野町12-14,,上野町,,12-14,,,ERROR: address2のデータは、address1のデータから推測されるデータに一致しません。（自動チェック機構が参照するデータセットに合致しないか、表記が異なります。  ,ERROR: prefectureの列の情報がありません。元データに都道府県情報が欠落している可能性があります。入力されたデータ形式は、自動チェック機構が推奨する形式ではありません。  ,
354,上野町2-22,,上野町,,2-22,,,ERROR: address2のデータは、address1のデータから推測されるデータに一致しません。（自動チェック機構が参照するデータセットに合致しないか、表記が異なります。  ,ERROR: prefectureの列の情報がありません。元データに都道府県情報が欠落している可能性があります。入力されたデータ形式は、自動チェック機構が推奨する形式ではありません。  ,
355,上野町2-22,,上野町,,2-22,,,ERROR: address2のデータは、address1のデータから推測されるデータに一致しません。（自動チェック機構が参照するデータセットに合致しないか、表記が異なります。  ,ERROR: prefectureの列の情報がありません。元データに都道府県情報が欠落している可能性があります。入力されたデータ形式は、自動チェック機構が推奨する形式ではありません。  ,
356,上野町2-22,,上野町,,2-22,,,ERROR: address2のデータは、address1のデータから推測されるデータに一致しません。（自動チェック機構が参照するデータセットに合致しないか、表記が異なります。  ,ERROR: prefectureの列の情報がありません。元データに都道府県情報が欠落している可能性があります。入力されたデータ形式は、自動チェック機構が推奨する形式ではありません。  ,
357,上野町4-1マシェリＣ101号,,上野町,,4-1,マシェリC,101号,ERROR: address2のデータは、address1のデータから推測されるデータに一致しません。（自動チェック機構が参照するデータセットに合致しないか、表記が異なります。  ,ERROR: prefectureの列の情報がありません。元データに都道府県情報が欠落している可能性があります。入力されたデータ形式は、自動チェック機構が推奨する形式ではありません。  ERROR: address5の建物情報の箇所に番地と思しき情報が存在します,
358,上野町5-15,,上野町,,5-15,,,ERROR: address2のデータは、address1のデータから推測されるデータに一致しません。（自動チェック機構が参照するデータセットに合致しないか、表記が異なります。  ,ERROR: prefectureの列の情報がありません。元データに都道府県情報が欠落している可能性があります。入力されたデータ形式は、自動チェック機構が推奨する形式ではありません。  ,
359,上野町6-10,,上野町,,6-10,,,ERROR: address2のデータは、address1のデータから推測されるデータに一致しません。（自動チェック機構が参照するデータセットに合致しないか、表記が異なります。  ,ERROR: prefectureの列の情報がありません。元データに都道府県情報が欠落している可能性があります。入力されたデータ形式は、自動チェック機構が推奨する形式ではありません。  ,
360,上野町7-4,,上野町,,7-4,,,ERROR: address2のデータは、address1のデータから推測されるデータに一致しません。（自動チェック機構が参照するデータセットに合致しないか、表記が異なります。  ,ERROR: prefectureの列の情報がありません。元データに都道府県情報が欠落している可能性があります。入力されたデータ形式は、自動チェック機構が推奨する形式ではありません。  ,
361,上野町7-9,,上野町,,7-9,,,ERROR: address2のデータは、address1のデータから推測されるデータに一致しません。（自動チェック機構が参照するデータセットに合致しないか、表記が異なります。  ,ERROR: prefectureの列の情報がありません。元データに都道府県情報が欠落している可能性があります。入力されたデータ形式は、自動チェック機構が推奨する形式ではありません。  ,
362,上野町9-18,,上野町,,9-18,,,ERROR: address2のデータは、address1のデータから推測されるデータに一致しません。（自動チェック機構が参照するデータセットに合致しないか、表記が異なります。  ,ERROR: prefectureの列の情報がありません。元データに都道府県情報が欠落している可能性があります。入力されたデータ形式は、自動チェック機構が推奨する形式ではありません。  ,
363,上野町9-19,,上野町,,9-19,,,ERROR: address2のデータは、address1のデータから推測されるデータに一致しません。（自動チェック機構が参照するデータセットに合致しないか、表記が異なります。  ,ERROR: prefectureの列の情報がありません。元データに都道府県情報が欠落している可能性があります。入力されたデータ形式は、自動チェック機構が推奨する形式ではありません。  ,
364,上野町9-19,,上野町,,9-19,,,ERROR: address2のデータは、address1のデータから推測されるデータに一致しません。（自動チェック機構が参照するデータセットに合致しないか、表記が異なります。  ,ERROR: prefectureの列の情報がありません。元データに都道府県情報が欠落している可能性があります。入力されたデータ形式は、自動チェック機構が推奨する形式ではありません。  ,
365,小下町10-4,,小下町,,10-4,,,ERROR: address2のデータは、address1のデータから推測されるデータに一致しません。（自動チェック機構が参照するデータセットに合致しないか、表記が異なります。  ,ERROR: prefectureの列の情報がありません。元データに都道府県情報が欠落している可能性があります。入力されたデータ形式は、自動チェック機構が推奨する形式ではありません。  ,
366,小下町10-4,,小下町,,10-4,,,ERROR: address2のデータは、address1のデータから推測されるデータに一致しません。（自動チェック機構が参照するデータセットに合致しないか、表記が異なります。  ,ERROR: prefectureの列の情報がありません。元データに都道府県情報が欠落している可能性があります。入力されたデータ形式は、自動チェック機構が推奨する形式ではありません。  ,
367,小下町10-4,,小下町,,10-4,,,ERROR: address2のデータは、address1のデータから推測されるデータに一致しません。（自動チェック機構が参照するデータセットに合致しないか、表記が異なります。  ,ERROR: prefectureの列の情報がありません。元データに都道府県情報が欠落している可能性があります。入力されたデータ形式は、自動チェック機構が推奨する形式ではありません。  ,
368,小下町1-23,,小下町,,1-23,,,ERROR: address2のデータは、address1のデータから推測されるデータに一致しません。（自動チェック機構が参照するデータセットに合致しないか、表記が異なります。  ,ERROR: prefectureの列の情報がありません。元データに都道府県情報が欠落している可能性があります。入力されたデータ形式は、自動チェック機構が推奨する形式ではありません。  ,
369,小下町1-23,,小下町,,1-23,,,ERROR: address2のデータは、address1のデータから推測されるデータに一致しません。（自動チェック機構が参照するデータセットに合致しないか、表記が異なります。  ,ERROR: prefectureの列の情報がありません。元データに都道府県情報が欠落している可能性があります。入力されたデータ形式は、自動チェック機構が推奨する形式ではありません。  ,
370,小下町1-23,,小下町,,1-23,,,ERROR: address2のデータは、address1のデータから推測されるデータに一致しません。（自動チェック機構が参照するデータセットに合致しないか、表記が異なります。  ,ERROR: prefectureの列の情報がありません。元データに都道府県情報が欠落している可能性があります。入力されたデータ形式は、自動チェック機構が推奨する形式ではありません。  ,
371,小下町1-23,,小下町,,1-23,,,ERROR: address2のデータは、address1のデータから推測されるデータに一致しません。（自動チェック機構が参照するデータセットに合致しないか、表記が異なります。  ,ERROR: prefectureの列の情報がありません。元データに都道府県情報が欠落している可能性があります。入力されたデータ形式は、自動チェック機構が推奨する形式ではありません。  ,
372,小下町12-65-1,,小下町,,12-65-1,,,ERROR: address2のデータは、address1のデータから推測されるデータに一致しません。（自動チェック機構が参照するデータセットに合致しないか、表記が異なります。  ,ERROR: prefectureの列の情報がありません。元データに都道府県情報が欠落している可能性があります。入力されたデータ形式は、自動チェック機構が推奨する形式ではありません。  ,
373,小下町12-65-1,,小下町,,12-65-1,,,ERROR: address2のデータは、address1のデータから推測されるデータに一致しません。（自動チェック機構が参照するデータセットに合致しないか、表記が異なります。  ,ERROR: prefectureの列の情報がありません。元データに都道府県情報が欠落している可能性があります。入力されたデータ形式は、自動チェック機構が推奨する形式ではありません。  ,
374,小下町2-13-1,,小下町,,2-13-1,,,ERROR: address2のデータは、address1のデータから推測されるデータに一致しません。（自動チェック機構が参照するデータセットに合致しないか、表記が異なります。  ,ERROR: prefectureの列の情報がありません。元データに都道府県情報が欠落している可能性があります。入力されたデータ形式は、自動チェック機構が推奨する形式ではありません。  ,
375,小下町4-26,,小下町,,4-26,,,ERROR: address2のデータは、address1のデータから推測されるデータに一致しません。（自動チェック機構が参照するデータセットに合致しないか、表記が異なります。  ,ERROR: prefectureの列の情報がありません。元データに都道府県情報が欠落している可能性があります。入力されたデータ形式は、自動チェック機構が推奨する形式ではありません。  ,
376,小下町4-8,,小下町,,4-8,,,ERROR: address2のデータは、address1のデータから推測されるデータに一致しません。（自動チェック機構が参照するデータセットに合致しないか、表記が異なります。  ,ERROR: prefectureの列の情報がありません。元データに都道府県情報が欠落している可能性があります。入力されたデータ形式は、自動チェック機構が推奨する形式ではありません。  ,
377,小下町4-8,,小下町,,4-8,,,ERROR: address2のデータは、address1のデータから推測されるデータに一致しません。（自動チェック機構が参照するデータセットに合致しないか、表記が異なります。  ,ERROR: prefectureの列の情報がありません。元データに都道府県情報が欠落している可能性があります。入力されたデータ形式は、自動チェック機構が推奨する形式ではありません。  ,
378,小下町5-39,,小下町,,5-39,,,ERROR: address2のデータは、address1のデータから推測されるデータに一致しません。（自動チェック機構が参照するデータセットに合致しないか、表記が異なります。  ,ERROR: prefectureの列の情報がありません。元データに都道府県情報が欠落している可能性があります。入力されたデータ形式は、自動チェック機構が推奨する形式ではありません。  ,
379,小下町5-39,,小下町,,5-39,,,ERROR: address2のデータは、address1のデータから推測されるデータに一致しません。（自動チェック機構が参照するデータセットに合致しないか、表記が異なります。  ,ERROR: prefectureの列の情報がありません。元データに都道府県情報が欠落している可能性があります。入力されたデータ形式は、自動チェック機構が推奨する形式ではありません。  ,
380,小下町6-15,,小下町,,6-15,,,ERROR: address2のデータは、address1のデータから推測されるデータに一致しません。（自動チェック機構が参照するデータセットに合致しないか、表記が異なります。  ,ERROR: prefectureの列の情報がありません。元データに都道府県情報が欠落している可能性があります。入力されたデータ形式は、自動チェック機構が推奨する形式ではありません。  ,
381,小下町6-16,,小下町,,6-16,,,ERROR: address2のデータは、address1のデータから推測されるデータに一致しません。（自動チェック機構が参照するデータセットに合致しないか、表記が異なります。  ,ERROR: prefectureの列の情報がありません。元データに都道府県情報が欠落している可能性があります。入力されたデータ形式は、自動チェック機構が推奨する形式ではありません。  ,
382,小下町6-37,,小下町,,6-37,,,ERROR: address2のデータは、address1のデータから推測されるデータに一致しません。（自動チェック機構が参照するデータセットに合致しないか、表記が異なります。  ,ERROR: prefectureの列の情報がありません。元データに都道府県情報が欠落している可能性があります。入力されたデータ形式は、自動チェック機構が推奨する形式ではありません。  ,
383,小下町7-15,,小下町,,7-15,,,ERROR: address2のデータは、address1のデータから推測されるデータに一致しません。（自動チェック機構が参照するデータセットに合致しないか、表記が異なります。  ,ERROR: prefectureの列の情報がありません。元データに都道府県情報が欠落している可能性があります。入力されたデータ形式は、自動チェック機構が推奨する形式ではありません。  ,
384,小下町7-15,,小下町,,7-15,,,ERROR: address2のデータは、address1のデータから推測されるデータに一致しません。（自動チェック機構が参照するデータセットに合致しないか、表記が異なります。  ,ERROR: prefectureの列の情報がありません。元データに都道府県情報が欠落している可能性があります。入力されたデータ形式は、自動チェック機構が推奨する形式ではありません。  ,
385,小下町7-15,,小下町,,7-15,,,ERROR: address2のデータは、address1のデータから推測されるデータに一致しません。（自動チェック機構が参照するデータセットに合致しないか、表記が異なります。  ,ERROR: prefectureの列の情報がありません。元データに都道府県情報が欠落している可能性があります。入力されたデータ形式は、自動チェック機構が推奨する形式ではありません。  ,
386,小下町8-2,,小下町,,8-2,,,ERROR: address2のデータは、address1のデータから推測されるデータに一致しません。（自動チェック機構が参照するデータセットに合致しないか、表記が異なります。  ,ERROR: prefectureの列の情報がありません。元データに都道府県情報が欠落している可能性があります。入力されたデータ形式は、自動チェック機構が推奨する形式ではありません。  ,
387,小下町8-2,,小下町,,8-2,,,ERROR: address2のデータは、address1のデータから推測されるデータに一致しません。（自動チェック機構が参照するデータセットに合致しないか、表記が異なります。  ,ERROR: prefectureの列の情報がありません。元データに都道府県情報が欠落している可能性があります。入力されたデータ形式は、自動チェック機構が推奨する形式ではありません。  ,
388,小下町6-12,,小下町,,6-12,,,ERROR: address2のデータは、address1のデータから推測されるデータに一致しません。（自動チェック機構が参照するデータセットに合致しないか、表記が異なります。  ,ERROR: prefectureの列の情報がありません。元データに都道府県情報が欠落している可能性があります。入力されたデータ形式は、自動チェック機構が推奨する形式ではありません。  ,
389,小下町6-37,,小下町,,6-37,,,ERROR: address2のデータは、address1のデータから推測されるデータに一致しません。（自動チェック機構が参照するデータセットに合致しないか、表記が異なります。  ,ERROR: prefectureの列の情報がありません。元データに都道府県情報が欠落している可能性があります。入力されたデータ形式は、自動チェック機構が推奨する形式ではありません。  ,
390,小下町6-15,,小下町,,6-15,,,ERROR: address2のデータは、address1のデータから推測されるデータに一致しません。（自動チェック機構が参照するデータセットに合致しないか、表記が異なります。  ,ERROR: prefectureの列の情報がありません。元データに都道府県情報が欠落している可能性があります。入力されたデータ形式は、自動チェック機構が推奨する形式ではありません。  ,
391,南鹿島町18-8,,南鹿島町,,18-8,,,ERROR: address2のデータは、address1のデータから推測されるデータに一致しません。（自動チェック機構が参照するデータセットに合致しないか、表記が異なります。  ,ERROR: prefectureの列の情報がありません。元データに都道府県情報が欠落している可能性があります。入力されたデータ形式は、自動チェック機構が推奨する形式ではありません。  ,
392,南鹿島町11-12,,南鹿島町,,11-12,,,ERROR: address2のデータは、address1のデータから推測されるデータに一致しません。（自動チェック機構が参照するデータセットに合致しないか、表記が異なります。  ,ERROR: prefectureの列の情報がありません。元データに都道府県情報が欠落している可能性があります。入力されたデータ形式は、自動チェック機構が推奨する形式ではありません。  ,
393,南鹿島町13-9,,南鹿島町,,13-9,,,ERROR: address2のデータは、address1のデータから推測されるデータに一致しません。（自動チェック機構が参照するデータセットに合致しないか、表記が異なります。  ,ERROR: prefectureの列の情報がありません。元データに都道府県情報が欠落している可能性があります。入力されたデータ形式は、自動チェック機構が推奨する形式ではありません。  ,
394,南鹿島町13-9,,南鹿島町,,13-9,,,ERROR: address2のデータは、address1のデータから推測されるデータに一致しません。（自動チェック機構が参照するデータセットに合致しないか、表記が異なります。  ,ERROR: prefectureの列の情報がありません。元データに都道府県情報が欠落している可能性があります。入力されたデータ形式は、自動チェック機構が推奨する形式ではありません。  ,
395,南鹿島町17-2,,南鹿島町,,17-2,,,ERROR: address2のデータは、address1のデータから推測されるデータに一致しません。（自動チェック機構が参照するデータセットに合致しないか、表記が異なります。  ,ERROR: prefectureの列の情報がありません。元データに都道府県情報が欠落している可能性があります。入力されたデータ形式は、自動チェック機構が推奨する形式ではありません。  ,
396,南鹿島町17-2,,南鹿島町,,17-2,,,ERROR: address2のデータは、address1のデータから推測されるデータに一致しません。（自動チェック機構が参照するデータセットに合致しないか、表記が異なります。  ,ERROR: prefectureの列の情報がありません。元データに都道府県情報が欠落している可能性があります。入力されたデータ形式は、自動チェック機構が推奨する形式ではありません。  ,
397,南鹿島町17-3,,南鹿島町,,17-3,,,ERROR: address2のデータは、address1のデータから推測されるデータに一致しません。（自動チェック機構が参照するデータセットに合致しないか、表記が異なります。  ,ERROR: prefectureの列の情報がありません。元データに都道府県情報が欠落している可能性があります。入力されたデータ形式は、自動チェック機構が推奨する形式ではありません。  ,
398,南鹿島町17-3,,南鹿島町,,17-3,,,ERROR: address2のデータは、address1のデータから推測されるデータに一致しません。（自動チェック機構が参照するデータセットに合致しないか、表記が異なります。  ,ERROR: prefectureの列の情報がありません。元データに都道府県情報が欠落している可能性があります。入力されたデータ形式は、自動チェック機構が推奨する形式ではありません。  ,
399,南鹿島町19-22,,南鹿島町,,19-22,,,ERROR: address2のデータは、address1のデータから推測されるデータに一致しません。（自動チェック機構が参照するデータセットに合致しないか、表記が異なります。  ,ERROR: prefectureの列の情報がありません。元データに都道府県情報が欠落している可能性があります。入力されたデータ形式は、自動チェック機構が推奨する形式ではありません。  ,
400,南鹿島町22-1,,南鹿島町,,22-1,,,ERROR: address2のデータは、address1のデータから推測されるデータに一致しません。（自動チェック機構が参照するデータセットに合致しないか、表記が異なります。  ,ERROR: prefectureの列の情報がありません。元データに都道府県情報が欠落している可能性があります。入力されたデータ形式は、自動チェック機構が推奨する形式ではありません。  ,
401,南鹿島町22-4,,南鹿島町,,22-4,,,ERROR: address2のデータは、address1のデータから推測されるデータに一致しません。（自動チェック機構が参照するデータセットに合致しないか、表記が異なります。  ,ERROR: prefectureの列の情報がありません。元データに都道府県情報が欠落している可能性があります。入力されたデータ形式は、自動チェック機構が推奨する形式ではありません。  ,
402,南鹿島町23-7,,南鹿島町,,23-7,,,ERROR: address2のデータは、address1のデータから推測されるデータに一致しません。（自動チェック機構が参照するデータセットに合致しないか、表記が異なります。  ,ERROR: prefectureの列の情報がありません。元データに都道府県情報が欠落している可能性があります。入力されたデータ形式は、自動チェック機構が推奨する形式ではありません。  ,
403,南鹿島町23-7,,南鹿島町,,23-7,,,ERROR: address2のデータは、address1のデータから推測されるデータに一致しません。（自動チェック機構が参照するデータセットに合致しないか、表記が異なります。  ,ERROR: prefectureの列の情報がありません。元データに都道府県情報が欠落している可能性があります。入力されたデータ形式は、自動チェック機構が推奨する形式ではありません。  ,
404,南鹿島町24-16,,南鹿島町,,24-16,,,ERROR: address2のデータは、address1のデータから推測されるデータに一致しません。（自動チェック機構が参照するデータセットに合致しないか、表記が異なります。  ,ERROR: prefectureの列の情報がありません。元データに都道府県情報が欠落している可能性があります。入力されたデータ形式は、自動チェック機構が推奨する形式ではありません。  ,
405,南鹿島町4-18-2,,南鹿島町,,4-18-2,,,ERROR: address2のデータは、address1のデータから推測されるデータに一致しません。（自動チェック機構が参照するデータセットに合致しないか、表記が異なります。  ,ERROR: prefectureの列の情報がありません。元データに都道府県情報が欠落している可能性があります。入力されたデータ形式は、自動チェック機構が推奨する形式ではありません。  ,
406,南鹿島町4-18-2,,南鹿島町,,4-18-2,,,ERROR: address2のデータは、address1のデータから推測されるデータに一致しません。（自動チェック機構が参照するデータセットに合致しないか、表記が異なります。  ,ERROR: prefectureの列の情報がありません。元データに都道府県情報が欠落している可能性があります。入力されたデータ形式は、自動チェック機構が推奨する形式ではありません。  ,
407,南鹿島町4-18-2,,南鹿島町,,4-18-2,,,ERROR: address2のデータは、address1のデータから推測されるデータに一致しません。（自動チェック機構が参照するデータセットに合致しないか、表記が異なります。  ,ERROR: prefectureの列の情報がありません。元データに都道府県情報が欠落している可能性があります。入力されたデータ形式は、自動チェック機構が推奨する形式ではありません。  ,
408,南鹿島町4-18-6,,南鹿島町,,4-18-6,,,ERROR: address2のデータは、address1のデータから推測されるデータに一致しません。（自動チェック機構が参照するデータセットに合致しないか、表記が異なります。  ,ERROR: prefectureの列の情報がありません。元データに都道府県情報が欠落している可能性があります。入力されたデータ形式は、自動チェック機構が推奨する形式ではありません。  ,
409,南鹿島町4-34-2,,南鹿島町,,4-34-2,,,ERROR: address2のデータは、address1のデータから推測されるデータに一致しません。（自動チェック機構が参照するデータセットに合致しないか、表記が異なります。  ,ERROR: prefectureの列の情報がありません。元データに都道府県情報が欠落している可能性があります。入力されたデータ形式は、自動チェック機構が推奨する形式ではありません。  ,
410,南鹿島町4-34-2,,南鹿島町,,4-34-2,,,ERROR: address2のデータは、address1のデータから推測されるデータに一致しません。（自動チェック機構が参照するデータセットに合致しないか、表記が異なります。  ,ERROR: prefectureの列の情報がありません。元データに都道府県情報が欠落している可能性があります。入力されたデータ形式は、自動チェック機構が推奨する形式ではありません。  ,
411,南鹿島町5-20,,南鹿島町,,5-20,,,ERROR: address2のデータは、address1のデータから推測されるデータに一致しません。（自動チェック機構が参照するデータセットに合致しないか、表記が異なります。  ,ERROR: prefectureの列の情報がありません。元データに都道府県情報が欠落している可能性があります。入力されたデータ形式は、自動チェック機構が推奨する形式ではありません。  ,
412,南鹿島町5-20,,南鹿島町,,5-20,,,ERROR: address2のデータは、address1のデータから推測されるデータに一致しません。（自動チェック機構が参照するデータセットに合致しないか、表記が異なります。  ,ERROR: prefectureの列の情報がありません。元データに都道府県情報が欠落している可能性があります。入力されたデータ形式は、自動チェック機構が推奨する形式ではありません。  ,
413,南鹿島町7-36,,南鹿島町,,7-36,,,ERROR: address2のデータは、address1のデータから推測されるデータに一致しません。（自動チェック機構が参照するデータセットに合致しないか、表記が異なります。  ,ERROR: prefectureの列の情報がありません。元データに都道府県情報が欠落している可能性があります。入力されたデータ形式は、自動チェック機構が推奨する形式ではありません。  ,
414,南鹿島町7-36,,南鹿島町,,7-36,,,ERROR: address2のデータは、address1のデータから推測されるデータに一致しません。（自動チェック機構が参照するデータセットに合致しないか、表記が異なります。  ,ERROR: prefectureの列の情報がありません。元データに都道府県情報が欠落している可能性があります。入力されたデータ形式は、自動チェック機構が推奨する形式ではありません。  ,
415,南鹿島町8-1,,南鹿島町,,8-1,,,ERROR: address2のデータは、address1のデータから推測されるデータに一致しません。（自動チェック機構が参照するデータセットに合致しないか、表記が異なります。  ,ERROR: prefectureの列の情報がありません。元データに都道府県情報が欠落している可能性があります。入力されたデータ形式は、自動チェック機構が推奨する形式ではありません。  ,
416,南鹿島町9-15,,南鹿島町,,9-15,,,ERROR: address2のデータは、address1のデータから推測されるデータに一致しません。（自動チェック機構が参照するデータセットに合致しないか、表記が異なります。  ,ERROR: prefectureの列の情報がありません。元データに都道府県情報が欠落している可能性があります。入力されたデータ形式は、自動チェック機構が推奨する形式ではありません。  ,
417,南鹿島町9-15,,南鹿島町,,9-15,,,ERROR: address2のデータは、address1のデータから推測されるデータに一致しません。（自動チェック機構が参照するデータセットに合致しないか、表記が異なります。  ,ERROR: prefectureの列の情報がありません。元データに都道府県情報が欠落している可能性があります。入力されたデータ形式は、自動チェック機構が推奨する形式ではありません。  ,
418,南鹿島町13-9,,南鹿島町,,13-9,,,ERROR: address2のデータは、address1のデータから推測されるデータに一致しません。（自動チェック機構が参照するデータセットに合致しないか、表記が異なります。  ,ERROR: prefectureの列の情報がありません。元データに都道府県情報が欠落している可能性があります。入力されたデータ形式は、自動チェック機構が推奨する形式ではありません。  ,
419,南鹿島町2-3-1,,南鹿島町,,2-3-1,,,ERROR: address2のデータは、address1のデータから推測されるデータに一致しません。（自動チェック機構が参照するデータセットに合致しないか、表記が異なります。  ,ERROR: prefectureの列の情報がありません。元データに都道府県情報が欠落している可能性があります。入力されたデータ形式は、自動チェック機構が推奨する形式ではありません。  ,
420,南鹿島町8-1,,南鹿島町,,8-1,,,ERROR: address2のデータは、address1のデータから推測されるデータに一致しません。（自動チェック機構が参照するデータセットに合致しないか、表記が異なります。  ,ERROR: prefectureの列の情報がありません。元データに都道府県情報が欠落している可能性があります。入力されたデータ形式は、自動チェック機構が推奨する形式ではありません。  ,
421,北鹿島町1-13,,北鹿島町,,1-13,,,ERROR: address2のデータは、address1のデータから推測されるデータに一致しません。（自動チェック機構が参照するデータセットに合致しないか、表記が異なります。  ,ERROR: prefectureの列の情報がありません。元データに都道府県情報が欠落している可能性があります。入力されたデータ形式は、自動チェック機構が推奨する形式ではありません。  ,
422,北鹿島町1-13,,北鹿島町,,1-13,,,ERROR: address2のデータは、address1のデータから推測されるデータに一致しません。（自動チェック機構が参照するデータセットに合致しないか、表記が異なります。  ,ERROR: prefectureの列の情報がありません。元データに都道府県情報が欠落している可能性があります。入力されたデータ形式は、自動チェック機構が推奨する形式ではありません。  ,
423,北鹿島町1-13,,北鹿島町,,1-13,,,ERROR: address2のデータは、address1のデータから推測されるデータに一致しません。（自動チェック機構が参照するデータセットに合致しないか、表記が異なります。  ,ERROR: prefectureの列の情報がありません。元データに都道府県情報が欠落している可能性があります。入力されたデータ形式は、自動チェック機構が推奨する形式ではありません。  ,
424,北鹿島町12-3,,北鹿島町,,12-3,,,ERROR: address2のデータは、address1のデータから推測されるデータに一致しません。（自動チェック機構が参照するデータセットに合致しないか、表記が異なります。  ,ERROR: prefectureの列の情報がありません。元データに都道府県情報が欠落している可能性があります。入力されたデータ形式は、自動チェック機構が推奨する形式ではありません。  ,
425,北鹿島町2-10,,北鹿島町,,2-10,,,ERROR: address2のデータは、address1のデータから推測されるデータに一致しません。（自動チェック機構が参照するデータセットに合致しないか、表記が異なります。  ,ERROR: prefectureの列の情報がありません。元データに都道府県情報が欠落している可能性があります。入力されたデータ形式は、自動チェック機構が推奨する形式ではありません。  ,
426,北鹿島町2-10,,北鹿島町,,2-10,,,ERROR: address2のデータは、address1のデータから推測されるデータに一致しません。（自動チェック機構が参照するデータセットに合致しないか、表記が異なります。  ,ERROR: prefectureの列の情報がありません。元データに都道府県情報が欠落している可能性があります。入力されたデータ形式は、自動チェック機構が推奨する形式ではありません。  ,
427,北鹿島町2-15,,北鹿島町,,2-15,,,ERROR: address2のデータは、address1のデータから推測されるデータに一致しません。（自動チェック機構が参照するデータセットに合致しないか、表記が異なります。  ,ERROR: prefectureの列の情報がありません。元データに都道府県情報が欠落している可能性があります。入力されたデータ形式は、自動チェック機構が推奨する形式ではありません。  ,
428,北鹿島町2-15,,北鹿島町,,2-15,,,ERROR: address2のデータは、address1のデータから推測されるデータに一致しません。（自動チェック機構が参照するデータセットに合致しないか、表記が異なります。  ,ERROR: prefectureの列の情報がありません。元データに都道府県情報が欠落している可能性があります。入力されたデータ形式は、自動チェック機構が推奨する形式ではありません。  ,
429,北鹿島町2-5,,北鹿島町,,2-5,,,ERROR: address2のデータは、address1のデータから推測されるデータに一致しません。（自動チェック機構が参照するデータセットに合致しないか、表記が異なります。  ,ERROR: prefectureの列の情報がありません。元データに都道府県情報が欠落している可能性があります。入力されたデータ形式は、自動チェック機構が推奨する形式ではありません。  ,
430,北鹿島町2-5,,北鹿島町,,2-5,,,ERROR: address2のデータは、address1のデータから推測されるデータに一致しません。（自動チェック機構が参照するデータセットに合致しないか、表記が異なります。  ,ERROR: prefectureの列の情報がありません。元データに都道府県情報が欠落している可能性があります。入力されたデータ形式は、自動チェック機構が推奨する形式ではありません。  ,
431,北鹿島町2-5,,北鹿島町,,2-5,,,ERROR: address2のデータは、address1のデータから推測されるデータに一致しません。（自動チェック機構が参照するデータセットに合致しないか、表記が異なります。  ,ERROR: prefectureの列の情報がありません。元データに都道府県情報が欠落している可能性があります。入力されたデータ形式は、自動チェック機構が推奨する形式ではありません。  ,
432,北鹿島町2-5,,北鹿島町,,2-5,,,ERROR: address2のデータは、address1のデータから推測されるデータに一致しません。（自動チェック機構が参照するデータセットに合致しないか、表記が異なります。  ,ERROR: prefectureの列の情報がありません。元データに都道府県情報が欠落している可能性があります。入力されたデータ形式は、自動チェック機構が推奨する形式ではありません。  ,
433,北鹿島町3-12,,北鹿島町,,3-12,,,ERROR: address2のデータは、address1のデータから推測されるデータに一致しません。（自動チェック機構が参照するデータセットに合致しないか、表記が異なります。  ,ERROR: prefectureの列の情報がありません。元データに都道府県情報が欠落している可能性があります。入力されたデータ形式は、自動チェック機構が推奨する形式ではありません。  ,
434,北鹿島町3-12,,北鹿島町,,3-12,,,ERROR: address2のデータは、address1のデータから推測されるデータに一致しません。（自動チェック機構が参照するデータセットに合致しないか、表記が異なります。  ,ERROR: prefectureの列の情報がありません。元データに都道府県情報が欠落している可能性があります。入力されたデータ形式は、自動チェック機構が推奨する形式ではありません。  ,
435,北鹿島町3-12,,北鹿島町,,3-12,,,ERROR: address2のデータは、address1のデータから推測されるデータに一致しません。（自動チェック機構が参照するデータセットに合致しないか、表記が異なります。  ,ERROR: prefectureの列の情報がありません。元データに都道府県情報が欠落している可能性があります。入力されたデータ形式は、自動チェック機構が推奨する形式ではありません。  ,
436,北鹿島町4-6,,北鹿島町,,4-6,,,ERROR: address2のデータは、address1のデータから推測されるデータに一致しません。（自動チェック機構が参照するデータセットに合致しないか、表記が異なります。  ,ERROR: prefectureの列の情報がありません。元データに都道府県情報が欠落している可能性があります。入力されたデータ形式は、自動チェック機構が推奨する形式ではありません。  ,
437,北鹿島町4-6,,北鹿島町,,4-6,,,ERROR: address2のデータは、address1のデータから推測されるデータに一致しません。（自動チェック機構が参照するデータセットに合致しないか、表記が異なります。  ,ERROR: prefectureの列の情報がありません。元データに都道府県情報が欠落している可能性があります。入力されたデータ形式は、自動チェック機構が推奨する形式ではありません。  ,
438,本町1-1-11,,本町,,1-1-11,,,ERROR: address2のデータは、address1のデータから推測されるデータに一致しません。（自動チェック機構が参照するデータセットに合致しないか、表記が異なります。  ,ERROR: prefectureの列の情報がありません。元データに都道府県情報が欠落している可能性があります。入力されたデータ形式は、自動チェック機構が推奨する形式ではありません。  ,
439,本町1-1-11,,本町,,1-1-11,,,ERROR: address2のデータは、address1のデータから推測されるデータに一致しません。（自動チェック機構が参照するデータセットに合致しないか、表記が異なります。  ,ERROR: prefectureの列の情報がありません。元データに都道府県情報が欠落している可能性があります。入力されたデータ形式は、自動チェック機構が推奨する形式ではありません。  ,
440,本町1-1-22,,本町,,1-1-22,,,ERROR: address2のデータは、address1のデータから推測されるデータに一致しません。（自動チェック機構が参照するデータセットに合致しないか、表記が異なります。  ,ERROR: prefectureの列の情報がありません。元データに都道府県情報が欠落している可能性があります。入力されたデータ形式は、自動チェック機構が推奨する形式ではありません。  ,
441,本町1-1-22,,本町,,1-1-22,,,ERROR: address2のデータは、address1のデータから推測されるデータに一致しません。（自動チェック機構が参照するデータセットに合致しないか、表記が異なります。  ,ERROR: prefectureの列の情報がありません。元データに都道府県情報が欠落している可能性があります。入力されたデータ形式は、自動チェック機構が推奨する形式ではありません。  ,
442,本町1-1-4,,本町,,1-1-4,,,ERROR: address2のデータは、address1のデータから推測されるデータに一致しません。（自動チェック機構が参照するデータセットに合致しないか、表記が異なります。  ,ERROR: prefectureの列の情報がありません。元データに都道府県情報が欠落している可能性があります。入力されたデータ形式は、自動チェック機構が推奨する形式ではありません。  ,
443,本町1-1-4,,本町,,1-1-4,,,ERROR: address2のデータは、address1のデータから推測されるデータに一致しません。（自動チェック機構が参照するデータセットに合致しないか、表記が異なります。  ,ERROR: prefectureの列の情報がありません。元データに都道府県情報が欠落している可能性があります。入力されたデータ形式は、自動チェック機構が推奨する形式ではありません。  ,
444,本町1-5-10,,本町,,1-5-10,,,ERROR: address2のデータは、address1のデータから推測されるデータに一致しません。（自動チェック機構が参照するデータセットに合致しないか、表記が異なります。  ,ERROR: prefectureの列の情報がありません。元データに都道府県情報が欠落している可能性があります。入力されたデータ形式は、自動チェック機構が推奨する形式ではありません。  ,
445,本町2-1-1,,本町,,2-1-1,,,ERROR: address2のデータは、address1のデータから推測されるデータに一致しません。（自動チェック機構が参照するデータセットに合致しないか、表記が異なります。  ,ERROR: prefectureの列の情報がありません。元データに都道府県情報が欠落している可能性があります。入力されたデータ形式は、自動チェック機構が推奨する形式ではありません。  ,
446,本町2-1-2,,本町,,2-1-2,,,ERROR: address2のデータは、address1のデータから推測されるデータに一致しません。（自動チェック機構が参照するデータセットに合致しないか、表記が異なります。  ,ERROR: prefectureの列の情報がありません。元データに都道府県情報が欠落している可能性があります。入力されたデータ形式は、自動チェック機構が推奨する形式ではありません。  ,
447,本町2-3-1,,本町,,2-3-1,,,ERROR: address2のデータは、address1のデータから推測されるデータに一致しません。（自動チェック機構が参照するデータセットに合致しないか、表記が異なります。  ,ERROR: prefectureの列の情報がありません。元データに都道府県情報が欠落している可能性があります。入力されたデータ形式は、自動チェック機構が推奨する形式ではありません。  ,
448,本町2-3-7,,本町,,2-3-7,,,ERROR: address2のデータは、address1のデータから推測されるデータに一致しません。（自動チェック機構が参照するデータセットに合致しないか、表記が異なります。  ,ERROR: prefectureの列の情報がありません。元データに都道府県情報が欠落している可能性があります。入力されたデータ形式は、自動チェック機構が推奨する形式ではありません。  ,
449,本町2-3-7,,本町,,2-3-7,,,ERROR: address2のデータは、address1のデータから推測されるデータに一致しません。（自動チェック機構が参照するデータセットに合致しないか、表記が異なります。  ,ERROR: prefectureの列の情報がありません。元データに都道府県情報が欠落している可能性があります。入力されたデータ形式は、自動チェック機構が推奨する形式ではありません。  ,
450,本町2-3-7,,本町,,2-3-7,,,ERROR: address2のデータは、address1のデータから推測されるデータに一致しません。（自動チェック機構が参照するデータセットに合致しないか、表記が異なります。  ,ERROR: prefectureの列の情報がありません。元データに都道府県情報が欠落している可能性があります。入力されたデータ形式は、自動チェック機構が推奨する形式ではありません。  ,
451,本町2-4-18,,本町,,2-4-18,,,ERROR: address2のデータは、address1のデータから推測されるデータに一致しません。（自動チェック機構が参照するデータセットに合致しないか、表記が異なります。  ,ERROR: prefectureの列の情報がありません。元データに都道府県情報が欠落している可能性があります。入力されたデータ形式は、自動チェック機構が推奨する形式ではありません。  ,
452,本町2-5-3-205,,本町,,2-5-3,,205,ERROR: address2のデータは、address1のデータから推測されるデータに一致しません。（自動チェック機構が参照するデータセットに合致しないか、表記が異なります。  ,ERROR: prefectureの列の情報がありません。元データに都道府県情報が欠落している可能性があります。入力されたデータ形式は、自動チェック機構が推奨する形式ではありません。  ERROR: address5の建物情報の箇所に番地と思しき情報が存在します,
453,本町2-5-3-205,,本町,,2-5-3,,205,ERROR: address2のデータは、address1のデータから推測されるデータに一致しません。（自動チェック機構が参照するデータセットに合致しないか、表記が異なります。  ,ERROR: prefectureの列の情報がありません。元データに都道府県情報が欠落している可能性があります。入力されたデータ形式は、自動チェック機構が推奨する形式ではありません。  ERROR: address5の建物情報の箇所に番地と思しき情報が存在します,
454,本町2-7-11,,本町,,2-7-11,,,ERROR: address2のデータは、address1のデータから推測されるデータに一致しません。（自動チェック機構が参照するデータセットに合致しないか、表記が異なります。  ,ERROR: prefectureの列の情報がありません。元データに都道府県情報が欠落している可能性があります。入力されたデータ形式は、自動チェック機構が推奨する形式ではありません。  ,
455,本町2-9-18,,本町,,2-9-18,,,ERROR: address2のデータは、address1のデータから推測されるデータに一致しません。（自動チェック機構が参照するデータセットに合致しないか、表記が異なります。  ,ERROR: prefectureの列の情報がありません。元データに都道府県情報が欠落している可能性があります。入力されたデータ形式は、自動チェック機構が推奨する形式ではありません。  ,
456,本町3-11-1,,本町,,3-11-1,,,ERROR: address2のデータは、address1のデータから推測されるデータに一致しません。（自動チェック機構が参照するデータセットに合致しないか、表記が異なります。  ,ERROR: prefectureの列の情報がありません。元データに都道府県情報が欠落している可能性があります。入力されたデータ形式は、自動チェック機構が推奨する形式ではありません。  ,
457,本町3-11-1,,本町,,3-11-1,,,ERROR: address2のデータは、address1のデータから推測されるデータに一致しません。（自動チェック機構が参照するデータセットに合致しないか、表記が異なります。  ,ERROR: prefectureの列の情報がありません。元データに都道府県情報が欠落している可能性があります。入力されたデータ形式は、自動チェック機構が推奨する形式ではありません。  ,
458,本町3-11-4,,本町,,3-11-4,,,ERROR: address2のデータは、address1のデータから推測されるデータに一致しません。（自動チェック機構が参照するデータセットに合致しないか、表記が異なります。  ,ERROR: prefectureの列の情報がありません。元データに都道府県情報が欠落している可能性があります。入力されたデータ形式は、自動チェック機構が推奨する形式ではありません。  ,
459,本町3-11-4,,本町,,3-11-4,,,ERROR: address2のデータは、address1のデータから推測されるデータに一致しません。（自動チェック機構が参照するデータセットに合致しないか、表記が異なります。  ,ERROR: prefectureの列の情報がありません。元データに都道府県情報が欠落している可能性があります。入力されたデータ形式は、自動チェック機構が推奨する形式ではありません。  ,
460,本町3-11-5,,本町,,3-11-5,,,ERROR: address2のデータは、address1のデータから推測されるデータに一致しません。（自動チェック機構が参照するデータセットに合致しないか、表記が異なります。  ,ERROR: prefectureの列の情報がありません。元データに都道府県情報が欠落している可能性があります。入力されたデータ形式は、自動チェック機構が推奨する形式ではありません。  ,
461,本町3-11-5,,本町,,3-11-5,,,ERROR: address2のデータは、address1のデータから推測されるデータに一致しません。（自動チェック機構が参照するデータセットに合致しないか、表記が異なります。  ,ERROR: prefectureの列の情報がありません。元データに都道府県情報が欠落している可能性があります。入力されたデータ形式は、自動チェック機構が推奨する形式ではありません。  ,
462,本町3-11-6,,本町,,3-11-6,,,ERROR: address2のデータは、address1のデータから推測されるデータに一致しません。（自動チェック機構が参照するデータセットに合致しないか、表記が異なります。  ,ERROR: prefectureの列の情報がありません。元データに都道府県情報が欠落している可能性があります。入力されたデータ形式は、自動チェック機構が推奨する形式ではありません。  ,
463,本町3-11-6,,本町,,3-11-6,,,ERROR: address2のデータは、address1のデータから推測されるデータに一致しません。（自動チェック機構が参照するデータセットに合致しないか、表記が異なります。  ,ERROR: prefectureの列の情報がありません。元データに都道府県情報が欠落している可能性があります。入力されたデータ形式は、自動チェック機構が推奨する形式ではありません。  ,
464,本町3-11-7,,本町,,3-11-7,,,ERROR: address2のデータは、address1のデータから推測されるデータに一致しません。（自動チェック機構が参照するデータセットに合致しないか、表記が異なります。  ,ERROR: prefectureの列の情報がありません。元データに都道府県情報が欠落している可能性があります。入力されたデータ形式は、自動チェック機構が推奨する形式ではありません。  ,
465,本町3-12-18,,本町,,3-12-18,,,ERROR: address2のデータは、address1のデータから推測されるデータに一致しません。（自動チェック機構が参照するデータセットに合致しないか、表記が異なります。  ,ERROR: prefectureの列の情報がありません。元データに都道府県情報が欠落している可能性があります。入力されたデータ形式は、自動チェック機構が推奨する形式ではありません。  ,
466,本町3-13-2,,本町,,3-13-2,,,ERROR: address2のデータは、address1のデータから推測されるデータに一致しません。（自動チェック機構が参照するデータセットに合致しないか、表記が異なります。  ,ERROR: prefectureの列の情報がありません。元データに都道府県情報が欠落している可能性があります。入力されたデータ形式は、自動チェック機構が推奨する形式ではありません。  ,
467,本町3-13-2,,本町,,3-13-2,,,ERROR: address2のデータは、address1のデータから推測されるデータに一致しません。（自動チェック機構が参照するデータセットに合致しないか、表記が異なります。  ,ERROR: prefectureの列の情報がありません。元データに都道府県情報が欠落している可能性があります。入力されたデータ形式は、自動チェック機構が推奨する形式ではありません。  ,
468,本町3-13-6,,本町,,3-13-6,,,ERROR: address2のデータは、address1のデータから推測されるデータに一致しません。（自動チェック機構が参照するデータセットに合致しないか、表記が異なります。  ,ERROR: prefectureの列の情報がありません。元データに都道府県情報が欠落している可能性があります。入力されたデータ形式は、自動チェック機構が推奨する形式ではありません。  ,
469,本町3-13-6,,本町,,3-13-6,,,ERROR: address2のデータは、address1のデータから推測されるデータに一致しません。（自動チェック機構が参照するデータセットに合致しないか、表記が異なります。  ,ERROR: prefectureの列の情報がありません。元データに都道府県情報が欠落している可能性があります。入力されたデータ形式は、自動チェック機構が推奨する形式ではありません。  ,
470,本町3-14-10,,本町,,3-14-10,,,ERROR: address2のデータは、address1のデータから推測されるデータに一致しません。（自動チェック機構が参照するデータセットに合致しないか、表記が異なります。  ,ERROR: prefectureの列の情報がありません。元データに都道府県情報が欠落している可能性があります。入力されたデータ形式は、自動チェック機構が推奨する形式ではありません。  ,
471,本町3-14-10,,本町,,3-14-10,,,ERROR: address2のデータは、address1のデータから推測されるデータに一致しません。（自動チェック機構が参照するデータセットに合致しないか、表記が異なります。  ,ERROR: prefectureの列の情報がありません。元データに都道府県情報が欠落している可能性があります。入力されたデータ形式は、自動チェック機構が推奨する形式ではありません。  ,
472,本町3-14-11,,本町,,3-14-11,,,ERROR: address2のデータは、address1のデータから推測されるデータに一致しません。（自動チェック機構が参照するデータセットに合致しないか、表記が異なります。  ,ERROR: prefectureの列の情報がありません。元データに都道府県情報が欠落している可能性があります。入力されたデータ形式は、自動チェック機構が推奨する形式ではありません。  ,
473,本町3-14-12,,本町,,3-14-12,,,ERROR: address2のデータは、address1のデータから推測されるデータに一致しません。（自動チェック機構が参照するデータセットに合致しないか、表記が異なります。  ,ERROR: prefectureの列の情報がありません。元データに都道府県情報が欠落している可能性があります。入力されたデータ形式は、自動チェック機構が推奨する形式ではありません。  ,
474,本町3-14-12,,本町,,3-14-12,,,ERROR: address2のデータは、address1のデータから推測されるデータに一致しません。（自動チェック機構が参照するデータセットに合致しないか、表記が異なります。  ,ERROR: prefectureの列の情報がありません。元データに都道府県情報が欠落している可能性があります。入力されたデータ形式は、自動チェック機構が推奨する形式ではありません。  ,
475,本町3-14-13,,本町,,3-14-13,,,ERROR: address2のデータは、address1のデータから推測されるデータに一致しません。（自動チェック機構が参照するデータセットに合致しないか、表記が異なります。  ,ERROR: prefectureの列の情報がありません。元データに都道府県情報が欠落している可能性があります。入力されたデータ形式は、自動チェック機構が推奨する形式ではありません。  ,
476,本町3-14-14-1,,本町,,3-14-14-1,,,ERROR: address2のデータは、address1のデータから推測されるデータに一致しません。（自動チェック機構が参照するデータセットに合致しないか、表記が異なります。  ,ERROR: prefectureの列の情報がありません。元データに都道府県情報が欠落している可能性があります。入力されたデータ形式は、自動チェック機構が推奨する形式ではありません。  ,CAUTION: 番地の中に、部屋番号が含まれている可能性があります。 
477,本町3-14-17,,本町,,3-14-17,,,ERROR: address2のデータは、address1のデータから推測されるデータに一致しません。（自動チェック機構が参照するデータセットに合致しないか、表記が異なります。  ,ERROR: prefectureの列の情報がありません。元データに都道府県情報が欠落している可能性があります。入力されたデータ形式は、自動チェック機構が推奨する形式ではありません。  ,
478,本町3-14-17,,本町,,3-14-17,,,ERROR: address2のデータは、address1のデータから推測されるデータに一致しません。（自動チェック機構が参照するデータセットに合致しないか、表記が異なります。  ,ERROR: prefectureの列の情報がありません。元データに都道府県情報が欠落している可能性があります。入力されたデータ形式は、自動チェック機構が推奨する形式ではありません。  ,
479,本町3-15-3,,本町,,3-15-3,,,ERROR: address2のデータは、address1のデータから推測されるデータに一致しません。（自動チェック機構が参照するデータセットに合致しないか、表記が異なります。  ,ERROR: prefectureの列の情報がありません。元データに都道府県情報が欠落している可能性があります。入力されたデータ形式は、自動チェック機構が推奨する形式ではありません。  ,
480,本町3-1-6,,本町,,3-1-6,,,ERROR: address2のデータは、address1のデータから推測されるデータに一致しません。（自動チェック機構が参照するデータセットに合致しないか、表記が異なります。  ,ERROR: prefectureの列の情報がありません。元データに都道府県情報が欠落している可能性があります。入力されたデータ形式は、自動チェック機構が推奨する形式ではありません。  ,
481,本町3-8-29,,本町,,3-8-29,,,ERROR: address2のデータは、address1のデータから推測されるデータに一致しません。（自動チェック機構が参照するデータセットに合致しないか、表記が異なります。  ,ERROR: prefectureの列の情報がありません。元データに都道府県情報が欠落している可能性があります。入力されたデータ形式は、自動チェック機構が推奨する形式ではありません。  ,
482,本町3-9-8,,本町,,3-9-8,,,ERROR: address2のデータは、address1のデータから推測されるデータに一致しません。（自動チェック機構が参照するデータセットに合致しないか、表記が異なります。  ,ERROR: prefectureの列の情報がありません。元データに都道府県情報が欠落している可能性があります。入力されたデータ形式は、自動チェック機構が推奨する形式ではありません。  ,
483,本町3-9-8,,本町,,3-9-8,,,ERROR: address2のデータは、address1のデータから推測されるデータに一致しません。（自動チェック機構が参照するデータセットに合致しないか、表記が異なります。  ,ERROR: prefectureの列の情報がありません。元データに都道府県情報が欠落している可能性があります。入力されたデータ形式は、自動チェック機構が推奨する形式ではありません。  ,
484,本町4-1-1,,本町,,4-1-1,,,ERROR: address2のデータは、address1のデータから推測されるデータに一致しません。（自動チェック機構が参照するデータセットに合致しないか、表記が異なります。  ,ERROR: prefectureの列の情報がありません。元データに都道府県情報が欠落している可能性があります。入力されたデータ形式は、自動チェック機構が推奨する形式ではありません。  ,
485,本町4-1-1,,本町,,4-1-1,,,ERROR: address2のデータは、address1のデータから推測されるデータに一致しません。（自動チェック機構が参照するデータセットに合致しないか、表記が異なります。  ,ERROR: prefectureの列の情報がありません。元データに都道府県情報が欠落している可能性があります。入力されたデータ形式は、自動チェック機構が推奨する形式ではありません。  ,
486,本町4-1-16,,本町,,4-1-16,,,ERROR: address2のデータは、address1のデータから推測されるデータに一致しません。（自動チェック機構が参照するデータセットに合致しないか、表記が異なります。  ,ERROR: prefectureの列の情報がありません。元データに都道府県情報が欠落している可能性があります。入力されたデータ形式は、自動チェック機構が推奨する形式ではありません。  ,
487,本町4-1-2,,本町,,4-1-2,,,ERROR: address2のデータは、address1のデータから推測されるデータに一致しません。（自動チェック機構が参照するデータセットに合致しないか、表記が異なります。  ,ERROR: prefectureの列の情報がありません。元データに都道府県情報が欠落している可能性があります。入力されたデータ形式は、自動チェック機構が推奨する形式ではありません。  ,
488,本町4-1-2,,本町,,4-1-2,,,ERROR: address2のデータは、address1のデータから推測されるデータに一致しません。（自動チェック機構が参照するデータセットに合致しないか、表記が異なります。  ,ERROR: prefectureの列の情報がありません。元データに都道府県情報が欠落している可能性があります。入力されたデータ形式は、自動チェック機構が推奨する形式ではありません。  ,
489,本町4-2-3,,本町,,4-2-3,,,ERROR: address2のデータは、address1のデータから推測されるデータに一致しません。（自動チェック機構が参照するデータセットに合致しないか、表記が異なります。  ,ERROR: prefectureの列の情報がありません。元データに都道府県情報が欠落している可能性があります。入力されたデータ形式は、自動チェック機構が推奨する形式ではありません。  ,
490,本町4-2-3,,本町,,4-2-3,,,ERROR: address2のデータは、address1のデータから推測されるデータに一致しません。（自動チェック機構が参照するデータセットに合致しないか、表記が異なります。  ,ERROR: prefectureの列の情報がありません。元データに都道府県情報が欠落している可能性があります。入力されたデータ形式は、自動チェック機構が推奨する形式ではありません。  ,
491,本町4-2-8,,本町,,4-2-8,,,ERROR: address2のデータは、address1のデータから推測されるデータに一致しません。（自動チェック機構が参照するデータセットに合致しないか、表記が異なります。  ,ERROR: prefectureの列の情報がありません。元データに都道府県情報が欠落している可能性があります。入力されたデータ形式は、自動チェック機構が推奨する形式ではありません。  ,
492,本町4-2-8,,本町,,4-2-8,,,ERROR: address2のデータは、address1のデータから推測されるデータに一致しません。（自動チェック機構が参照するデータセットに合致しないか、表記が異なります。  ,ERROR: prefectureの列の情報がありません。元データに都道府県情報が欠落している可能性があります。入力されたデータ形式は、自動チェック機構が推奨する形式ではありません。  ,
493,本町4-3-19,,本町,,4-3-19,,,ERROR: address2のデータは、address1のデータから推測されるデータに一致しません。（自動チェック機構が参照するデータセットに合致しないか、表記が異なります。  ,ERROR: prefectureの列の情報がありません。元データに都道府県情報が欠落している可能性があります。入力されたデータ形式は、自動チェック機構が推奨する形式ではありません。  ,
494,本町4-3-23,,本町,,4-3-23,,,ERROR: address2のデータは、address1のデータから推測されるデータに一致しません。（自動チェック機構が参照するデータセットに合致しないか、表記が異なります。  ,ERROR: prefectureの列の情報がありません。元データに都道府県情報が欠落している可能性があります。入力されたデータ形式は、自動チェック機構が推奨する形式ではありません。  ,
495,本町4-3-23,,本町,,4-3-23,,,ERROR: address2のデータは、address1のデータから推測されるデータに一致しません。（自動チェック機構が参照するデータセットに合致しないか、表記が異なります。  ,ERROR: prefectureの列の情報がありません。元データに都道府県情報が欠落している可能性があります。入力されたデータ形式は、自動チェック機構が推奨する形式ではありません。  ,
496,本町4-5-25,,本町,,4-5-25,,,ERROR: address2のデータは、address1のデータから推測されるデータに一致しません。（自動チェック機構が参照するデータセットに合致しないか、表記が異なります。  ,ERROR: prefectureの列の情報がありません。元データに都道府県情報が欠落している可能性があります。入力されたデータ形式は、自動チェック機構が推奨する形式ではありません。  ,
497,本町4-5-25,,本町,,4-5-25,,,ERROR: address2のデータは、address1のデータから推測されるデータに一致しません。（自動チェック機構が参照するデータセットに合致しないか、表記が異なります。  ,ERROR: prefectureの列の情報がありません。元データに都道府県情報が欠落している可能性があります。入力されたデータ形式は、自動チェック機構が推奨する形式ではありません。  ,
498,本町4-5-25,,本町,,4-5-25,,,ERROR: address2のデータは、address1のデータから推測されるデータに一致しません。（自動チェック機構が参照するデータセットに合致しないか、表記が異なります。  ,ERROR: prefectureの列の情報がありません。元データに都道府県情報が欠落している可能性があります。入力されたデータ形式は、自動チェック機構が推奨する形式ではありません。  ,
499,本町4-6-1,,本町,,4-6-1,,,ERROR: address2のデータは、address1のデータから推測されるデータに一致しません。（自動チェック機構が参照するデータセットに合致しないか、表記が異なります。  ,ERROR: prefectureの列の情報がありません。元データに都道府県情報が欠落している可能性があります。入力されたデータ形式は、自動チェック機構が推奨する形式ではありません。  ,
500,本町4-7-29,,本町,,4-7-29,,,ERROR: address2のデータは、address1のデータから推測されるデータに一致しません。（自動チェック機構が参照するデータセットに合致しないか、表記が異なります。  ,ERROR: prefectureの列の情報がありません。元データに都道府県情報が欠落している可能性があります。入力されたデータ形式は、自動チェック機構が推奨する形式ではありません。  ,
501,北山町1-15,,北山町,,1-15,,,ERROR: address2のデータは、address1のデータから推測されるデータに一致しません。（自動チェック機構が参照するデータセットに合致しないか、表記が異なります。  ,ERROR: prefectureの列の情報がありません。元データに都道府県情報が欠落している可能性があります。入力されたデータ形式は、自動チェック機構が推奨する形式ではありません。  ,
502,北山町1-15,,北山町,,1-15,,,ERROR: address2のデータは、address1のデータから推測されるデータに一致しません。（自動チェック機構が参照するデータセットに合致しないか、表記が異なります。  ,ERROR: prefectureの列の情報がありません。元データに都道府県情報が欠落している可能性があります。入力されたデータ形式は、自動チェック機構が推奨する形式ではありません。  ,
503,北山町1-16,,北山町,,1-16,,,ERROR: address2のデータは、address1のデータから推測されるデータに一致しません。（自動チェック機構が参照するデータセットに合致しないか、表記が異なります。  ,ERROR: prefectureの列の情報がありません。元データに都道府県情報が欠落している可能性があります。入力されたデータ形式は、自動チェック機構が推奨する形式ではありません。  ,
504,北山町1-16,,北山町,,1-16,,,ERROR: address2のデータは、address1のデータから推測されるデータに一致しません。（自動チェック機構が参照するデータセットに合致しないか、表記が異なります。  ,ERROR: prefectureの列の情報がありません。元データに都道府県情報が欠落している可能性があります。入力されたデータ形式は、自動チェック機構が推奨する形式ではありません。  ,
505,北山町1-16,,北山町,,1-16,,,ERROR: address2のデータは、address1のデータから推測されるデータに一致しません。（自動チェック機構が参照するデータセットに合致しないか、表記が異なります。  ,ERROR: prefectureの列の情報がありません。元データに都道府県情報が欠落している可能性があります。入力されたデータ形式は、自動チェック機構が推奨する形式ではありません。  ,
506,北山町1-17,,北山町,,1-17,,,ERROR: address2のデータは、address1のデータから推測されるデータに一致しません。（自動チェック機構が参照するデータセットに合致しないか、表記が異なります。  ,ERROR: prefectureの列の情報がありません。元データに都道府県情報が欠落している可能性があります。入力されたデータ形式は、自動チェック機構が推奨する形式ではありません。  ,
507,北山町1-17,,北山町,,1-17,,,ERROR: address2のデータは、address1のデータから推測されるデータに一致しません。（自動チェック機構が参照するデータセットに合致しないか、表記が異なります。  ,ERROR: prefectureの列の情報がありません。元データに都道府県情報が欠落している可能性があります。入力されたデータ形式は、自動チェック機構が推奨する形式ではありません。  ,
508,北山町1-18,,北山町,,1-18,,,ERROR: address2のデータは、address1のデータから推測されるデータに一致しません。（自動チェック機構が参照するデータセットに合致しないか、表記が異なります。  ,ERROR: prefectureの列の情報がありません。元データに都道府県情報が欠落している可能性があります。入力されたデータ形式は、自動チェック機構が推奨する形式ではありません。  ,
509,北山町1-18,,北山町,,1-18,,,ERROR: address2のデータは、address1のデータから推測されるデータに一致しません。（自動チェック機構が参照するデータセットに合致しないか、表記が異なります。  ,ERROR: prefectureの列の情報がありません。元データに都道府県情報が欠落している可能性があります。入力されたデータ形式は、自動チェック機構が推奨する形式ではありません。  ,
510,北山町1-20,,北山町,,1-20,,,ERROR: address2のデータは、address1のデータから推測されるデータに一致しません。（自動チェック機構が参照するデータセットに合致しないか、表記が異なります。  ,ERROR: prefectureの列の情報がありません。元データに都道府県情報が欠落している可能性があります。入力されたデータ形式は、自動チェック機構が推奨する形式ではありません。  ,
511,北山町1-20,,北山町,,1-20,,,ERROR: address2のデータは、address1のデータから推測されるデータに一致しません。（自動チェック機構が参照するデータセットに合致しないか、表記が異なります。  ,ERROR: prefectureの列の情報がありません。元データに都道府県情報が欠落している可能性があります。入力されたデータ形式は、自動チェック機構が推奨する形式ではありません。  ,
512,北山町1-20,,北山町,,1-20,,,ERROR: address2のデータは、address1のデータから推測されるデータに一致しません。（自動チェック機構が参照するデータセットに合致しないか、表記が異なります。  ,ERROR: prefectureの列の情報がありません。元データに都道府県情報が欠落している可能性があります。入力されたデータ形式は、自動チェック機構が推奨する形式ではありません。  ,
513,北山町1-34,,北山町,,1-34,,,ERROR: address2のデータは、address1のデータから推測されるデータに一致しません。（自動チェック機構が参照するデータセットに合致しないか、表記が異なります。  ,ERROR: prefectureの列の情報がありません。元データに都道府県情報が欠落している可能性があります。入力されたデータ形式は、自動チェック機構が推奨する形式ではありません。  ,
514,北山町1-41,,北山町,,1-41,,,ERROR: address2のデータは、address1のデータから推測されるデータに一致しません。（自動チェック機構が参照するデータセットに合致しないか、表記が異なります。  ,ERROR: prefectureの列の情報がありません。元データに都道府県情報が欠落している可能性があります。入力されたデータ形式は、自動チェック機構が推奨する形式ではありません。  ,
515,北山町2-1,,北山町,,2-1,,,ERROR: address2のデータは、address1のデータから推測されるデータに一致しません。（自動チェック機構が参照するデータセットに合致しないか、表記が異なります。  ,ERROR: prefectureの列の情報がありません。元データに都道府県情報が欠落している可能性があります。入力されたデータ形式は、自動チェック機構が推奨する形式ではありません。  ,
516,北山町2-21,,北山町,,2-21,,,ERROR: address2のデータは、address1のデータから推測されるデータに一致しません。（自動チェック機構が参照するデータセットに合致しないか、表記が異なります。  ,ERROR: prefectureの列の情報がありません。元データに都道府県情報が欠落している可能性があります。入力されたデータ形式は、自動チェック機構が推奨する形式ではありません。  ,
517,北山町2-22,,北山町,,2-22,,,ERROR: address2のデータは、address1のデータから推測されるデータに一致しません。（自動チェック機構が参照するデータセットに合致しないか、表記が異なります。  ,ERROR: prefectureの列の情報がありません。元データに都道府県情報が欠落している可能性があります。入力されたデータ形式は、自動チェック機構が推奨する形式ではありません。  ,
518,北山町2-22,,北山町,,2-22,,,ERROR: address2のデータは、address1のデータから推測されるデータに一致しません。（自動チェック機構が参照するデータセットに合致しないか、表記が異なります。  ,ERROR: prefectureの列の情報がありません。元データに都道府県情報が欠落している可能性があります。入力されたデータ形式は、自動チェック機構が推奨する形式ではありません。  ,
519,北山町2-27,,北山町,,2-27,,,ERROR: address2のデータは、address1のデータから推測されるデータに一致しません。（自動チェック機構が参照するデータセットに合致しないか、表記が異なります。  ,ERROR: prefectureの列の情報がありません。元データに都道府県情報が欠落している可能性があります。入力されたデータ形式は、自動チェック機構が推奨する形式ではありません。  ,
520,北山町2-30,,北山町,,2-30,,,ERROR: address2のデータは、address1のデータから推測されるデータに一致しません。（自動チェック機構が参照するデータセットに合致しないか、表記が異なります。  ,ERROR: prefectureの列の情報がありません。元データに都道府県情報が欠落している可能性があります。入力されたデータ形式は、自動チェック機構が推奨する形式ではありません。  ,
521,北山町2-30,,北山町,,2-30,,,ERROR: address2のデータは、address1のデータから推測されるデータに一致しません。（自動チェック機構が参照するデータセットに合致しないか、表記が異なります。  ,ERROR: prefectureの列の情報がありません。元データに都道府県情報が欠落している可能性があります。入力されたデータ形式は、自動チェック機構が推奨する形式ではありません。  ,
522,北山町3-1,,北山町,,3-1,,,ERROR: address2のデータは、address1のデータから推測されるデータに一致しません。（自動チェック機構が参照するデータセットに合致しないか、表記が異なります。  ,ERROR: prefectureの列の情報がありません。元データに都道府県情報が欠落している可能性があります。入力されたデータ形式は、自動チェック機構が推奨する形式ではありません。  ,
523,北山町3-1,,北山町,,3-1,,,ERROR: address2のデータは、address1のデータから推測されるデータに一致しません。（自動チェック機構が参照するデータセットに合致しないか、表記が異なります。  ,ERROR: prefectureの列の情報がありません。元データに都道府県情報が欠落している可能性があります。入力されたデータ形式は、自動チェック機構が推奨する形式ではありません。  ,
524,北山町3-1,,北山町,,3-1,,,ERROR: address2のデータは、address1のデータから推測されるデータに一致しません。（自動チェック機構が参照するデータセットに合致しないか、表記が異なります。  ,ERROR: prefectureの列の情報がありません。元データに都道府県情報が欠落している可能性があります。入力されたデータ形式は、自動チェック機構が推奨する形式ではありません。  ,
525,北山町4-11,,北山町,,4-11,,,ERROR: address2のデータは、address1のデータから推測されるデータに一致しません。（自動チェック機構が参照するデータセットに合致しないか、表記が異なります。  ,ERROR: prefectureの列の情報がありません。元データに都道府県情報が欠落している可能性があります。入力されたデータ形式は、自動チェック機構が推奨する形式ではありません。  ,
526,北山町5-20-2,,北山町,,5-20-2,,,ERROR: address2のデータは、address1のデータから推測されるデータに一致しません。（自動チェック機構が参照するデータセットに合致しないか、表記が異なります。  ,ERROR: prefectureの列の情報がありません。元データに都道府県情報が欠落している可能性があります。入力されたデータ形式は、自動チェック機構が推奨する形式ではありません。  ,
527,北山町5-36-6,,北山町,,5-36-6,,,ERROR: address2のデータは、address1のデータから推測されるデータに一致しません。（自動チェック機構が参照するデータセットに合致しないか、表記が異なります。  ,ERROR: prefectureの列の情報がありません。元データに都道府県情報が欠落している可能性があります。入力されたデータ形式は、自動チェック機構が推奨する形式ではありません。  ,
528,北山町5-36-6,,北山町,,5-36-6,,,ERROR: address2のデータは、address1のデータから推測されるデータに一致しません。（自動チェック機構が参照するデータセットに合致しないか、表記が異なります。  ,ERROR: prefectureの列の情報がありません。元データに都道府県情報が欠落している可能性があります。入力されたデータ形式は、自動チェック機構が推奨する形式ではありません。  ,
529,北山町7-13,,北山町,,7-13,,,ERROR: address2のデータは、address1のデータから推測されるデータに一致しません。（自動チェック機構が参照するデータセットに合致しないか、表記が異なります。  ,ERROR: prefectureの列の情報がありません。元データに都道府県情報が欠落している可能性があります。入力されたデータ形式は、自動チェック機構が推奨する形式ではありません。  ,
530,北山町7-13,,北山町,,7-13,,,ERROR: address2のデータは、address1のデータから推測されるデータに一致しません。（自動チェック機構が参照するデータセットに合致しないか、表記が異なります。  ,ERROR: prefectureの列の情報がありません。元データに都道府県情報が欠落している可能性があります。入力されたデータ形式は、自動チェック機構が推奨する形式ではありません。  ,
531,北山町7-13,,北山町,,7-13,,,ERROR: address2のデータは、address1のデータから推測されるデータに一致しません。（自動チェック機構が参照するデータセットに合致しないか、表記が異なります。  ,ERROR: prefectureの列の情報がありません。元データに都道府県情報が欠落している可能性があります。入力されたデータ形式は、自動チェック機構が推奨する形式ではありません。  ,
532,北町2-10,,北町,,2-10,,,ERROR: address2のデータは、address1のデータから推測されるデータに一致しません。（自動チェック機構が参照するデータセットに合致しないか、表記が異なります。  ,ERROR: prefectureの列の情報がありません。元データに都道府県情報が欠落している可能性があります。入力されたデータ形式は、自動チェック機構が推奨する形式ではありません。  ,
533,北町2-11,,北町,,2-11,,,ERROR: address2のデータは、address1のデータから推測されるデータに一致しません。（自動チェック機構が参照するデータセットに合致しないか、表記が異なります。  ,ERROR: prefectureの列の情報がありません。元データに都道府県情報が欠落している可能性があります。入力されたデータ形式は、自動チェック機構が推奨する形式ではありません。  ,
534,北町2-11,,北町,,2-11,,,ERROR: address2のデータは、address1のデータから推測されるデータに一致しません。（自動チェック機構が参照するデータセットに合致しないか、表記が異なります。  ,ERROR: prefectureの列の情報がありません。元データに都道府県情報が欠落している可能性があります。入力されたデータ形式は、自動チェック機構が推奨する形式ではありません。  ,
535,北町2-11-2,,北町,,2-11-2,,,ERROR: address2のデータは、address1のデータから推測されるデータに一致しません。（自動チェック機構が参照するデータセットに合致しないか、表記が異なります。  ,ERROR: prefectureの列の情報がありません。元データに都道府県情報が欠落している可能性があります。入力されたデータ形式は、自動チェック機構が推奨する形式ではありません。  ,
536,北町2-11-2,,北町,,2-11-2,,,ERROR: address2のデータは、address1のデータから推測されるデータに一致しません。（自動チェック機構が参照するデータセットに合致しないか、表記が異なります。  ,ERROR: prefectureの列の情報がありません。元データに都道府県情報が欠落している可能性があります。入力されたデータ形式は、自動チェック機構が推奨する形式ではありません。  ,
537,北町2-25,,北町,,2-25,,,ERROR: address2のデータは、address1のデータから推測されるデータに一致しません。（自動チェック機構が参照するデータセットに合致しないか、表記が異なります。  ,ERROR: prefectureの列の情報がありません。元データに都道府県情報が欠落している可能性があります。入力されたデータ形式は、自動チェック機構が推奨する形式ではありません。  ,
538,北町2-6,,北町,,2-6,,,ERROR: address2のデータは、address1のデータから推測されるデータに一致しません。（自動チェック機構が参照するデータセットに合致しないか、表記が異なります。  ,ERROR: prefectureの列の情報がありません。元データに都道府県情報が欠落している可能性があります。入力されたデータ形式は、自動チェック機構が推奨する形式ではありません。  ,
539,北町2-6,,北町,,2-6,,,ERROR: address2のデータは、address1のデータから推測されるデータに一致しません。（自動チェック機構が参照するデータセットに合致しないか、表記が異なります。  ,ERROR: prefectureの列の情報がありません。元データに都道府県情報が欠落している可能性があります。入力されたデータ形式は、自動チェック機構が推奨する形式ではありません。  ,
540,北町2-6,,北町,,2-6,,,ERROR: address2のデータは、address1のデータから推測されるデータに一致しません。（自動チェック機構が参照するデータセットに合致しないか、表記が異なります。  ,ERROR: prefectureの列の情報がありません。元データに都道府県情報が欠落している可能性があります。入力されたデータ形式は、自動チェック機構が推奨する形式ではありません。  ,
541,北町3-11,,北町,,3-11,,,ERROR: address2のデータは、address1のデータから推測されるデータに一致しません。（自動チェック機構が参照するデータセットに合致しないか、表記が異なります。  ,ERROR: prefectureの列の情報がありません。元データに都道府県情報が欠落している可能性があります。入力されたデータ形式は、自動チェック機構が推奨する形式ではありません。  ,
542,北町3-11,,北町,,3-11,,,ERROR: address2のデータは、address1のデータから推測されるデータに一致しません。（自動チェック機構が参照するデータセットに合致しないか、表記が異なります。  ,ERROR: prefectureの列の情報がありません。元データに都道府県情報が欠落している可能性があります。入力されたデータ形式は、自動チェック機構が推奨する形式ではありません。  ,
543,北町3-27,,北町,,3-27,,,ERROR: address2のデータは、address1のデータから推測されるデータに一致しません。（自動チェック機構が参照するデータセットに合致しないか、表記が異なります。  ,ERROR: prefectureの列の情報がありません。元データに都道府県情報が欠落している可能性があります。入力されたデータ形式は、自動チェック機構が推奨する形式ではありません。  ,
544,北町3-45,,北町,,3-45,,,ERROR: address2のデータは、address1のデータから推測されるデータに一致しません。（自動チェック機構が参照するデータセットに合致しないか、表記が異なります。  ,ERROR: prefectureの列の情報がありません。元データに都道府県情報が欠落している可能性があります。入力されたデータ形式は、自動チェック機構が推奨する形式ではありません。  ,
545,北町3-62-1,,北町,,3-62-1,,,ERROR: address2のデータは、address1のデータから推測されるデータに一致しません。（自動チェック機構が参照するデータセットに合致しないか、表記が異なります。  ,ERROR: prefectureの列の情報がありません。元データに都道府県情報が欠落している可能性があります。入力されたデータ形式は、自動チェック機構が推奨する形式ではありません。  ,
546,北町3-62-1,,北町,,3-62-1,,,ERROR: address2のデータは、address1のデータから推測されるデータに一致しません。（自動チェック機構が参照するデータセットに合致しないか、表記が異なります。  ,ERROR: prefectureの列の情報がありません。元データに都道府県情報が欠落している可能性があります。入力されたデータ形式は、自動チェック機構が推奨する形式ではありません。  ,
547,北町3-7-13,,北町,,3-7-13,,,ERROR: address2のデータは、address1のデータから推測されるデータに一致しません。（自動チェック機構が参照するデータセットに合致しないか、表記が異なります。  ,ERROR: prefectureの列の情報がありません。元データに都道府県情報が欠落している可能性があります。入力されたデータ形式は、自動チェック機構が推奨する形式ではありません。  ,
548,北町3-7-13,,北町,,3-7-13,,,ERROR: address2のデータは、address1のデータから推測されるデータに一致しません。（自動チェック機構が参照するデータセットに合致しないか、表記が異なります。  ,ERROR: prefectureの列の情報がありません。元データに都道府県情報が欠落している可能性があります。入力されたデータ形式は、自動チェック機構が推奨する形式ではありません。  ,
549,北町3-7-2,,北町,,3-7-2,,,ERROR: address2のデータは、address1のデータから推測されるデータに一致しません。（自動チェック機構が参照するデータセットに合致しないか、表記が異なります。  ,ERROR: prefectureの列の情報がありません。元データに都道府県情報が欠落している可能性があります。入力されたデータ形式は、自動チェック機構が推奨する形式ではありません。  ,
550,北町3-7-9,,北町,,3-7-9,,,ERROR: address2のデータは、address1のデータから推測されるデータに一致しません。（自動チェック機構が参照するデータセットに合致しないか、表記が異なります。  ,ERROR: prefectureの列の情報がありません。元データに都道府県情報が欠落している可能性があります。入力されたデータ形式は、自動チェック機構が推奨する形式ではありません。  ,
551,北町4-17,,北町,,4-17,,,ERROR: address2のデータは、address1のデータから推測されるデータに一致しません。（自動チェック機構が参照するデータセットに合致しないか、表記が異なります。  ,ERROR: prefectureの列の情報がありません。元データに都道府県情報が欠落している可能性があります。入力されたデータ形式は、自動チェック機構が推奨する形式ではありません。  ,
552,北町4-17,,北町,,4-17,,,ERROR: address2のデータは、address1のデータから推測されるデータに一致しません。（自動チェック機構が参照するデータセットに合致しないか、表記が異なります。  ,ERROR: prefectureの列の情報がありません。元データに都道府県情報が欠落している可能性があります。入力されたデータ形式は、自動チェック機構が推奨する形式ではありません。  ,
553,北町4-17,,北町,,4-17,,,ERROR: address2のデータは、address1のデータから推測されるデータに一致しません。（自動チェック機構が参照するデータセットに合致しないか、表記が異なります。  ,ERROR: prefectureの列の情報がありません。元データに都道府県情報が欠落している可能性があります。入力されたデータ形式は、自動チェック機構が推奨する形式ではありません。  ,
554,北町6-21,,北町,,6-21,,,ERROR: address2のデータは、address1のデータから推測されるデータに一致しません。（自動チェック機構が参照するデータセットに合致しないか、表記が異なります。  ,ERROR: prefectureの列の情報がありません。元データに都道府県情報が欠落している可能性があります。入力されたデータ形式は、自動チェック機構が推奨する形式ではありません。  ,
555,北町6-21,,北町,,6-21,,,ERROR: address2のデータは、address1のデータから推測されるデータに一致しません。（自動チェック機構が参照するデータセットに合致しないか、表記が異なります。  ,ERROR: prefectureの列の情報がありません。元データに都道府県情報が欠落している可能性があります。入力されたデータ形式は、自動チェック機構が推奨する形式ではありません。  ,
556,北町7-19 202 フラットカミーリア2号,,北町,,7-19-202,フラットカミーリア,2号,ERROR: address2のデータは、address1のデータから推測されるデータに一致しません。（自動チェック機構が参照するデータセットに合致しないか、表記が異なります。  ,ERROR: prefectureの列の情報がありません。元データに都道府県情報が欠落している可能性があります。入力されたデータ形式は、自動チェック機構が推奨する形式ではありません。  ERROR: address5の建物情報の箇所に番地と思しき情報が存在します,
557,北町7-19 202 フラットカミーリア2号,,北町,,7-19-202,フラットカミーリア,2号,ERROR: address2のデータは、address1のデータから推測されるデータに一致しません。（自動チェック機構が参照するデータセットに合致しないか、表記が異なります。  ,ERROR: prefectureの列の情報がありません。元データに都道府県情報が欠落している可能性があります。入力されたデータ形式は、自動チェック機構が推奨する形式ではありません。  ERROR: address5の建物情報の箇所に番地と思しき情報が存在します,
558,北町7-28-13,,北町,,7-28-13,,,ERROR: address2のデータは、address1のデータから推測されるデータに一致しません。（自動チェック機構が参照するデータセットに合致しないか、表記が異なります。  ,ERROR: prefectureの列の情報がありません。元データに都道府県情報が欠落している可能性があります。入力されたデータ形式は、自動チェック機構が推奨する形式ではありません。  ,
559,北町7-28-13,,北町,,7-28-13,,,ERROR: address2のデータは、address1のデータから推測されるデータに一致しません。（自動チェック機構が参照するデータセットに合致しないか、表記が異なります。  ,ERROR: prefectureの列の情報がありません。元データに都道府県情報が欠落している可能性があります。入力されたデータ形式は、自動チェック機構が推奨する形式ではありません。  ,
560,北町8-28-12,,北町,,8-28-12,,,ERROR: address2のデータは、address1のデータから推測されるデータに一致しません。（自動チェック機構が参照するデータセットに合致しないか、表記が異なります。  ,ERROR: prefectureの列の情報がありません。元データに都道府県情報が欠落している可能性があります。入力されたデータ形式は、自動チェック機構が推奨する形式ではありません。  ,
561,北町8-28-12,,北町,,8-28-12,,,ERROR: address2のデータは、address1のデータから推測されるデータに一致しません。（自動チェック機構が参照するデータセットに合致しないか、表記が異なります。  ,ERROR: prefectureの列の情報がありません。元データに都道府県情報が欠落している可能性があります。入力されたデータ形式は、自動チェック機構が推奨する形式ではありません。  ,
562,北町9-40,,北町,,9-40,,,ERROR: address2のデータは、address1のデータから推測されるデータに一致しません。（自動チェック機構が参照するデータセットに合致しないか、表記が異なります。  ,ERROR: prefectureの列の情報がありません。元データに都道府県情報が欠落している可能性があります。入力されたデータ形式は、自動チェック機構が推奨する形式ではありません。  ,
563,北町6-21,,北町,,6-21,,,ERROR: address2のデータは、address1のデータから推測されるデータに一致しません。（自動チェック機構が参照するデータセットに合致しないか、表記が異なります。  ,ERROR: prefectureの列の情報がありません。元データに都道府県情報が欠落している可能性があります。入力されたデータ形式は、自動チェック機構が推奨する形式ではありません。  ,
564,北町7-28-2,,北町,,7-28-2,,,ERROR: address2のデータは、address1のデータから推測されるデータに一致しません。（自動チェック機構が参照するデータセットに合致しないか、表記が異なります。  ,ERROR: prefectureの列の情報がありません。元データに都道府県情報が欠落している可能性があります。入力されたデータ形式は、自動チェック機構が推奨する形式ではありません。  ,
565,高塚町12-30-10,,高塚町,,12-30-10,,,ERROR: address2のデータは、address1のデータから推測されるデータに一致しません。（自動チェック機構が参照するデータセットに合致しないか、表記が異なります。  ,ERROR: prefectureの列の情報がありません。元データに都道府県情報が欠落している可能性があります。入力されたデータ形式は、自動チェック機構が推奨する形式ではありません。  ,
566,高塚町14-10,,高塚町,,14-10,,,ERROR: address2のデータは、address1のデータから推測されるデータに一致しません。（自動チェック機構が参照するデータセットに合致しないか、表記が異なります。  ,ERROR: prefectureの列の情報がありません。元データに都道府県情報が欠落している可能性があります。入力されたデータ形式は、自動チェック機構が推奨する形式ではありません。  ,
567,高塚町14-10,,高塚町,,14-10,,,ERROR: address2のデータは、address1のデータから推測されるデータに一致しません。（自動チェック機構が参照するデータセットに合致しないか、表記が異なります。  ,ERROR: prefectureの列の情報がありません。元データに都道府県情報が欠落している可能性があります。入力されたデータ形式は、自動チェック機構が推奨する形式ではありません。  ,
568,高塚町17-9,,高塚町,,17-9,,,ERROR: address2のデータは、address1のデータから推測されるデータに一致しません。（自動チェック機構が参照するデータセットに合致しないか、表記が異なります。  ,ERROR: prefectureの列の情報がありません。元データに都道府県情報が欠落している可能性があります。入力されたデータ形式は、自動チェック機構が推奨する形式ではありません。  ,
569,高塚町17-9,,高塚町,,17-9,,,ERROR: address2のデータは、address1のデータから推測されるデータに一致しません。（自動チェック機構が参照するデータセットに合致しないか、表記が異なります。  ,ERROR: prefectureの列の情報がありません。元データに都道府県情報が欠落している可能性があります。入力されたデータ形式は、自動チェック機構が推奨する形式ではありません。  ,
570,高塚町18-4,,高塚町,,18-4,,,ERROR: address2のデータは、address1のデータから推測されるデータに一致しません。（自動チェック機構が参照するデータセットに合致しないか、表記が異なります。  ,ERROR: prefectureの列の情報がありません。元データに都道府県情報が欠落している可能性があります。入力されたデータ形式は、自動チェック機構が推奨する形式ではありません。  ,
571,高塚町2-7,,高塚町,,2-7,,,ERROR: address2のデータは、address1のデータから推測されるデータに一致しません。（自動チェック機構が参照するデータセットに合致しないか、表記が異なります。  ,ERROR: prefectureの列の情報がありません。元データに都道府県情報が欠落している可能性があります。入力されたデータ形式は、自動チェック機構が推奨する形式ではありません。  ,
572,高塚町4-36,,高塚町,,4-36,,,ERROR: address2のデータは、address1のデータから推測されるデータに一致しません。（自動チェック機構が参照するデータセットに合致しないか、表記が異なります。  ,ERROR: prefectureの列の情報がありません。元データに都道府県情報が欠落している可能性があります。入力されたデータ形式は、自動チェック機構が推奨する形式ではありません。  ,
573,高塚町5-8-5,,高塚町,,5-8-5,,,ERROR: address2のデータは、address1のデータから推測されるデータに一致しません。（自動チェック機構が参照するデータセットに合致しないか、表記が異なります。  ,ERROR: prefectureの列の情報がありません。元データに都道府県情報が欠落している可能性があります。入力されたデータ形式は、自動チェック機構が推奨する形式ではありません。  ,
574,高塚町7-8,,高塚町,,7-8,,,ERROR: address2のデータは、address1のデータから推測されるデータに一致しません。（自動チェック機構が参照するデータセットに合致しないか、表記が異なります。  ,ERROR: prefectureの列の情報がありません。元データに都道府県情報が欠落している可能性があります。入力されたデータ形式は、自動チェック機構が推奨する形式ではありません。  ,
575,高塚町7-8,,高塚町,,7-8,,,ERROR: address2のデータは、address1のデータから推測されるデータに一致しません。（自動チェック機構が参照するデータセットに合致しないか、表記が異なります。  ,ERROR: prefectureの列の情報がありません。元データに都道府県情報が欠落している可能性があります。入力されたデータ形式は、自動チェック機構が推奨する形式ではありません。  ,
576,江ケ室1-1-19,,,江ケ室,1-1-19,,,,ERROR: prefectureの列の情報がありません。元データに都道府県情報が欠落している可能性があります。入力されたデータ形式は、自動チェック機構が推奨する形式ではありません。  ERROR: address1の列の情報がありません。市区町村以降の自動チェック機構はこの行には働きません。  ,
577,江ケ室1-2-25,,,江ケ室,1-2-25,,,,ERROR: prefectureの列の情報がありません。元データに都道府県情報が欠落している可能性があります。入力されたデータ形式は、自動チェック機構が推奨する形式ではありません。  ERROR: address1の列の情報がありません。市区町村以降の自動チェック機構はこの行には働きません。  ,
578,江ケ室1-2-25,,,江ケ室,1-2-25,,,,ERROR: prefectureの列の情報がありません。元データに都道府県情報が欠落している可能性があります。入力されたデータ形式は、自動チェック機構が推奨する形式ではありません。  ERROR: address1の列の情報がありません。市区町村以降の自動チェック機構はこの行には働きません。  ,
579,江ケ室1-3-13,,,江ケ室,1-3-13,,,,ERROR: prefectureの列の情報がありません。元データに都道府県情報が欠落している可能性があります。入力されたデータ形式は、自動チェック機構が推奨する形式ではありません。  ERROR: address1の列の情報がありません。市区町村以降の自動チェック機構はこの行には働きません。  ,
580,江ケ室1-3-13,,,江ケ室,1-3-13,,,,ERROR: prefectureの列の情報がありません。元データに都道府県情報が欠落している可能性があります。入力されたデータ形式は、自動チェック機構が推奨する形式ではありません。  ERROR: address1の列の情報がありません。市区町村以降の自動チェック機構はこの行には働きません。  ,
581,江ケ室1-3-13,,,江ケ室,1-3-13,,,,ERROR: prefectureの列の情報がありません。元データに都道府県情報が欠落している可能性があります。入力されたデータ形式は、自動チェック機構が推奨する形式ではありません。  ERROR: address1の列の情報がありません。市区町村以降の自動チェック機構はこの行には働きません。  ,
582,江ケ室1-3-13,,,江ケ室,1-3-13,,,,ERROR: prefectureの列の情報がありません。元データに都道府県情報が欠落している可能性があります。入力されたデータ形式は、自動チェック機構が推奨する形式ではありません。  ERROR: address1の列の情報がありません。市区町村以降の自動チェック機構はこの行には働きません。  ,
583,江ケ室1-3-13,,,江ケ室,1-3-13,,,,ERROR: prefectureの列の情報がありません。元データに都道府県情報が欠落している可能性があります。入力されたデータ形式は、自動チェック機構が推奨する形式ではありません。  ERROR: address1の列の情報がありません。市区町村以降の自動チェック機構はこの行には働きません。  ,
584,江ケ室1-3-22,,,江ケ室,1-3-22,,,,ERROR: prefectureの列の情報がありません。元データに都道府県情報が欠落している可能性があります。入力されたデータ形式は、自動チェック機構が推奨する形式ではありません。  ERROR: address1の列の情報がありません。市区町村以降の自動チェック機構はこの行には働きません。  ,
585,江ケ室1-3-22,,,江ケ室,1-3-22,,,,ERROR: prefectureの列の情報がありません。元データに都道府県情報が欠落している可能性があります。入力されたデータ形式は、自動チェック機構が推奨する形式ではありません。  ERROR: address1の列の情報がありません。市区町村以降の自動チェック機構はこの行には働きません。  ,
586,江ケ室1-3-5,,,江ケ室,1-3-5,,,,ERROR: prefectureの列の情報がありません。元データに都道府県情報が欠落している可能性があります。入力されたデータ形式は、自動チェック機構が推奨する形式ではありません。  ERROR: address1の列の情報がありません。市区町村以降の自動チェック機構はこの行には働きません。  ,
587,江ケ室1-3-5,,,江ケ室,1-3-5,,,,ERROR: prefectureの列の情報がありません。元データに都道府県情報が欠落している可能性があります。入力されたデータ形式は、自動チェック機構が推奨する形式ではありません。  ERROR: address1の列の情報がありません。市区町村以降の自動チェック機構はこの行には働きません。  ,
588,江ケ室1-3-5,,,江ケ室,1-3-5,,,,ERROR: prefectureの列の情報がありません。元データに都道府県情報が欠落している可能性があります。入力されたデータ形式は、自動チェック機構が推奨する形式ではありません。  ERROR: address1の列の情報がありません。市区町村以降の自動チェック機構はこの行には働きません。  ,
589,江ヶ室2-1-11,,,江ヶ室,2-1-11,,,,ERROR: prefectureの列の情報がありません。元データに都道府県情報が欠落している可能性があります。入力されたデータ形式は、自動チェック機構が推奨する形式ではありません。  ERROR: address1の列の情報がありません。市区町村以降の自動チェック機構はこの行には働きません。  ,
590,江ヶ室2-1-11,,,江ヶ室,2-1-11,,,,ERROR: prefectureの列の情報がありません。元データに都道府県情報が欠落している可能性があります。入力されたデータ形式は、自動チェック機構が推奨する形式ではありません。  ERROR: address1の列の情報がありません。市区町村以降の自動チェック機構はこの行には働きません。  ,
591,江ケ室2-1-4,,,江ケ室,2-1-4,,,,ERROR: prefectureの列の情報がありません。元データに都道府県情報が欠落している可能性があります。入力されたデータ形式は、自動チェック機構が推奨する形式ではありません。  ERROR: address1の列の情報がありません。市区町村以降の自動チェック機構はこの行には働きません。  ,
592,江ケ室2-1-4,,,江ケ室,2-1-4,,,,ERROR: prefectureの列の情報がありません。元データに都道府県情報が欠落している可能性があります。入力されたデータ形式は、自動チェック機構が推奨する形式ではありません。  ERROR: address1の列の情報がありません。市区町村以降の自動チェック機構はこの行には働きません。  ,
593,江ケ室2-4-37,,,江ケ室,2-4-37,,,,ERROR: prefectureの列の情報がありません。元データに都道府県情報が欠落している可能性があります。入力されたデータ形式は、自動チェック機構が推奨する形式ではありません。  ERROR: address1の列の情報がありません。市区町村以降の自動チェック機構はこの行には働きません。  ,
594,江ケ室2-5-31,,,江ケ室,2-5-31,,,,ERROR: prefectureの列の情報がありません。元データに都道府県情報が欠落している可能性があります。入力されたデータ形式は、自動チェック機構が推奨する形式ではありません。  ERROR: address1の列の情報がありません。市区町村以降の自動チェック機構はこの行には働きません。  ,
595,江ケ室2-5-31,,,江ケ室,2-5-31,,,,ERROR: prefectureの列の情報がありません。元データに都道府県情報が欠落している可能性があります。入力されたデータ形式は、自動チェック機構が推奨する形式ではありません。  ERROR: address1の列の情報がありません。市区町村以降の自動チェック機構はこの行には働きません。  ,
596,江ケ室1-3-17,,,江ケ室,1-3-17,,,,ERROR: prefectureの列の情報がありません。元データに都道府県情報が欠落している可能性があります。入力されたデータ形式は、自動チェック機構が推奨する形式ではありません。  ERROR: address1の列の情報がありません。市区町村以降の自動チェック機構はこの行には働きません。  ,
597,東台町1-17,,東台町,,1-17,,,ERROR: address2のデータは、address1のデータから推測されるデータに一致しません。（自動チェック機構が参照するデータセットに合致しないか、表記が異なります。  ,ERROR: prefectureの列の情報がありません。元データに都道府県情報が欠落している可能性があります。入力されたデータ形式は、自動チェック機構が推奨する形式ではありません。  ,
598,東台町2-1,,東台町,,2-1,,,ERROR: address2のデータは、address1のデータから推測されるデータに一致しません。（自動チェック機構が参照するデータセットに合致しないか、表記が異なります。  ,ERROR: prefectureの列の情報がありません。元データに都道府県情報が欠落している可能性があります。入力されたデータ形式は、自動チェック機構が推奨する形式ではありません。  ,
599,東台町3-6,,東台町,,3-6,,,ERROR: address2のデータは、address1のデータから推測されるデータに一致しません。（自動チェック機構が参照するデータセットに合致しないか、表記が異なります。  ,ERROR: prefectureの列の情報がありません。元データに都道府県情報が欠落している可能性があります。入力されたデータ形式は、自動チェック機構が推奨する形式ではありません。  ,
600,東台町3-6,,東台町,,3-6,,,ERROR: address2のデータは、address1のデータから推測されるデータに一致しません。（自動チェック機構が参照するデータセットに合致しないか、表記が異なります。  ,ERROR: prefectureの列の情報がありません。元データに都道府県情報が欠落している可能性があります。入力されたデータ形式は、自動チェック機構が推奨する形式ではありません。  ,
601,東台町3-6,,東台町,,3-6,,,ERROR: address2のデータは、address1のデータから推測されるデータに一致しません。（自動チェック機構が参照するデータセットに合致しないか、表記が異なります。  ,ERROR: prefectureの列の情報がありません。元データに都道府県情報が欠落している可能性があります。入力されたデータ形式は、自動チェック機構が推奨する形式ではありません。  ,
602,東御幸町112-1,,東御幸町,,112-1,,,ERROR: address2のデータは、address1のデータから推測されるデータに一致しません。（自動チェック機構が参照するデータセットに合致しないか、表記が異なります。  ,ERROR: prefectureの列の情報がありません。元データに都道府県情報が欠落している可能性があります。入力されたデータ形式は、自動チェック機構が推奨する形式ではありません。  ,
603,東御幸町112-1,,東御幸町,,112-1,,,ERROR: address2のデータは、address1のデータから推測されるデータに一致しません。（自動チェック機構が参照するデータセットに合致しないか、表記が異なります。  ,ERROR: prefectureの列の情報がありません。元データに都道府県情報が欠落している可能性があります。入力されたデータ形式は、自動チェック機構が推奨する形式ではありません。  ,
604,東御幸町144-12,,東御幸町,,144-12,,,ERROR: address2のデータは、address1のデータから推測されるデータに一致しません。（自動チェック機構が参照するデータセットに合致しないか、表記が異なります。  ,ERROR: prefectureの列の情報がありません。元データに都道府県情報が欠落している可能性があります。入力されたデータ形式は、自動チェック機構が推奨する形式ではありません。  ,
605,東御幸町144-12,,東御幸町,,144-12,,,ERROR: address2のデータは、address1のデータから推測されるデータに一致しません。（自動チェック機構が参照するデータセットに合致しないか、表記が異なります。  ,ERROR: prefectureの列の情報がありません。元データに都道府県情報が欠落している可能性があります。入力されたデータ形式は、自動チェック機構が推奨する形式ではありません。  ,
606,東御幸町144-32,,東御幸町,,144-32,,,ERROR: address2のデータは、address1のデータから推測されるデータに一致しません。（自動チェック機構が参照するデータセットに合致しないか、表記が異なります。  ,ERROR: prefectureの列の情報がありません。元データに都道府県情報が欠落している可能性があります。入力されたデータ形式は、自動チェック機構が推奨する形式ではありません。  ,
607,東御幸町144-32,,東御幸町,,144-32,,,ERROR: address2のデータは、address1のデータから推測されるデータに一致しません。（自動チェック機構が参照するデータセットに合致しないか、表記が異なります。  ,ERROR: prefectureの列の情報がありません。元データに都道府県情報が欠落している可能性があります。入力されたデータ形式は、自動チェック機構が推奨する形式ではありません。  ,
608,東御幸町144-33,,東御幸町,,144-33,,,ERROR: address2のデータは、address1のデータから推測されるデータに一致しません。（自動チェック機構が参照するデータセットに合致しないか、表記が異なります。  ,ERROR: prefectureの列の情報がありません。元データに都道府県情報が欠落している可能性があります。入力されたデータ形式は、自動チェック機構が推奨する形式ではありません。  ,
609,東御幸町161-2 カーサ東御幸2-1,,東御幸町,,161-2,カーサ東御幸,2-1,ERROR: address2のデータは、address1のデータから推測されるデータに一致しません。（自動チェック機構が参照するデータセットに合致しないか、表記が異なります。  ,ERROR: prefectureの列の情報がありません。元データに都道府県情報が欠落している可能性があります。入力されたデータ形式は、自動チェック機構が推奨する形式ではありません。  ERROR: address5の建物情報の箇所に番地と思しき情報が存在します,
610,東御幸町173-3,,東御幸町,,173-3,,,ERROR: address2のデータは、address1のデータから推測されるデータに一致しません。（自動チェック機構が参照するデータセットに合致しないか、表記が異なります。  ,ERROR: prefectureの列の情報がありません。元データに都道府県情報が欠落している可能性があります。入力されたデータ形式は、自動チェック機構が推奨する形式ではありません。  ,
611,東御幸町173-3,,東御幸町,,173-3,,,ERROR: address2のデータは、address1のデータから推測されるデータに一致しません。（自動チェック機構が参照するデータセットに合致しないか、表記が異なります。  ,ERROR: prefectureの列の情報がありません。元データに都道府県情報が欠落している可能性があります。入力されたデータ形式は、自動チェック機構が推奨する形式ではありません。  ,
612,東御幸町173-3,,東御幸町,,173-3,,,ERROR: address2のデータは、address1のデータから推測されるデータに一致しません。（自動チェック機構が参照するデータセットに合致しないか、表記が異なります。  ,ERROR: prefectureの列の情報がありません。元データに都道府県情報が欠落している可能性があります。入力されたデータ形式は、自動チェック機構が推奨する形式ではありません。  ,
613,東御幸町215 メモリーヒルズ107号室,,東御幸町,,215,メモリーヒルズ,107号室,ERROR: address2のデータは、address1のデータから推測されるデータに一致しません。（自動チェック機構が参照するデータセットに合致しないか、表記が異なります。  ,ERROR: prefectureの列の情報がありません。元データに都道府県情報が欠落している可能性があります。入力されたデータ形式は、自動チェック機構が推奨する形式ではありません。  ERROR: address5の建物情報の箇所に番地と思しき情報が存在します,
614,東御幸町215 メモリーヒルズ107号室,,東御幸町,,215,メモリーヒルズ,107号室,ERROR: address2のデータは、address1のデータから推測されるデータに一致しません。（自動チェック機構が参照するデータセットに合致しないか、表記が異なります。  ,ERROR: prefectureの列の情報がありません。元データに都道府県情報が欠落している可能性があります。入力されたデータ形式は、自動チェック機構が推奨する形式ではありません。  ERROR: address5の建物情報の箇所に番地と思しき情報が存在します,
615,東御幸町22-4,,東御幸町,,22-4,,,ERROR: address2のデータは、address1のデータから推測されるデータに一致しません。（自動チェック機構が参照するデータセットに合致しないか、表記が異なります。  ,ERROR: prefectureの列の情報がありません。元データに都道府県情報が欠落している可能性があります。入力されたデータ形式は、自動チェック機構が推奨する形式ではありません。  ,
616,東御幸町237-5 1303,,東御幸町,,237-5-1303,,,ERROR: address2のデータは、address1のデータから推測されるデータに一致しません。（自動チェック機構が参照するデータセットに合致しないか、表記が異なります。  ,ERROR: prefectureの列の情報がありません。元データに都道府県情報が欠落している可能性があります。入力されたデータ形式は、自動チェック機構が推奨する形式ではありません。  ,CAUTION: 番地の中に、部屋番号が含まれている可能性があります。
617,東御幸町237-5-1102,,東御幸町,,237-5-1102,,,ERROR: address2のデータは、address1のデータから推測されるデータに一致しません。（自動チェック機構が参照するデータセットに合致しないか、表記が異なります。  ,ERROR: prefectureの列の情報がありません。元データに都道府県情報が欠落している可能性があります。入力されたデータ形式は、自動チェック機構が推奨する形式ではありません。  ,CAUTION: 番地の中に、部屋番号が含まれている可能性があります。 
618,東御幸町237-5-204,,東御幸町,,237-5-204,,,ERROR: address2のデータは、address1のデータから推測されるデータに一致しません。（自動チェック機構が参照するデータセットに合致しないか、表記が異なります。  ,ERROR: prefectureの列の情報がありません。元データに都道府県情報が欠落している可能性があります。入力されたデータ形式は、自動チェック機構が推奨する形式ではありません。  ,CAUTION: 番地の中に、部屋番号が含まれている可能性があります。 
619,東御幸町237-5-204,,東御幸町,,237-5-204,,,ERROR: address2のデータは、address1のデータから推測されるデータに一致しません。（自動チェック機構が参照するデータセットに合致しないか、表記が異なります。  ,ERROR: prefectureの列の情報がありません。元データに都道府県情報が欠落している可能性があります。入力されたデータ形式は、自動チェック機構が推奨する形式ではありません。  ,CAUTION: 番地の中に、部屋番号が含まれている可能性があります。 
620,東御幸町237-5シエルメール御幸1201,,東御幸町,,237-5,シエルメール御幸,1201,ERROR: address2のデータは、address1のデータから推測されるデータに一致しません。（自動チェック機構が参照するデータセットに合致しないか、表記が異なります。  ,ERROR: prefectureの列の情報がありません。元データに都道府県情報が欠落している可能性があります。入力されたデータ形式は、自動チェック機構が推奨する形式ではありません。  ERROR: address5の建物情報の箇所に番地と思しき情報が存在します,
621,東御幸町96-1,,東御幸町,,96-1,,,ERROR: address2のデータは、address1のデータから推測されるデータに一致しません。（自動チェック機構が参照するデータセットに合致しないか、表記が異なります。  ,ERROR: prefectureの列の情報がありません。元データに都道府県情報が欠落している可能性があります。入力されたデータ形式は、自動チェック機構が推奨する形式ではありません。  ,
622,東御幸町98-1,,東御幸町,,98-1,,,ERROR: address2のデータは、address1のデータから推測されるデータに一致しません。（自動チェック機構が参照するデータセットに合致しないか、表記が異なります。  ,ERROR: prefectureの列の情報がありません。元データに都道府県情報が欠落している可能性があります。入力されたデータ形式は、自動チェック機構が推奨する形式ではありません。  ,
623,東御幸町98-1,,東御幸町,,98-1,,,ERROR: address2のデータは、address1のデータから推測されるデータに一致しません。（自動チェック機構が参照するデータセットに合致しないか、表記が異なります。  ,ERROR: prefectureの列の情報がありません。元データに都道府県情報が欠落している可能性があります。入力されたデータ形式は、自動チェック機構が推奨する形式ではありません。  ,
624,東御幸町144-33,,東御幸町,,144-33,,,ERROR: address2のデータは、address1のデータから推測されるデータに一致しません。（自動チェック機構が参照するデータセットに合致しないか、表記が異なります。  ,ERROR: prefectureの列の情報がありません。元データに都道府県情報が欠落している可能性があります。入力されたデータ形式は、自動チェック機構が推奨する形式ではありません。  ,
625,東御幸町96-1,,東御幸町,,96-1,,,ERROR: address2のデータは、address1のデータから推測されるデータに一致しません。（自動チェック機構が参照するデータセットに合致しないか、表記が異なります。  ,ERROR: prefectureの列の情報がありません。元データに都道府県情報が欠落している可能性があります。入力されたデータ形式は、自動チェック機構が推奨する形式ではありません。  ,
626,東町1-2-2,,東町,,1-2-2,,,ERROR: address2のデータは、address1のデータから推測されるデータに一致しません。（自動チェック機構が参照するデータセットに合致しないか、表記が異なります。  ,ERROR: prefectureの列の情報がありません。元データに都道府県情報が欠落している可能性があります。入力されたデータ形式は、自動チェック機構が推奨する形式ではありません。  ,
627,東町1-2-2,,東町,,1-2-2,,,ERROR: address2のデータは、address1のデータから推測されるデータに一致しません。（自動チェック機構が参照するデータセットに合致しないか、表記が異なります。  ,ERROR: prefectureの列の情報がありません。元データに都道府県情報が欠落している可能性があります。入力されたデータ形式は、自動チェック機構が推奨する形式ではありません。  ,
628,東町1-2-2,,東町,,1-2-2,,,ERROR: address2のデータは、address1のデータから推測されるデータに一致しません。（自動チェック機構が参照するデータセットに合致しないか、表記が異なります。  ,ERROR: prefectureの列の情報がありません。元データに都道府県情報が欠落している可能性があります。入力されたデータ形式は、自動チェック機構が推奨する形式ではありません。  ,
629,東町1-2-2,,東町,,1-2-2,,,ERROR: address2のデータは、address1のデータから推測されるデータに一致しません。（自動チェック機構が参照するデータセットに合致しないか、表記が異なります。  ,ERROR: prefectureの列の情報がありません。元データに都道府県情報が欠落している可能性があります。入力されたデータ形式は、自動チェック機構が推奨する形式ではありません。  ,
630,東町1-2-2,,東町,,1-2-2,,,ERROR: address2のデータは、address1のデータから推測されるデータに一致しません。（自動チェック機構が参照するデータセットに合致しないか、表記が異なります。  ,ERROR: prefectureの列の情報がありません。元データに都道府県情報が欠落している可能性があります。入力されたデータ形式は、自動チェック機構が推奨する形式ではありません。  ,
631,東町1-3-4,,東町,,1-3-4,,,ERROR: address2のデータは、address1のデータから推測されるデータに一致しません。（自動チェック機構が参照するデータセットに合致しないか、表記が異なります。  ,ERROR: prefectureの列の情報がありません。元データに都道府県情報が欠落している可能性があります。入力されたデータ形式は、自動チェック機構が推奨する形式ではありません。  ,
632,東町1-4-8,,東町,,1-4-8,,,ERROR: address2のデータは、address1のデータから推測されるデータに一致しません。（自動チェック機構が参照するデータセットに合致しないか、表記が異なります。  ,ERROR: prefectureの列の情報がありません。元データに都道府県情報が欠落している可能性があります。入力されたデータ形式は、自動チェック機構が推奨する形式ではありません。  ,
633,東町1-4-8,,東町,,1-4-8,,,ERROR: address2のデータは、address1のデータから推測されるデータに一致しません。（自動チェック機構が参照するデータセットに合致しないか、表記が異なります。  ,ERROR: prefectureの列の情報がありません。元データに都道府県情報が欠落している可能性があります。入力されたデータ形式は、自動チェック機構が推奨する形式ではありません。  ,
634,東町1-5-9,,東町,,1-5-9,,,ERROR: address2のデータは、address1のデータから推測されるデータに一致しません。（自動チェック機構が参照するデータセットに合致しないか、表記が異なります。  ,ERROR: prefectureの列の情報がありません。元データに都道府県情報が欠落している可能性があります。入力されたデータ形式は、自動チェック機構が推奨する形式ではありません。  ,
635,東町1-6-2,,東町,,1-6-2,,,ERROR: address2のデータは、address1のデータから推測されるデータに一致しません。（自動チェック機構が参照するデータセットに合致しないか、表記が異なります。  ,ERROR: prefectureの列の情報がありません。元データに都道府県情報が欠落している可能性があります。入力されたデータ形式は、自動チェック機構が推奨する形式ではありません。  ,
636,東町1-8-26,,東町,,1-8-26,,,ERROR: address2のデータは、address1のデータから推測されるデータに一致しません。（自動チェック機構が参照するデータセットに合致しないか、表記が異なります。  ,ERROR: prefectureの列の情報がありません。元データに都道府県情報が欠落している可能性があります。入力されたデータ形式は、自動チェック機構が推奨する形式ではありません。  ,
637,東町1-8-26,,東町,,1-8-26,,,ERROR: address2のデータは、address1のデータから推測されるデータに一致しません。（自動チェック機構が参照するデータセットに合致しないか、表記が異なります。  ,ERROR: prefectureの列の情報がありません。元データに都道府県情報が欠落している可能性があります。入力されたデータ形式は、自動チェック機構が推奨する形式ではありません。  ,
638,東町1-8-26,,東町,,1-8-26,,,ERROR: address2のデータは、address1のデータから推測されるデータに一致しません。（自動チェック機構が参照するデータセットに合致しないか、表記が異なります。  ,ERROR: prefectureの列の情報がありません。元データに都道府県情報が欠落している可能性があります。入力されたデータ形式は、自動チェック機構が推奨する形式ではありません。  ,
639,東町1-9-5,,東町,,1-9-5,,,ERROR: address2のデータは、address1のデータから推測されるデータに一致しません。（自動チェック機構が参照するデータセットに合致しないか、表記が異なります。  ,ERROR: prefectureの列の情報がありません。元データに都道府県情報が欠落している可能性があります。入力されたデータ形式は、自動チェック機構が推奨する形式ではありません。  ,
640,東町2-1-11,,東町,,2-1-11,,,ERROR: address2のデータは、address1のデータから推測されるデータに一致しません。（自動チェック機構が参照するデータセットに合致しないか、表記が異なります。  ,ERROR: prefectureの列の情報がありません。元データに都道府県情報が欠落している可能性があります。入力されたデータ形式は、自動チェック機構が推奨する形式ではありません。  ,
641,東町2-1-11,,東町,,2-1-11,,,ERROR: address2のデータは、address1のデータから推測されるデータに一致しません。（自動チェック機構が参照するデータセットに合致しないか、表記が異なります。  ,ERROR: prefectureの列の情報がありません。元データに都道府県情報が欠落している可能性があります。入力されたデータ形式は、自動チェック機構が推奨する形式ではありません。  ,
642,東町2-1-11,,東町,,2-1-11,,,ERROR: address2のデータは、address1のデータから推測されるデータに一致しません。（自動チェック機構が参照するデータセットに合致しないか、表記が異なります。  ,ERROR: prefectureの列の情報がありません。元データに都道府県情報が欠落している可能性があります。入力されたデータ形式は、自動チェック機構が推奨する形式ではありません。  ,
643,東町2-1-11,,東町,,2-1-11,,,ERROR: address2のデータは、address1のデータから推測されるデータに一致しません。（自動チェック機構が参照するデータセットに合致しないか、表記が異なります。  ,ERROR: prefectureの列の情報がありません。元データに都道府県情報が欠落している可能性があります。入力されたデータ形式は、自動チェック機構が推奨する形式ではありません。  ,
644,東町2-1-11,,東町,,2-1-11,,,ERROR: address2のデータは、address1のデータから推測されるデータに一致しません。（自動チェック機構が参照するデータセットに合致しないか、表記が異なります。  ,ERROR: prefectureの列の情報がありません。元データに都道府県情報が欠落している可能性があります。入力されたデータ形式は、自動チェック機構が推奨する形式ではありません。  ,
645,東町2-1-11,,東町,,2-1-11,,,ERROR: address2のデータは、address1のデータから推測されるデータに一致しません。（自動チェック機構が参照するデータセットに合致しないか、表記が異なります。  ,ERROR: prefectureの列の情報がありません。元データに都道府県情報が欠落している可能性があります。入力されたデータ形式は、自動チェック機構が推奨する形式ではありません。  ,
646,東町2-2-15,,東町,,2-2-15,,,ERROR: address2のデータは、address1のデータから推測されるデータに一致しません。（自動チェック機構が参照するデータセットに合致しないか、表記が異なります。  ,ERROR: prefectureの列の情報がありません。元データに都道府県情報が欠落している可能性があります。入力されたデータ形式は、自動チェック機構が推奨する形式ではありません。  ,
647,東町2-2-15,,東町,,2-2-15,,,ERROR: address2のデータは、address1のデータから推測されるデータに一致しません。（自動チェック機構が参照するデータセットに合致しないか、表記が異なります。  ,ERROR: prefectureの列の情報がありません。元データに都道府県情報が欠落している可能性があります。入力されたデータ形式は、自動チェック機構が推奨する形式ではありません。  ,
648,東町2-2-16,,東町,,2-2-16,,,ERROR: address2のデータは、address1のデータから推測されるデータに一致しません。（自動チェック機構が参照するデータセットに合致しないか、表記が異なります。  ,ERROR: prefectureの列の情報がありません。元データに都道府県情報が欠落している可能性があります。入力されたデータ形式は、自動チェック機構が推奨する形式ではありません。  ,
649,東町2-2-16,,東町,,2-2-16,,,ERROR: address2のデータは、address1のデータから推測されるデータに一致しません。（自動チェック機構が参照するデータセットに合致しないか、表記が異なります。  ,ERROR: prefectureの列の情報がありません。元データに都道府県情報が欠落している可能性があります。入力されたデータ形式は、自動チェック機構が推奨する形式ではありません。  ,
650,東町2-2-25,,東町,,2-2-25,,,ERROR: address2のデータは、address1のデータから推測されるデータに一致しません。（自動チェック機構が参照するデータセットに合致しないか、表記が異なります。  ,ERROR: prefectureの列の情報がありません。元データに都道府県情報が欠落している可能性があります。入力されたデータ形式は、自動チェック機構が推奨する形式ではありません。  ,
651,東町2-2-5,,東町,,2-2-5,,,ERROR: address2のデータは、address1のデータから推測されるデータに一致しません。（自動チェック機構が参照するデータセットに合致しないか、表記が異なります。  ,ERROR: prefectureの列の情報がありません。元データに都道府県情報が欠落している可能性があります。入力されたデータ形式は、自動チェック機構が推奨する形式ではありません。  ,
652,本丸町579-13,,本丸町,,579-13,,,ERROR: address2のデータは、address1のデータから推測されるデータに一致しません。（自動チェック機構が参照するデータセットに合致しないか、表記が異なります。  ,ERROR: prefectureの列の情報がありません。元データに都道府県情報が欠落している可能性があります。入力されたデータ形式は、自動チェック機構が推奨する形式ではありません。  ,
653,東丸町517,,東丸町,,517,,,ERROR: address2のデータは、address1のデータから推測されるデータに一致しません。（自動チェック機構が参照するデータセットに合致しないか、表記が異なります。  ,ERROR: prefectureの列の情報がありません。元データに都道府県情報が欠落している可能性があります。入力されたデータ形式は、自動チェック機構が推奨する形式ではありません。  ,
654,東丸町518-17,,東丸町,,518-17,,,ERROR: address2のデータは、address1のデータから推測されるデータに一致しません。（自動チェック機構が参照するデータセットに合致しないか、表記が異なります。  ,ERROR: prefectureの列の情報がありません。元データに都道府県情報が欠落している可能性があります。入力されたデータ形式は、自動チェック機構が推奨する形式ではありません。  ,
655,東丸町518-5,,東丸町,,518-5,,,ERROR: address2のデータは、address1のデータから推測されるデータに一致しません。（自動チェック機構が参照するデータセットに合致しないか、表記が異なります。  ,ERROR: prefectureの列の情報がありません。元データに都道府県情報が欠落している可能性があります。入力されたデータ形式は、自動チェック機構が推奨する形式ではありません。  ,
656,東丸町518-5,,東丸町,,518-5,,,ERROR: address2のデータは、address1のデータから推測されるデータに一致しません。（自動チェック機構が参照するデータセットに合致しないか、表記が異なります。  ,ERROR: prefectureの列の情報がありません。元データに都道府県情報が欠落している可能性があります。入力されたデータ形式は、自動チェック機構が推奨する形式ではありません。  ,
657,東丸町519-1,,東丸町,,519-1,,,ERROR: address2のデータは、address1のデータから推測されるデータに一致しません。（自動チェック機構が参照するデータセットに合致しないか、表記が異なります。  ,ERROR: prefectureの列の情報がありません。元データに都道府県情報が欠落している可能性があります。入力されたデータ形式は、自動チェック機構が推奨する形式ではありません。  ,
658,東丸町519-1,,東丸町,,519-1,,,ERROR: address2のデータは、address1のデータから推測されるデータに一致しません。（自動チェック機構が参照するデータセットに合致しないか、表記が異なります。  ,ERROR: prefectureの列の情報がありません。元データに都道府県情報が欠落している可能性があります。入力されたデータ形式は、自動チェック機構が推奨する形式ではありません。  ,
659,東丸町525-4,,東丸町,,525-4,,,ERROR: address2のデータは、address1のデータから推測されるデータに一致しません。（自動チェック機構が参照するデータセットに合致しないか、表記が異なります。  ,ERROR: prefectureの列の情報がありません。元データに都道府県情報が欠落している可能性があります。入力されたデータ形式は、自動チェック機構が推奨する形式ではありません。  ,
660,東丸町525-4,,東丸町,,525-4,,,ERROR: address2のデータは、address1のデータから推測されるデータに一致しません。（自動チェック機構が参照するデータセットに合致しないか、表記が異なります。  ,ERROR: prefectureの列の情報がありません。元データに都道府県情報が欠落している可能性があります。入力されたデータ形式は、自動チェック機構が推奨する形式ではありません。  ,
661,東丸町526-5,,東丸町,,526-5,,,ERROR: address2のデータは、address1のデータから推測されるデータに一致しません。（自動チェック機構が参照するデータセットに合致しないか、表記が異なります。  ,ERROR: prefectureの列の情報がありません。元データに都道府県情報が欠落している可能性があります。入力されたデータ形式は、自動チェック機構が推奨する形式ではありません。  ,
662,東丸町526-5,,東丸町,,526-5,,,ERROR: address2のデータは、address1のデータから推測されるデータに一致しません。（自動チェック機構が参照するデータセットに合致しないか、表記が異なります。  ,ERROR: prefectureの列の情報がありません。元データに都道府県情報が欠落している可能性があります。入力されたデータ形式は、自動チェック機構が推奨する形式ではありません。  ,
663,東丸町533-5,,東丸町,,533-5,,,ERROR: address2のデータは、address1のデータから推測されるデータに一致しません。（自動チェック機構が参照するデータセットに合致しないか、表記が異なります。  ,ERROR: prefectureの列の情報がありません。元データに都道府県情報が欠落している可能性があります。入力されたデータ形式は、自動チェック機構が推奨する形式ではありません。  ,
664,井尻町1014,,井尻町,,1014,,,ERROR: address2のデータは、address1のデータから推測されるデータに一致しません。（自動チェック機構が参照するデータセットに合致しないか、表記が異なります。  ,ERROR: prefectureの列の情報がありません。元データに都道府県情報が欠落している可能性があります。入力されたデータ形式は、自動チェック機構が推奨する形式ではありません。  ,
665,井尻町1014,,井尻町,,1014,,,ERROR: address2のデータは、address1のデータから推測されるデータに一致しません。（自動チェック機構が参照するデータセットに合致しないか、表記が異なります。  ,ERROR: prefectureの列の情報がありません。元データに都道府県情報が欠落している可能性があります。入力されたデータ形式は、自動チェック機構が推奨する形式ではありません。  ,
666,井尻町1017,,井尻町,,1017,,,ERROR: address2のデータは、address1のデータから推測されるデータに一致しません。（自動チェック機構が参照するデータセットに合致しないか、表記が異なります。  ,ERROR: prefectureの列の情報がありません。元データに都道府県情報が欠落している可能性があります。入力されたデータ形式は、自動チェック機構が推奨する形式ではありません。  ,
667,井尻町1055,,井尻町,,1055,,,ERROR: address2のデータは、address1のデータから推測されるデータに一致しません。（自動チェック機構が参照するデータセットに合致しないか、表記が異なります。  ,ERROR: prefectureの列の情報がありません。元データに都道府県情報が欠落している可能性があります。入力されたデータ形式は、自動チェック機構が推奨する形式ではありません。  ,
668,井尻町1055,,井尻町,,1055,,,ERROR: address2のデータは、address1のデータから推測されるデータに一致しません。（自動チェック機構が参照するデータセットに合致しないか、表記が異なります。  ,ERROR: prefectureの列の情報がありません。元データに都道府県情報が欠落している可能性があります。入力されたデータ形式は、自動チェック機構が推奨する形式ではありません。  ,
669,井尻町1080,,井尻町,,1080,,,ERROR: address2のデータは、address1のデータから推測されるデータに一致しません。（自動チェック機構が参照するデータセットに合致しないか、表記が異なります。  ,ERROR: prefectureの列の情報がありません。元データに都道府県情報が欠落している可能性があります。入力されたデータ形式は、自動チェック機構が推奨する形式ではありません。  ,
670,井尻町1080,,井尻町,,1080,,,ERROR: address2のデータは、address1のデータから推測されるデータに一致しません。（自動チェック機構が参照するデータセットに合致しないか、表記が異なります。  ,ERROR: prefectureの列の情報がありません。元データに都道府県情報が欠落している可能性があります。入力されたデータ形式は、自動チェック機構が推奨する形式ではありません。  ,
671,井尻町1080,,井尻町,,1080,,,ERROR: address2のデータは、address1のデータから推測されるデータに一致しません。（自動チェック機構が参照するデータセットに合致しないか、表記が異なります。  ,ERROR: prefectureの列の情報がありません。元データに都道府県情報が欠落している可能性があります。入力されたデータ形式は、自動チェック機構が推奨する形式ではありません。  ,
672,井尻町1080,,井尻町,,1080,,,ERROR: address2のデータは、address1のデータから推測されるデータに一致しません。（自動チェック機構が参照するデータセットに合致しないか、表記が異なります。  ,ERROR: prefectureの列の情報がありません。元データに都道府県情報が欠落している可能性があります。入力されたデータ形式は、自動チェック機構が推奨する形式ではありません。  ,
673,井尻町1080,,井尻町,,1080,,,ERROR: address2のデータは、address1のデータから推測されるデータに一致しません。（自動チェック機構が参照するデータセットに合致しないか、表記が異なります。  ,ERROR: prefectureの列の情報がありません。元データに都道府県情報が欠落している可能性があります。入力されたデータ形式は、自動チェック機構が推奨する形式ではありません。  ,
674,井尻町1080,,井尻町,,1080,,,ERROR: address2のデータは、address1のデータから推測されるデータに一致しません。（自動チェック機構が参照するデータセットに合致しないか、表記が異なります。  ,ERROR: prefectureの列の情報がありません。元データに都道府県情報が欠落している可能性があります。入力されたデータ形式は、自動チェック機構が推奨する形式ではありません。  ,
675,井尻町1084,,井尻町,,1084,,,ERROR: address2のデータは、address1のデータから推測されるデータに一致しません。（自動チェック機構が参照するデータセットに合致しないか、表記が異なります。  ,ERROR: prefectureの列の情報がありません。元データに都道府県情報が欠落している可能性があります。入力されたデータ形式は、自動チェック機構が推奨する形式ではありません。  ,
676,井尻町1174,,井尻町,,1174,,,ERROR: address2のデータは、address1のデータから推測されるデータに一致しません。（自動チェック機構が参照するデータセットに合致しないか、表記が異なります。  ,ERROR: prefectureの列の情報がありません。元データに都道府県情報が欠落している可能性があります。入力されたデータ形式は、自動チェック機構が推奨する形式ではありません。  ,
677,井尻町1174,,井尻町,,1174,,,ERROR: address2のデータは、address1のデータから推測されるデータに一致しません。（自動チェック機構が参照するデータセットに合致しないか、表記が異なります。  ,ERROR: prefectureの列の情報がありません。元データに都道府県情報が欠落している可能性があります。入力されたデータ形式は、自動チェック機構が推奨する形式ではありません。  ,
678,井尻町1174,,井尻町,,1174,,,ERROR: address2のデータは、address1のデータから推測されるデータに一致しません。（自動チェック機構が参照するデータセットに合致しないか、表記が異なります。  ,ERROR: prefectureの列の情報がありません。元データに都道府県情報が欠落している可能性があります。入力されたデータ形式は、自動チェック機構が推奨する形式ではありません。  ,
679,井尻町1183,,井尻町,,1183,,,ERROR: address2のデータは、address1のデータから推測されるデータに一致しません。（自動チェック機構が参照するデータセットに合致しないか、表記が異なります。  ,ERROR: prefectureの列の情報がありません。元データに都道府県情報が欠落している可能性があります。入力されたデータ形式は、自動チェック機構が推奨する形式ではありません。  ,
680,井尻町1183,,井尻町,,1183,,,ERROR: address2のデータは、address1のデータから推測されるデータに一致しません。（自動チェック機構が参照するデータセットに合致しないか、表記が異なります。  ,ERROR: prefectureの列の情報がありません。元データに都道府県情報が欠落している可能性があります。入力されたデータ形式は、自動チェック機構が推奨する形式ではありません。  ,
681,井尻町1233,,井尻町,,1233,,,ERROR: address2のデータは、address1のデータから推測されるデータに一致しません。（自動チェック機構が参照するデータセットに合致しないか、表記が異なります。  ,ERROR: prefectureの列の情報がありません。元データに都道府県情報が欠落している可能性があります。入力されたデータ形式は、自動チェック機構が推奨する形式ではありません。  ,
682,井尻町1234-1エスパシオ桜Ａ202,,井尻町,,1234-1,エスパシオ桜A,202,ERROR: address2のデータは、address1のデータから推測されるデータに一致しません。（自動チェック機構が参照するデータセットに合致しないか、表記が異なります。  ,ERROR: prefectureの列の情報がありません。元データに都道府県情報が欠落している可能性があります。入力されたデータ形式は、自動チェック機構が推奨する形式ではありません。  ERROR: address5の建物情報の箇所に番地と思しき情報が存在します,
683,井尻町1247-1,,井尻町,,1247-1,,,ERROR: address2のデータは、address1のデータから推測されるデータに一致しません。（自動チェック機構が参照するデータセットに合致しないか、表記が異なります。  ,ERROR: prefectureの列の情報がありません。元データに都道府県情報が欠落している可能性があります。入力されたデータ形式は、自動チェック機構が推奨する形式ではありません。  ,
684,井尻町1247-1,,井尻町,,1247-1,,,ERROR: address2のデータは、address1のデータから推測されるデータに一致しません。（自動チェック機構が参照するデータセットに合致しないか、表記が異なります。  ,ERROR: prefectureの列の情報がありません。元データに都道府県情報が欠落している可能性があります。入力されたデータ形式は、自動チェック機構が推奨する形式ではありません。  ,
685,井尻町1247-1,,井尻町,,1247-1,,,ERROR: address2のデータは、address1のデータから推測されるデータに一致しません。（自動チェック機構が参照するデータセットに合致しないか、表記が異なります。  ,ERROR: prefectureの列の情報がありません。元データに都道府県情報が欠落している可能性があります。入力されたデータ形式は、自動チェック機構が推奨する形式ではありません。  ,
686,井尻町1254,,井尻町,,1254,,,ERROR: address2のデータは、address1のデータから推測されるデータに一致しません。（自動チェック機構が参照するデータセットに合致しないか、表記が異なります。  ,ERROR: prefectureの列の情報がありません。元データに都道府県情報が欠落している可能性があります。入力されたデータ形式は、自動チェック機構が推奨する形式ではありません。  ,
687,井尻町1759-3,,井尻町,,1759-3,,,ERROR: address2のデータは、address1のデータから推測されるデータに一致しません。（自動チェック機構が参照するデータセットに合致しないか、表記が異なります。  ,ERROR: prefectureの列の情報がありません。元データに都道府県情報が欠落している可能性があります。入力されたデータ形式は、自動チェック機構が推奨する形式ではありません。  ,
688,井尻町1776-2,,井尻町,,1776-2,,,ERROR: address2のデータは、address1のデータから推測されるデータに一致しません。（自動チェック機構が参照するデータセットに合致しないか、表記が異なります。  ,ERROR: prefectureの列の情報がありません。元データに都道府県情報が欠落している可能性があります。入力されたデータ形式は、自動チェック機構が推奨する形式ではありません。  ,
689,井尻町1782-1,,井尻町,,1782-1,,,ERROR: address2のデータは、address1のデータから推測されるデータに一致しません。（自動チェック機構が参照するデータセットに合致しないか、表記が異なります。  ,ERROR: prefectureの列の情報がありません。元データに都道府県情報が欠落している可能性があります。入力されたデータ形式は、自動チェック機構が推奨する形式ではありません。  ,
690,井尻町785,,井尻町,,785,,,ERROR: address2のデータは、address1のデータから推測されるデータに一致しません。（自動チェック機構が参照するデータセットに合致しないか、表記が異なります。  ,ERROR: prefectureの列の情報がありません。元データに都道府県情報が欠落している可能性があります。入力されたデータ形式は、自動チェック機構が推奨する形式ではありません。  ,
691,井尻町785,,井尻町,,785,,,ERROR: address2のデータは、address1のデータから推測されるデータに一致しません。（自動チェック機構が参照するデータセットに合致しないか、表記が異なります。  ,ERROR: prefectureの列の情報がありません。元データに都道府県情報が欠落している可能性があります。入力されたデータ形式は、自動チェック機構が推奨する形式ではありません。  ,
692,井尻町785,,井尻町,,785,,,ERROR: address2のデータは、address1のデータから推測されるデータに一致しません。（自動チェック機構が参照するデータセットに合致しないか、表記が異なります。  ,ERROR: prefectureの列の情報がありません。元データに都道府県情報が欠落している可能性があります。入力されたデータ形式は、自動チェック機構が推奨する形式ではありません。  ,
693,井尻町785,,井尻町,,785,,,ERROR: address2のデータは、address1のデータから推測されるデータに一致しません。（自動チェック機構が参照するデータセットに合致しないか、表記が異なります。  ,ERROR: prefectureの列の情報がありません。元データに都道府県情報が欠落している可能性があります。入力されたデータ形式は、自動チェック機構が推奨する形式ではありません。  ,
694,井尻町923,,井尻町,,923,,,ERROR: address2のデータは、address1のデータから推測されるデータに一致しません。（自動チェック機構が参照するデータセットに合致しないか、表記が異なります。  ,ERROR: prefectureの列の情報がありません。元データに都道府県情報が欠落している可能性があります。入力されたデータ形式は、自動チェック機構が推奨する形式ではありません。  ,
695,井尻町923,,井尻町,,923,,,ERROR: address2のデータは、address1のデータから推測されるデータに一致しません。（自動チェック機構が参照するデータセットに合致しないか、表記が異なります。  ,ERROR: prefectureの列の情報がありません。元データに都道府県情報が欠落している可能性があります。入力されたデータ形式は、自動チェック機構が推奨する形式ではありません。  ,
696,井尻町923,,井尻町,,923,,,ERROR: address2のデータは、address1のデータから推測されるデータに一致しません。（自動チェック機構が参照するデータセットに合致しないか、表記が異なります。  ,ERROR: prefectureの列の情報がありません。元データに都道府県情報が欠落している可能性があります。入力されたデータ形式は、自動チェック機構が推奨する形式ではありません。  ,
697,井尻町923,,井尻町,,923,,,ERROR: address2のデータは、address1のデータから推測されるデータに一致しません。（自動チェック機構が参照するデータセットに合致しないか、表記が異なります。  ,ERROR: prefectureの列の情報がありません。元データに都道府県情報が欠落している可能性があります。入力されたデータ形式は、自動チェック機構が推奨する形式ではありません。  ,
698,井尻町936,,井尻町,,936,,,ERROR: address2のデータは、address1のデータから推測されるデータに一致しません。（自動チェック機構が参照するデータセットに合致しないか、表記が異なります。  ,ERROR: prefectureの列の情報がありません。元データに都道府県情報が欠落している可能性があります。入力されたデータ形式は、自動チェック機構が推奨する形式ではありません。  ,
699,井尻町936,,井尻町,,936,,,ERROR: address2のデータは、address1のデータから推測されるデータに一致しません。（自動チェック機構が参照するデータセットに合致しないか、表記が異なります。  ,ERROR: prefectureの列の情報がありません。元データに都道府県情報が欠落している可能性があります。入力されたデータ形式は、自動チェック機構が推奨する形式ではありません。  ,
700,井尻町942-1,,井尻町,,942-1,,,ERROR: address2のデータは、address1のデータから推測されるデータに一致しません。（自動チェック機構が参照するデータセットに合致しないか、表記が異なります。  ,ERROR: prefectureの列の情報がありません。元データに都道府県情報が欠落している可能性があります。入力されたデータ形式は、自動チェック機構が推奨する形式ではありません。  ,
701,井尻町948-1,,井尻町,,948-1,,,ERROR: address2のデータは、address1のデータから推測されるデータに一致しません。（自動チェック機構が参照するデータセットに合致しないか、表記が異なります。  ,ERROR: prefectureの列の情報がありません。元データに都道府県情報が欠落している可能性があります。入力されたデータ形式は、自動チェック機構が推奨する形式ではありません。  ,
702,井尻町948-1,,井尻町,,948-1,,,ERROR: address2のデータは、address1のデータから推測されるデータに一致しません。（自動チェック機構が参照するデータセットに合致しないか、表記が異なります。  ,ERROR: prefectureの列の情報がありません。元データに都道府県情報が欠落している可能性があります。入力されたデータ形式は、自動チェック機構が推奨する形式ではありません。  ,
703,井尻町948-1,,井尻町,,948-1,,,ERROR: address2のデータは、address1のデータから推測されるデータに一致しません。（自動チェック機構が参照するデータセットに合致しないか、表記が異なります。  ,ERROR: prefectureの列の情報がありません。元データに都道府県情報が欠落している可能性があります。入力されたデータ形式は、自動チェック機構が推奨する形式ではありません。  ,
704,井尻町951,,井尻町,,951,,,ERROR: address2のデータは、address1のデータから推測されるデータに一致しません。（自動チェック機構が参照するデータセットに合致しないか、表記が異なります。  ,ERROR: prefectureの列の情報がありません。元データに都道府県情報が欠落している可能性があります。入力されたデータ形式は、自動チェック機構が推奨する形式ではありません。  ,
705,菅内町1549-2,,菅内町,,1549-2,,,ERROR: address2のデータは、address1のデータから推測されるデータに一致しません。（自動チェック機構が参照するデータセットに合致しないか、表記が異なります。  ,ERROR: prefectureの列の情報がありません。元データに都道府県情報が欠落している可能性があります。入力されたデータ形式は、自動チェック機構が推奨する形式ではありません。  ,
706,菅内町1549-2,,菅内町,,1549-2,,,ERROR: address2のデータは、address1のデータから推測されるデータに一致しません。（自動チェック機構が参照するデータセットに合致しないか、表記が異なります。  ,ERROR: prefectureの列の情報がありません。元データに都道府県情報が欠落している可能性があります。入力されたデータ形式は、自動チェック機構が推奨する形式ではありません。  ,
707,菅内町1557-1,,菅内町,,1557-1,,,ERROR: address2のデータは、address1のデータから推測されるデータに一致しません。（自動チェック機構が参照するデータセットに合致しないか、表記が異なります。  ,ERROR: prefectureの列の情報がありません。元データに都道府県情報が欠落している可能性があります。入力されたデータ形式は、自動チェック機構が推奨する形式ではありません。  ,
708,菅内町1558,,菅内町,,1558,,,ERROR: address2のデータは、address1のデータから推測されるデータに一致しません。（自動チェック機構が参照するデータセットに合致しないか、表記が異なります。  ,ERROR: prefectureの列の情報がありません。元データに都道府県情報が欠落している可能性があります。入力されたデータ形式は、自動チェック機構が推奨する形式ではありません。  ,
709,菅内町1558,,菅内町,,1558,,,ERROR: address2のデータは、address1のデータから推測されるデータに一致しません。（自動チェック機構が参照するデータセットに合致しないか、表記が異なります。  ,ERROR: prefectureの列の情報がありません。元データに都道府県情報が欠落している可能性があります。入力されたデータ形式は、自動チェック機構が推奨する形式ではありません。  ,
710,菅内町1558,,菅内町,,1558,,,ERROR: address2のデータは、address1のデータから推測されるデータに一致しません。（自動チェック機構が参照するデータセットに合致しないか、表記が異なります。  ,ERROR: prefectureの列の情報がありません。元データに都道府県情報が欠落している可能性があります。入力されたデータ形式は、自動チェック機構が推奨する形式ではありません。  ,
711,菅内町1558,,菅内町,,1558,,,ERROR: address2のデータは、address1のデータから推測されるデータに一致しません。（自動チェック機構が参照するデータセットに合致しないか、表記が異なります。  ,ERROR: prefectureの列の情報がありません。元データに都道府県情報が欠落している可能性があります。入力されたデータ形式は、自動チェック機構が推奨する形式ではありません。  ,
712,菅内町1565,,菅内町,,1565,,,ERROR: address2のデータは、address1のデータから推測されるデータに一致しません。（自動チェック機構が参照するデータセットに合致しないか、表記が異なります。  ,ERROR: prefectureの列の情報がありません。元データに都道府県情報が欠落している可能性があります。入力されたデータ形式は、自動チェック機構が推奨する形式ではありません。  ,
713,菅内町1565,,菅内町,,1565,,,ERROR: address2のデータは、address1のデータから推測されるデータに一致しません。（自動チェック機構が参照するデータセットに合致しないか、表記が異なります。  ,ERROR: prefectureの列の情報がありません。元データに都道府県情報が欠落している可能性があります。入力されたデータ形式は、自動チェック機構が推奨する形式ではありません。  ,
714,菅内町1568,,菅内町,,1568,,,ERROR: address2のデータは、address1のデータから推測されるデータに一致しません。（自動チェック機構が参照するデータセットに合致しないか、表記が異なります。  ,ERROR: prefectureの列の情報がありません。元データに都道府県情報が欠落している可能性があります。入力されたデータ形式は、自動チェック機構が推奨する形式ではありません。  ,
715,菅内町1568,,菅内町,,1568,,,ERROR: address2のデータは、address1のデータから推測されるデータに一致しません。（自動チェック機構が参照するデータセットに合致しないか、表記が異なります。  ,ERROR: prefectureの列の情報がありません。元データに都道府県情報が欠落している可能性があります。入力されたデータ形式は、自動チェック機構が推奨する形式ではありません。  ,
716,菅内町1571,,菅内町,,1571,,,ERROR: address2のデータは、address1のデータから推測されるデータに一致しません。（自動チェック機構が参照するデータセットに合致しないか、表記が異なります。  ,ERROR: prefectureの列の情報がありません。元データに都道府県情報が欠落している可能性があります。入力されたデータ形式は、自動チェック機構が推奨する形式ではありません。  ,
717,菅内町1571,,菅内町,,1571,,,ERROR: address2のデータは、address1のデータから推測されるデータに一致しません。（自動チェック機構が参照するデータセットに合致しないか、表記が異なります。  ,ERROR: prefectureの列の情報がありません。元データに都道府県情報が欠落している可能性があります。入力されたデータ形式は、自動チェック機構が推奨する形式ではありません。  ,
718,菅内町1571,,菅内町,,1571,,,ERROR: address2のデータは、address1のデータから推測されるデータに一致しません。（自動チェック機構が参照するデータセットに合致しないか、表記が異なります。  ,ERROR: prefectureの列の情報がありません。元データに都道府県情報が欠落している可能性があります。入力されたデータ形式は、自動チェック機構が推奨する形式ではありません。  ,
719,菅内町1577,,菅内町,,1577,,,ERROR: address2のデータは、address1のデータから推測されるデータに一致しません。（自動チェック機構が参照するデータセットに合致しないか、表記が異なります。  ,ERROR: prefectureの列の情報がありません。元データに都道府県情報が欠落している可能性があります。入力されたデータ形式は、自動チェック機構が推奨する形式ではありません。  ,
720,菅内町1577,,菅内町,,1577,,,ERROR: address2のデータは、address1のデータから推測されるデータに一致しません。（自動チェック機構が参照するデータセットに合致しないか、表記が異なります。  ,ERROR: prefectureの列の情報がありません。元データに都道府県情報が欠落している可能性があります。入力されたデータ形式は、自動チェック機構が推奨する形式ではありません。  ,
721,菅内町1577,,菅内町,,1577,,,ERROR: address2のデータは、address1のデータから推測されるデータに一致しません。（自動チェック機構が参照するデータセットに合致しないか、表記が異なります。  ,ERROR: prefectureの列の情報がありません。元データに都道府県情報が欠落している可能性があります。入力されたデータ形式は、自動チェック機構が推奨する形式ではありません。  ,
722,菅内町1579,,菅内町,,1579,,,ERROR: address2のデータは、address1のデータから推測されるデータに一致しません。（自動チェック機構が参照するデータセットに合致しないか、表記が異なります。  ,ERROR: prefectureの列の情報がありません。元データに都道府県情報が欠落している可能性があります。入力されたデータ形式は、自動チェック機構が推奨する形式ではありません。  ,
723,菅内町1582,,菅内町,,1582,,,ERROR: address2のデータは、address1のデータから推測されるデータに一致しません。（自動チェック機構が参照するデータセットに合致しないか、表記が異なります。  ,ERROR: prefectureの列の情報がありません。元データに都道府県情報が欠落している可能性があります。入力されたデータ形式は、自動チェック機構が推奨する形式ではありません。  ,
724,菅内町1582,,菅内町,,1582,,,ERROR: address2のデータは、address1のデータから推測されるデータに一致しません。（自動チェック機構が参照するデータセットに合致しないか、表記が異なります。  ,ERROR: prefectureの列の情報がありません。元データに都道府県情報が欠落している可能性があります。入力されたデータ形式は、自動チェック機構が推奨する形式ではありません。  ,
725,菅内町1582,,菅内町,,1582,,,ERROR: address2のデータは、address1のデータから推測されるデータに一致しません。（自動チェック機構が参照するデータセットに合致しないか、表記が異なります。  ,ERROR: prefectureの列の情報がありません。元データに都道府県情報が欠落している可能性があります。入力されたデータ形式は、自動チェック機構が推奨する形式ではありません。  ,
726,菅内町1587,,菅内町,,1587,,,ERROR: address2のデータは、address1のデータから推測されるデータに一致しません。（自動チェック機構が参照するデータセットに合致しないか、表記が異なります。  ,ERROR: prefectureの列の情報がありません。元データに都道府県情報が欠落している可能性があります。入力されたデータ形式は、自動チェック機構が推奨する形式ではありません。  ,
727,菅内町1587,,菅内町,,1587,,,ERROR: address2のデータは、address1のデータから推測されるデータに一致しません。（自動チェック機構が参照するデータセットに合致しないか、表記が異なります。  ,ERROR: prefectureの列の情報がありません。元データに都道府県情報が欠落している可能性があります。入力されたデータ形式は、自動チェック機構が推奨する形式ではありません。  ,
728,菅内町1589-2,,菅内町,,1589-2,,,ERROR: address2のデータは、address1のデータから推測されるデータに一致しません。（自動チェック機構が参照するデータセットに合致しないか、表記が異なります。  ,ERROR: prefectureの列の情報がありません。元データに都道府県情報が欠落している可能性があります。入力されたデータ形式は、自動チェック機構が推奨する形式ではありません。  ,
729,菅内町1613,,菅内町,,1613,,,ERROR: address2のデータは、address1のデータから推測されるデータに一致しません。（自動チェック機構が参照するデータセットに合致しないか、表記が異なります。  ,ERROR: prefectureの列の情報がありません。元データに都道府県情報が欠落している可能性があります。入力されたデータ形式は、自動チェック機構が推奨する形式ではありません。  ,
730,菅内町509-1,,菅内町,,509-1,,,ERROR: address2のデータは、address1のデータから推測されるデータに一致しません。（自動チェック機構が参照するデータセットに合致しないか、表記が異なります。  ,ERROR: prefectureの列の情報がありません。元データに都道府県情報が欠落している可能性があります。入力されたデータ形式は、自動チェック機構が推奨する形式ではありません。  ,
731,菅内町509-1,,菅内町,,509-1,,,ERROR: address2のデータは、address1のデータから推測されるデータに一致しません。（自動チェック機構が参照するデータセットに合致しないか、表記が異なります。  ,ERROR: prefectureの列の情報がありません。元データに都道府県情報が欠落している可能性があります。入力されたデータ形式は、自動チェック機構が推奨する形式ではありません。  ,
732,菅内町536-4,,菅内町,,536-4,,,ERROR: address2のデータは、address1のデータから推測されるデータに一致しません。（自動チェック機構が参照するデータセットに合致しないか、表記が異なります。  ,ERROR: prefectureの列の情報がありません。元データに都道府県情報が欠落している可能性があります。入力されたデータ形式は、自動チェック機構が推奨する形式ではありません。  ,
733,菅内町536-4,,菅内町,,536-4,,,ERROR: address2のデータは、address1のデータから推測されるデータに一致しません。（自動チェック機構が参照するデータセットに合致しないか、表記が異なります。  ,ERROR: prefectureの列の情報がありません。元データに都道府県情報が欠落している可能性があります。入力されたデータ形式は、自動チェック機構が推奨する形式ではありません。  ,
734,菅内町599,,菅内町,,599,,,ERROR: address2のデータは、address1のデータから推測されるデータに一致しません。（自動チェック機構が参照するデータセットに合致しないか、表記が異なります。  ,ERROR: prefectureの列の情報がありません。元データに都道府県情報が欠落している可能性があります。入力されたデータ形式は、自動チェック機構が推奨する形式ではありません。  ,
735,菅内町599,,菅内町,,599,,,ERROR: address2のデータは、address1のデータから推測されるデータに一致しません。（自動チェック機構が参照するデータセットに合致しないか、表記が異なります。  ,ERROR: prefectureの列の情報がありません。元データに都道府県情報が欠落している可能性があります。入力されたデータ形式は、自動チェック機構が推奨する形式ではありません。  ,
736,菅内町848,,菅内町,,848,,,ERROR: address2のデータは、address1のデータから推測されるデータに一致しません。（自動チェック機構が参照するデータセットに合致しないか、表記が異なります。  ,ERROR: prefectureの列の情報がありません。元データに都道府県情報が欠落している可能性があります。入力されたデータ形式は、自動チェック機構が推奨する形式ではありません。  ,
737,菅内町848,,菅内町,,848,,,ERROR: address2のデータは、address1のデータから推測されるデータに一致しません。（自動チェック機構が参照するデータセットに合致しないか、表記が異なります。  ,ERROR: prefectureの列の情報がありません。元データに都道府県情報が欠落している可能性があります。入力されたデータ形式は、自動チェック機構が推奨する形式ではありません。  ,
738,菅内町859-4,,菅内町,,859-4,,,ERROR: address2のデータは、address1のデータから推測されるデータに一致しません。（自動チェック機構が参照するデータセットに合致しないか、表記が異なります。  ,ERROR: prefectureの列の情報がありません。元データに都道府県情報が欠落している可能性があります。入力されたデータ形式は、自動チェック機構が推奨する形式ではありません。  ,
739,菅内町876-2,,菅内町,,876-2,,,ERROR: address2のデータは、address1のデータから推測されるデータに一致しません。（自動チェック機構が参照するデータセットに合致しないか、表記が異なります。  ,ERROR: prefectureの列の情報がありません。元データに都道府県情報が欠落している可能性があります。入力されたデータ形式は、自動チェック機構が推奨する形式ではありません。  ,
740,菅内町876-2,,菅内町,,876-2,,,ERROR: address2のデータは、address1のデータから推測されるデータに一致しません。（自動チェック機構が参照するデータセットに合致しないか、表記が異なります。  ,ERROR: prefectureの列の情報がありません。元データに都道府県情報が欠落している可能性があります。入力されたデータ形式は、自動チェック機構が推奨する形式ではありません。  ,
741,菅内町886-1,,菅内町,,886-1,,,ERROR: address2のデータは、address1のデータから推測されるデータに一致しません。（自動チェック機構が参照するデータセットに合致しないか、表記が異なります。  ,ERROR: prefectureの列の情報がありません。元データに都道府県情報が欠落している可能性があります。入力されたデータ形式は、自動チェック機構が推奨する形式ではありません。  ,
742,菅内町899,,菅内町,,899,,,ERROR: address2のデータは、address1のデータから推測されるデータに一致しません。（自動チェック機構が参照するデータセットに合致しないか、表記が異なります。  ,ERROR: prefectureの列の情報がありません。元データに都道府県情報が欠落している可能性があります。入力されたデータ形式は、自動チェック機構が推奨する形式ではありません。  ,
743,菅内町899,,菅内町,,899,,,ERROR: address2のデータは、address1のデータから推測されるデータに一致しません。（自動チェック機構が参照するデータセットに合致しないか、表記が異なります。  ,ERROR: prefectureの列の情報がありません。元データに都道府県情報が欠落している可能性があります。入力されたデータ形式は、自動チェック機構が推奨する形式ではありません。  ,
744,菅内町900,,菅内町,,900,,,ERROR: address2のデータは、address1のデータから推測されるデータに一致しません。（自動チェック機構が参照するデータセットに合致しないか、表記が異なります。  ,ERROR: prefectureの列の情報がありません。元データに都道府県情報が欠落している可能性があります。入力されたデータ形式は、自動チェック機構が推奨する形式ではありません。  ,
745,菅内町910,,菅内町,,910,,,ERROR: address2のデータは、address1のデータから推測されるデータに一致しません。（自動チェック機構が参照するデータセットに合致しないか、表記が異なります。  ,ERROR: prefectureの列の情報がありません。元データに都道府県情報が欠落している可能性があります。入力されたデータ形式は、自動チェック機構が推奨する形式ではありません。  ,
746,菅内町918,,菅内町,,918,,,ERROR: address2のデータは、address1のデータから推測されるデータに一致しません。（自動チェック機構が参照するデータセットに合致しないか、表記が異なります。  ,ERROR: prefectureの列の情報がありません。元データに都道府県情報が欠落している可能性があります。入力されたデータ形式は、自動チェック機構が推奨する形式ではありません。  ,
747,菅内町918,,菅内町,,918,,,ERROR: address2のデータは、address1のデータから推測されるデータに一致しません。（自動チェック機構が参照するデータセットに合致しないか、表記が異なります。  ,ERROR: prefectureの列の情報がありません。元データに都道府県情報が欠落している可能性があります。入力されたデータ形式は、自動チェック機構が推奨する形式ではありません。  ,
748,菅内町918,,菅内町,,918,,,ERROR: address2のデータは、address1のデータから推測されるデータに一致しません。（自動チェック機構が参照するデータセットに合致しないか、表記が異なります。  ,ERROR: prefectureの列の情報がありません。元データに都道府県情報が欠落している可能性があります。入力されたデータ形式は、自動チェック機構が推奨する形式ではありません。  ,
749,菅内町918,,菅内町,,918,,,ERROR: address2のデータは、address1のデータから推測されるデータに一致しません。（自動チェック機構が参照するデータセットに合致しないか、表記が異なります。  ,ERROR: prefectureの列の情報がありません。元データに都道府県情報が欠落している可能性があります。入力されたデータ形式は、自動チェック機構が推奨する形式ではありません。  ,
750,菅内町918,,菅内町,,918,,,ERROR: address2のデータは、address1のデータから推測されるデータに一致しません。（自動チェック機構が参照するデータセットに合致しないか、表記が異なります。  ,ERROR: prefectureの列の情報がありません。元データに都道府県情報が欠落している可能性があります。入力されたデータ形式は、自動チェック機構が推奨する形式ではありません。  ,
751,菅内町927-1,,菅内町,,927-1,,,ERROR: address2のデータは、address1のデータから推測されるデータに一致しません。（自動チェック機構が参照するデータセットに合致しないか、表記が異なります。  ,ERROR: prefectureの列の情報がありません。元データに都道府県情報が欠落している可能性があります。入力されたデータ形式は、自動チェック機構が推奨する形式ではありません。  ,
752,菅内町794-1,,菅内町,,794-1,,,ERROR: address2のデータは、address1のデータから推測されるデータに一致しません。（自動チェック機構が参照するデータセットに合致しないか、表記が異なります。  ,ERROR: prefectureの列の情報がありません。元データに都道府県情報が欠落している可能性があります。入力されたデータ形式は、自動チェック機構が推奨する形式ではありません。  ,
753,菅内町794-1,,菅内町,,794-1,,,ERROR: address2のデータは、address1のデータから推測されるデータに一致しません。（自動チェック機構が参照するデータセットに合致しないか、表記が異なります。  ,ERROR: prefectureの列の情報がありません。元データに都道府県情報が欠落している可能性があります。入力されたデータ形式は、自動チェック機構が推奨する形式ではありません。  ,
754,菅内町886-1,,菅内町,,886-1,,,ERROR: address2のデータは、address1のデータから推測されるデータに一致しません。（自動チェック機構が参照するデータセットに合致しないか、表記が異なります。  ,ERROR: prefectureの列の情報がありません。元データに都道府県情報が欠落している可能性があります。入力されたデータ形式は、自動チェック機構が推奨する形式ではありません。  ,
755,菅内町900,,菅内町,,900,,,ERROR: address2のデータは、address1のデータから推測されるデータに一致しません。（自動チェック機構が参照するデータセットに合致しないか、表記が異なります。  ,ERROR: prefectureの列の情報がありません。元データに都道府県情報が欠落している可能性があります。入力されたデータ形式は、自動チェック機構が推奨する形式ではありません。  ,
756,菅内町910,,菅内町,,910,,,ERROR: address2のデータは、address1のデータから推測されるデータに一致しません。（自動チェック機構が参照するデータセットに合致しないか、表記が異なります。  ,ERROR: prefectureの列の情報がありません。元データに都道府県情報が欠落している可能性があります。入力されたデータ形式は、自動チェック機構が推奨する形式ではありません。  ,
757,菅内町918,,菅内町,,918,,,ERROR: address2のデータは、address1のデータから推測されるデータに一致しません。（自動チェック機構が参照するデータセットに合致しないか、表記が異なります。  ,ERROR: prefectureの列の情報がありません。元データに都道府県情報が欠落している可能性があります。入力されたデータ形式は、自動チェック機構が推奨する形式ではありません。  ,
758,下庄町1759-4,,下庄町,,1759-4,,,ERROR: address2のデータは、address1のデータから推測されるデータに一致しません。（自動チェック機構が参照するデータセットに合致しないか、表記が異なります。  ,ERROR: prefectureの列の情報がありません。元データに都道府県情報が欠落している可能性があります。入力されたデータ形式は、自動チェック機構が推奨する形式ではありません。  ,
759,下庄町1759-4,,下庄町,,1759-4,,,ERROR: address2のデータは、address1のデータから推測されるデータに一致しません。（自動チェック機構が参照するデータセットに合致しないか、表記が異なります。  ,ERROR: prefectureの列の情報がありません。元データに都道府県情報が欠落している可能性があります。入力されたデータ形式は、自動チェック機構が推奨する形式ではありません。  ,
760,下庄町1759-4,,下庄町,,1759-4,,,ERROR: address2のデータは、address1のデータから推測されるデータに一致しません。（自動チェック機構が参照するデータセットに合致しないか、表記が異なります。  ,ERROR: prefectureの列の情報がありません。元データに都道府県情報が欠落している可能性があります。入力されたデータ形式は、自動チェック機構が推奨する形式ではありません。  ,
761,下庄町1906-2,,下庄町,,1906-2,,,ERROR: address2のデータは、address1のデータから推測されるデータに一致しません。（自動チェック機構が参照するデータセットに合致しないか、表記が異なります。  ,ERROR: prefectureの列の情報がありません。元データに都道府県情報が欠落している可能性があります。入力されたデータ形式は、自動チェック機構が推奨する形式ではありません。  ,
762,下庄町1906-2,,下庄町,,1906-2,,,ERROR: address2のデータは、address1のデータから推測されるデータに一致しません。（自動チェック機構が参照するデータセットに合致しないか、表記が異なります。  ,ERROR: prefectureの列の情報がありません。元データに都道府県情報が欠落している可能性があります。入力されたデータ形式は、自動チェック機構が推奨する形式ではありません。  ,
763,下庄町1803,,下庄町,,1803,,,ERROR: address2のデータは、address1のデータから推測されるデータに一致しません。（自動チェック機構が参照するデータセットに合致しないか、表記が異なります。  ,ERROR: prefectureの列の情報がありません。元データに都道府県情報が欠落している可能性があります。入力されたデータ形式は、自動チェック機構が推奨する形式ではありません。  ,
764,下庄町1803,,下庄町,,1803,,,ERROR: address2のデータは、address1のデータから推測されるデータに一致しません。（自動チェック機構が参照するデータセットに合致しないか、表記が異なります。  ,ERROR: prefectureの列の情報がありません。元データに都道府県情報が欠落している可能性があります。入力されたデータ形式は、自動チェック機構が推奨する形式ではありません。  ,
765,下庄町1803,,下庄町,,1803,,,ERROR: address2のデータは、address1のデータから推測されるデータに一致しません。（自動チェック機構が参照するデータセットに合致しないか、表記が異なります。  ,ERROR: prefectureの列の情報がありません。元データに都道府県情報が欠落している可能性があります。入力されたデータ形式は、自動チェック機構が推奨する形式ではありません。  ,
766,下庄町1803,,下庄町,,1803,,,ERROR: address2のデータは、address1のデータから推測されるデータに一致しません。（自動チェック機構が参照するデータセットに合致しないか、表記が異なります。  ,ERROR: prefectureの列の情報がありません。元データに都道府県情報が欠落している可能性があります。入力されたデータ形式は、自動チェック機構が推奨する形式ではありません。  ,
767,下庄町1955,,下庄町,,1955,,,ERROR: address2のデータは、address1のデータから推測されるデータに一致しません。（自動チェック機構が参照するデータセットに合致しないか、表記が異なります。  ,ERROR: prefectureの列の情報がありません。元データに都道府県情報が欠落している可能性があります。入力されたデータ形式は、自動チェック機構が推奨する形式ではありません。  ,
768,下庄町2337-1,,下庄町,,2337-1,,,ERROR: address2のデータは、address1のデータから推測されるデータに一致しません。（自動チェック機構が参照するデータセットに合致しないか、表記が異なります。  ,ERROR: prefectureの列の情報がありません。元データに都道府県情報が欠落している可能性があります。入力されたデータ形式は、自動チェック機構が推奨する形式ではありません。  ,
769,下庄町1101,,下庄町,,1101,,,ERROR: address2のデータは、address1のデータから推測されるデータに一致しません。（自動チェック機構が参照するデータセットに合致しないか、表記が異なります。  ,ERROR: prefectureの列の情報がありません。元データに都道府県情報が欠落している可能性があります。入力されたデータ形式は、自動チェック機構が推奨する形式ではありません。  ,
770,下庄町1104-2,,下庄町,,1104-2,,,ERROR: address2のデータは、address1のデータから推測されるデータに一致しません。（自動チェック機構が参照するデータセットに合致しないか、表記が異なります。  ,ERROR: prefectureの列の情報がありません。元データに都道府県情報が欠落している可能性があります。入力されたデータ形式は、自動チェック機構が推奨する形式ではありません。  ,
771,下庄町1104-2,,下庄町,,1104-2,,,ERROR: address2のデータは、address1のデータから推測されるデータに一致しません。（自動チェック機構が参照するデータセットに合致しないか、表記が異なります。  ,ERROR: prefectureの列の情報がありません。元データに都道府県情報が欠落している可能性があります。入力されたデータ形式は、自動チェック機構が推奨する形式ではありません。  ,
772,下庄町1105,,下庄町,,1105,,,ERROR: address2のデータは、address1のデータから推測されるデータに一致しません。（自動チェック機構が参照するデータセットに合致しないか、表記が異なります。  ,ERROR: prefectureの列の情報がありません。元データに都道府県情報が欠落している可能性があります。入力されたデータ形式は、自動チェック機構が推奨する形式ではありません。  ,
773,下庄町1105,,下庄町,,1105,,,ERROR: address2のデータは、address1のデータから推測されるデータに一致しません。（自動チェック機構が参照するデータセットに合致しないか、表記が異なります。  ,ERROR: prefectureの列の情報がありません。元データに都道府県情報が欠落している可能性があります。入力されたデータ形式は、自動チェック機構が推奨する形式ではありません。  ,
774,下庄町1106,,下庄町,,1106,,,ERROR: address2のデータは、address1のデータから推測されるデータに一致しません。（自動チェック機構が参照するデータセットに合致しないか、表記が異なります。  ,ERROR: prefectureの列の情報がありません。元データに都道府県情報が欠落している可能性があります。入力されたデータ形式は、自動チェック機構が推奨する形式ではありません。  ,
775,下庄町1195,,下庄町,,1195,,,ERROR: address2のデータは、address1のデータから推測されるデータに一致しません。（自動チェック機構が参照するデータセットに合致しないか、表記が異なります。  ,ERROR: prefectureの列の情報がありません。元データに都道府県情報が欠落している可能性があります。入力されたデータ形式は、自動チェック機構が推奨する形式ではありません。  ,
776,下庄町1195,,下庄町,,1195,,,ERROR: address2のデータは、address1のデータから推測されるデータに一致しません。（自動チェック機構が参照するデータセットに合致しないか、表記が異なります。  ,ERROR: prefectureの列の情報がありません。元データに都道府県情報が欠落している可能性があります。入力されたデータ形式は、自動チェック機構が推奨する形式ではありません。  ,
777,下庄町1195,,下庄町,,1195,,,ERROR: address2のデータは、address1のデータから推測されるデータに一致しません。（自動チェック機構が参照するデータセットに合致しないか、表記が異なります。  ,ERROR: prefectureの列の情報がありません。元データに都道府県情報が欠落している可能性があります。入力されたデータ形式は、自動チェック機構が推奨する形式ではありません。  ,
778,下庄町1195,,下庄町,,1195,,,ERROR: address2のデータは、address1のデータから推測されるデータに一致しません。（自動チェック機構が参照するデータセットに合致しないか、表記が異なります。  ,ERROR: prefectureの列の情報がありません。元データに都道府県情報が欠落している可能性があります。入力されたデータ形式は、自動チェック機構が推奨する形式ではありません。  ,
779,下庄町1197,,下庄町,,1197,,,ERROR: address2のデータは、address1のデータから推測されるデータに一致しません。（自動チェック機構が参照するデータセットに合致しないか、表記が異なります。  ,ERROR: prefectureの列の情報がありません。元データに都道府県情報が欠落している可能性があります。入力されたデータ形式は、自動チェック機構が推奨する形式ではありません。  ,
780,下庄町1197,,下庄町,,1197,,,ERROR: address2のデータは、address1のデータから推測されるデータに一致しません。（自動チェック機構が参照するデータセットに合致しないか、表記が異なります。  ,ERROR: prefectureの列の情報がありません。元データに都道府県情報が欠落している可能性があります。入力されたデータ形式は、自動チェック機構が推奨する形式ではありません。  ,
781,下庄町1200-1,,下庄町,,1200-1,,,ERROR: address2のデータは、address1のデータから推測されるデータに一致しません。（自動チェック機構が参照するデータセットに合致しないか、表記が異なります。  ,ERROR: prefectureの列の情報がありません。元データに都道府県情報が欠落している可能性があります。入力されたデータ形式は、自動チェック機構が推奨する形式ではありません。  ,
782,下庄町1200-1,,下庄町,,1200-1,,,ERROR: address2のデータは、address1のデータから推測されるデータに一致しません。（自動チェック機構が参照するデータセットに合致しないか、表記が異なります。  ,ERROR: prefectureの列の情報がありません。元データに都道府県情報が欠落している可能性があります。入力されたデータ形式は、自動チェック機構が推奨する形式ではありません。  ,
783,下庄町1200-1,,下庄町,,1200-1,,,ERROR: address2のデータは、address1のデータから推測されるデータに一致しません。（自動チェック機構が参照するデータセットに合致しないか、表記が異なります。  ,ERROR: prefectureの列の情報がありません。元データに都道府県情報が欠落している可能性があります。入力されたデータ形式は、自動チェック機構が推奨する形式ではありません。  ,
784,下庄町1200-1,,下庄町,,1200-1,,,ERROR: address2のデータは、address1のデータから推測されるデータに一致しません。（自動チェック機構が参照するデータセットに合致しないか、表記が異なります。  ,ERROR: prefectureの列の情報がありません。元データに都道府県情報が欠落している可能性があります。入力されたデータ形式は、自動チェック機構が推奨する形式ではありません。  ,
785,下庄町1221-2,,下庄町,,1221-2,,,ERROR: address2のデータは、address1のデータから推測されるデータに一致しません。（自動チェック機構が参照するデータセットに合致しないか、表記が異なります。  ,ERROR: prefectureの列の情報がありません。元データに都道府県情報が欠落している可能性があります。入力されたデータ形式は、自動チェック機構が推奨する形式ではありません。  ,
786,下庄町1221-2,,下庄町,,1221-2,,,ERROR: address2のデータは、address1のデータから推測されるデータに一致しません。（自動チェック機構が参照するデータセットに合致しないか、表記が異なります。  ,ERROR: prefectureの列の情報がありません。元データに都道府県情報が欠落している可能性があります。入力されたデータ形式は、自動チェック機構が推奨する形式ではありません。  ,
787,下庄町1221-2,,下庄町,,1221-2,,,ERROR: address2のデータは、address1のデータから推測されるデータに一致しません。（自動チェック機構が参照するデータセットに合致しないか、表記が異なります。  ,ERROR: prefectureの列の情報がありません。元データに都道府県情報が欠落している可能性があります。入力されたデータ形式は、自動チェック機構が推奨する形式ではありません。  ,
788,下庄町1221-2,,下庄町,,1221-2,,,ERROR: address2のデータは、address1のデータから推測されるデータに一致しません。（自動チェック機構が参照するデータセットに合致しないか、表記が異なります。  ,ERROR: prefectureの列の情報がありません。元データに都道府県情報が欠落している可能性があります。入力されたデータ形式は、自動チェック機構が推奨する形式ではありません。  ,
789,下庄町1229-1,,下庄町,,1229-1,,,ERROR: address2のデータは、address1のデータから推測されるデータに一致しません。（自動チェック機構が参照するデータセットに合致しないか、表記が異なります。  ,ERROR: prefectureの列の情報がありません。元データに都道府県情報が欠落している可能性があります。入力されたデータ形式は、自動チェック機構が推奨する形式ではありません。  ,
790,下庄町1235,,下庄町,,1235,,,ERROR: address2のデータは、address1のデータから推測されるデータに一致しません。（自動チェック機構が参照するデータセットに合致しないか、表記が異なります。  ,ERROR: prefectureの列の情報がありません。元データに都道府県情報が欠落している可能性があります。入力されたデータ形式は、自動チェック機構が推奨する形式ではありません。  ,
791,下庄町1235,,下庄町,,1235,,,ERROR: address2のデータは、address1のデータから推測されるデータに一致しません。（自動チェック機構が参照するデータセットに合致しないか、表記が異なります。  ,ERROR: prefectureの列の情報がありません。元データに都道府県情報が欠落している可能性があります。入力されたデータ形式は、自動チェック機構が推奨する形式ではありません。  ,
792,下庄町124-3,,下庄町,,124-3,,,ERROR: address2のデータは、address1のデータから推測されるデータに一致しません。（自動チェック機構が参照するデータセットに合致しないか、表記が異なります。  ,ERROR: prefectureの列の情報がありません。元データに都道府県情報が欠落している可能性があります。入力されたデータ形式は、自動チェック機構が推奨する形式ではありません。  ,
793,下庄町124-3,,下庄町,,124-3,,,ERROR: address2のデータは、address1のデータから推測されるデータに一致しません。（自動チェック機構が参照するデータセットに合致しないか、表記が異なります。  ,ERROR: prefectureの列の情報がありません。元データに都道府県情報が欠落している可能性があります。入力されたデータ形式は、自動チェック機構が推奨する形式ではありません。  ,
794,下庄町1269-3,,下庄町,,1269-3,,,ERROR: address2のデータは、address1のデータから推測されるデータに一致しません。（自動チェック機構が参照するデータセットに合致しないか、表記が異なります。  ,ERROR: prefectureの列の情報がありません。元データに都道府県情報が欠落している可能性があります。入力されたデータ形式は、自動チェック機構が推奨する形式ではありません。  ,
795,下庄町1269-3,,下庄町,,1269-3,,,ERROR: address2のデータは、address1のデータから推測されるデータに一致しません。（自動チェック機構が参照するデータセットに合致しないか、表記が異なります。  ,ERROR: prefectureの列の情報がありません。元データに都道府県情報が欠落している可能性があります。入力されたデータ形式は、自動チェック機構が推奨する形式ではありません。  ,
796,下庄町1269-3,,下庄町,,1269-3,,,ERROR: address2のデータは、address1のデータから推測されるデータに一致しません。（自動チェック機構が参照するデータセットに合致しないか、表記が異なります。  ,ERROR: prefectureの列の情報がありません。元データに都道府県情報が欠落している可能性があります。入力されたデータ形式は、自動チェック機構が推奨する形式ではありません。  ,
797,下庄町1356-2,,下庄町,,1356-2,,,ERROR: address2のデータは、address1のデータから推測されるデータに一致しません。（自動チェック機構が参照するデータセットに合致しないか、表記が異なります。  ,ERROR: prefectureの列の情報がありません。元データに都道府県情報が欠落している可能性があります。入力されたデータ形式は、自動チェック機構が推奨する形式ではありません。  ,
798,下庄町1356-2,,下庄町,,1356-2,,,ERROR: address2のデータは、address1のデータから推測されるデータに一致しません。（自動チェック機構が参照するデータセットに合致しないか、表記が異なります。  ,ERROR: prefectureの列の情報がありません。元データに都道府県情報が欠落している可能性があります。入力されたデータ形式は、自動チェック機構が推奨する形式ではありません。  ,
799,下庄町1356-2,,下庄町,,1356-2,,,ERROR: address2のデータは、address1のデータから推測されるデータに一致しません。（自動チェック機構が参照するデータセットに合致しないか、表記が異なります。  ,ERROR: prefectureの列の情報がありません。元データに都道府県情報が欠落している可能性があります。入力されたデータ形式は、自動チェック機構が推奨する形式ではありません。  ,
800,下庄町1357-3,,下庄町,,1357-3,,,ERROR: address2のデータは、address1のデータから推測されるデータに一致しません。（自動チェック機構が参照するデータセットに合致しないか、表記が異なります。  ,ERROR: prefectureの列の情報がありません。元データに都道府県情報が欠落している可能性があります。入力されたデータ形式は、自動チェック機構が推奨する形式ではありません。  ,
801,下庄町1357-5,,下庄町,,1357-5,,,ERROR: address2のデータは、address1のデータから推測されるデータに一致しません。（自動チェック機構が参照するデータセットに合致しないか、表記が異なります。  ,ERROR: prefectureの列の情報がありません。元データに都道府県情報が欠落している可能性があります。入力されたデータ形式は、自動チェック機構が推奨する形式ではありません。  ,
802,下庄町1358-1,,下庄町,,1358-1,,,ERROR: address2のデータは、address1のデータから推測されるデータに一致しません。（自動チェック機構が参照するデータセットに合致しないか、表記が異なります。  ,ERROR: prefectureの列の情報がありません。元データに都道府県情報が欠落している可能性があります。入力されたデータ形式は、自動チェック機構が推奨する形式ではありません。  ,
803,下庄町1358-1,,下庄町,,1358-1,,,ERROR: address2のデータは、address1のデータから推測されるデータに一致しません。（自動チェック機構が参照するデータセットに合致しないか、表記が異なります。  ,ERROR: prefectureの列の情報がありません。元データに都道府県情報が欠落している可能性があります。入力されたデータ形式は、自動チェック機構が推奨する形式ではありません。  ,
804,下庄町1358-1,,下庄町,,1358-1,,,ERROR: address2のデータは、address1のデータから推測されるデータに一致しません。（自動チェック機構が参照するデータセットに合致しないか、表記が異なります。  ,ERROR: prefectureの列の情報がありません。元データに都道府県情報が欠落している可能性があります。入力されたデータ形式は、自動チェック機構が推奨する形式ではありません。  ,
805,下庄町1358-1,,下庄町,,1358-1,,,ERROR: address2のデータは、address1のデータから推測されるデータに一致しません。（自動チェック機構が参照するデータセットに合致しないか、表記が異なります。  ,ERROR: prefectureの列の情報がありません。元データに都道府県情報が欠落している可能性があります。入力されたデータ形式は、自動チェック機構が推奨する形式ではありません。  ,
806,下庄町1735,,下庄町,,1735,,,ERROR: address2のデータは、address1のデータから推測されるデータに一致しません。（自動チェック機構が参照するデータセットに合致しないか、表記が異なります。  ,ERROR: prefectureの列の情報がありません。元データに都道府県情報が欠落している可能性があります。入力されたデータ形式は、自動チェック機構が推奨する形式ではありません。  ,
807,下庄町1735,,下庄町,,1735,,,ERROR: address2のデータは、address1のデータから推測されるデータに一致しません。（自動チェック機構が参照するデータセットに合致しないか、表記が異なります。  ,ERROR: prefectureの列の情報がありません。元データに都道府県情報が欠落している可能性があります。入力されたデータ形式は、自動チェック機構が推奨する形式ではありません。  ,
808,下庄町1735,,下庄町,,1735,,,ERROR: address2のデータは、address1のデータから推測されるデータに一致しません。（自動チェック機構が参照するデータセットに合致しないか、表記が異なります。  ,ERROR: prefectureの列の情報がありません。元データに都道府県情報が欠落している可能性があります。入力されたデータ形式は、自動チェック機構が推奨する形式ではありません。  ,
809,下庄町1735,,下庄町,,1735,,,ERROR: address2のデータは、address1のデータから推測されるデータに一致しません。（自動チェック機構が参照するデータセットに合致しないか、表記が異なります。  ,ERROR: prefectureの列の情報がありません。元データに都道府県情報が欠落している可能性があります。入力されたデータ形式は、自動チェック機構が推奨する形式ではありません。  ,
810,下庄町1736-1,,下庄町,,1736-1,,,ERROR: address2のデータは、address1のデータから推測されるデータに一致しません。（自動チェック機構が参照するデータセットに合致しないか、表記が異なります。  ,ERROR: prefectureの列の情報がありません。元データに都道府県情報が欠落している可能性があります。入力されたデータ形式は、自動チェック機構が推奨する形式ではありません。  ,
811,下庄町1736-1,,下庄町,,1736-1,,,ERROR: address2のデータは、address1のデータから推測されるデータに一致しません。（自動チェック機構が参照するデータセットに合致しないか、表記が異なります。  ,ERROR: prefectureの列の情報がありません。元データに都道府県情報が欠落している可能性があります。入力されたデータ形式は、自動チェック機構が推奨する形式ではありません。  ,
812,下庄町1747-6,,下庄町,,1747-6,,,ERROR: address2のデータは、address1のデータから推測されるデータに一致しません。（自動チェック機構が参照するデータセットに合致しないか、表記が異なります。  ,ERROR: prefectureの列の情報がありません。元データに都道府県情報が欠落している可能性があります。入力されたデータ形式は、自動チェック機構が推奨する形式ではありません。  ,
813,下庄町1750,,下庄町,,1750,,,ERROR: address2のデータは、address1のデータから推測されるデータに一致しません。（自動チェック機構が参照するデータセットに合致しないか、表記が異なります。  ,ERROR: prefectureの列の情報がありません。元データに都道府県情報が欠落している可能性があります。入力されたデータ形式は、自動チェック機構が推奨する形式ではありません。  ,
814,下庄町1750,,下庄町,,1750,,,ERROR: address2のデータは、address1のデータから推測されるデータに一致しません。（自動チェック機構が参照するデータセットに合致しないか、表記が異なります。  ,ERROR: prefectureの列の情報がありません。元データに都道府県情報が欠落している可能性があります。入力されたデータ形式は、自動チェック機構が推奨する形式ではありません。  ,
815,下庄町1751-1,,下庄町,,1751-1,,,ERROR: address2のデータは、address1のデータから推測されるデータに一致しません。（自動チェック機構が参照するデータセットに合致しないか、表記が異なります。  ,ERROR: prefectureの列の情報がありません。元データに都道府県情報が欠落している可能性があります。入力されたデータ形式は、自動チェック機構が推奨する形式ではありません。  ,
816,下庄町1751-1,,下庄町,,1751-1,,,ERROR: address2のデータは、address1のデータから推測されるデータに一致しません。（自動チェック機構が参照するデータセットに合致しないか、表記が異なります。  ,ERROR: prefectureの列の情報がありません。元データに都道府県情報が欠落している可能性があります。入力されたデータ形式は、自動チェック機構が推奨する形式ではありません。  ,
817,下庄町1766,,下庄町,,1766,,,ERROR: address2のデータは、address1のデータから推測されるデータに一致しません。（自動チェック機構が参照するデータセットに合致しないか、表記が異なります。  ,ERROR: prefectureの列の情報がありません。元データに都道府県情報が欠落している可能性があります。入力されたデータ形式は、自動チェック機構が推奨する形式ではありません。  ,
818,下庄町1766,,下庄町,,1766,,,ERROR: address2のデータは、address1のデータから推測されるデータに一致しません。（自動チェック機構が参照するデータセットに合致しないか、表記が異なります。  ,ERROR: prefectureの列の情報がありません。元データに都道府県情報が欠落している可能性があります。入力されたデータ形式は、自動チェック機構が推奨する形式ではありません。  ,
819,下庄町1766,,下庄町,,1766,,,ERROR: address2のデータは、address1のデータから推測されるデータに一致しません。（自動チェック機構が参照するデータセットに合致しないか、表記が異なります。  ,ERROR: prefectureの列の情報がありません。元データに都道府県情報が欠落している可能性があります。入力されたデータ形式は、自動チェック機構が推奨する形式ではありません。  ,
820,下庄町1770-1,,下庄町,,1770-1,,,ERROR: address2のデータは、address1のデータから推測されるデータに一致しません。（自動チェック機構が参照するデータセットに合致しないか、表記が異なります。  ,ERROR: prefectureの列の情報がありません。元データに都道府県情報が欠落している可能性があります。入力されたデータ形式は、自動チェック機構が推奨する形式ではありません。  ,
821,下庄町1770-1,,下庄町,,1770-1,,,ERROR: address2のデータは、address1のデータから推測されるデータに一致しません。（自動チェック機構が参照するデータセットに合致しないか、表記が異なります。  ,ERROR: prefectureの列の情報がありません。元データに都道府県情報が欠落している可能性があります。入力されたデータ形式は、自動チェック機構が推奨する形式ではありません。  ,
822,下庄町1770-1,,下庄町,,1770-1,,,ERROR: address2のデータは、address1のデータから推測されるデータに一致しません。（自動チェック機構が参照するデータセットに合致しないか、表記が異なります。  ,ERROR: prefectureの列の情報がありません。元データに都道府県情報が欠落している可能性があります。入力されたデータ形式は、自動チェック機構が推奨する形式ではありません。  ,
823,下庄町1770-1,,下庄町,,1770-1,,,ERROR: address2のデータは、address1のデータから推測されるデータに一致しません。（自動チェック機構が参照するデータセットに合致しないか、表記が異なります。  ,ERROR: prefectureの列の情報がありません。元データに都道府県情報が欠落している可能性があります。入力されたデータ形式は、自動チェック機構が推奨する形式ではありません。  ,
824,下庄町1771-1,,下庄町,,1771-1,,,ERROR: address2のデータは、address1のデータから推測されるデータに一致しません。（自動チェック機構が参照するデータセットに合致しないか、表記が異なります。  ,ERROR: prefectureの列の情報がありません。元データに都道府県情報が欠落している可能性があります。入力されたデータ形式は、自動チェック機構が推奨する形式ではありません。  ,
825,下庄町1771-1,,下庄町,,1771-1,,,ERROR: address2のデータは、address1のデータから推測されるデータに一致しません。（自動チェック機構が参照するデータセットに合致しないか、表記が異なります。  ,ERROR: prefectureの列の情報がありません。元データに都道府県情報が欠落している可能性があります。入力されたデータ形式は、自動チェック機構が推奨する形式ではありません。  ,
826,下庄町1771-1,,下庄町,,1771-1,,,ERROR: address2のデータは、address1のデータから推測されるデータに一致しません。（自動チェック機構が参照するデータセットに合致しないか、表記が異なります。  ,ERROR: prefectureの列の情報がありません。元データに都道府県情報が欠落している可能性があります。入力されたデータ形式は、自動チェック機構が推奨する形式ではありません。  ,
827,下庄町1772-2,,下庄町,,1772-2,,,ERROR: address2のデータは、address1のデータから推測されるデータに一致しません。（自動チェック機構が参照するデータセットに合致しないか、表記が異なります。  ,ERROR: prefectureの列の情報がありません。元データに都道府県情報が欠落している可能性があります。入力されたデータ形式は、自動チェック機構が推奨する形式ではありません。  ,
828,下庄町1777,,下庄町,,1777,,,ERROR: address2のデータは、address1のデータから推測されるデータに一致しません。（自動チェック機構が参照するデータセットに合致しないか、表記が異なります。  ,ERROR: prefectureの列の情報がありません。元データに都道府県情報が欠落している可能性があります。入力されたデータ形式は、自動チェック機構が推奨する形式ではありません。  ,
829,下庄町1777,,下庄町,,1777,,,ERROR: address2のデータは、address1のデータから推測されるデータに一致しません。（自動チェック機構が参照するデータセットに合致しないか、表記が異なります。  ,ERROR: prefectureの列の情報がありません。元データに都道府県情報が欠落している可能性があります。入力されたデータ形式は、自動チェック機構が推奨する形式ではありません。  ,
830,下庄町1777,,下庄町,,1777,,,ERROR: address2のデータは、address1のデータから推測されるデータに一致しません。（自動チェック機構が参照するデータセットに合致しないか、表記が異なります。  ,ERROR: prefectureの列の情報がありません。元データに都道府県情報が欠落している可能性があります。入力されたデータ形式は、自動チェック機構が推奨する形式ではありません。  ,
831,下庄町1777,,下庄町,,1777,,,ERROR: address2のデータは、address1のデータから推測されるデータに一致しません。（自動チェック機構が参照するデータセットに合致しないか、表記が異なります。  ,ERROR: prefectureの列の情報がありません。元データに都道府県情報が欠落している可能性があります。入力されたデータ形式は、自動チェック機構が推奨する形式ではありません。  ,
832,下庄町1781-1,,下庄町,,1781-1,,,ERROR: address2のデータは、address1のデータから推測されるデータに一致しません。（自動チェック機構が参照するデータセットに合致しないか、表記が異なります。  ,ERROR: prefectureの列の情報がありません。元データに都道府県情報が欠落している可能性があります。入力されたデータ形式は、自動チェック機構が推奨する形式ではありません。  ,
833,下庄町1783-1,,下庄町,,1783-1,,,ERROR: address2のデータは、address1のデータから推測されるデータに一致しません。（自動チェック機構が参照するデータセットに合致しないか、表記が異なります。  ,ERROR: prefectureの列の情報がありません。元データに都道府県情報が欠落している可能性があります。入力されたデータ形式は、自動チェック機構が推奨する形式ではありません。  ,
834,下庄町1788,,下庄町,,1788,,,ERROR: address2のデータは、address1のデータから推測されるデータに一致しません。（自動チェック機構が参照するデータセットに合致しないか、表記が異なります。  ,ERROR: prefectureの列の情報がありません。元データに都道府県情報が欠落している可能性があります。入力されたデータ形式は、自動チェック機構が推奨する形式ではありません。  ,
835,下庄町1788,,下庄町,,1788,,,ERROR: address2のデータは、address1のデータから推測されるデータに一致しません。（自動チェック機構が参照するデータセットに合致しないか、表記が異なります。  ,ERROR: prefectureの列の情報がありません。元データに都道府県情報が欠落している可能性があります。入力されたデータ形式は、自動チェック機構が推奨する形式ではありません。  ,
836,下庄町1799,,下庄町,,1799,,,ERROR: address2のデータは、address1のデータから推測されるデータに一致しません。（自動チェック機構が参照するデータセットに合致しないか、表記が異なります。  ,ERROR: prefectureの列の情報がありません。元データに都道府県情報が欠落している可能性があります。入力されたデータ形式は、自動チェック機構が推奨する形式ではありません。  ,
837,下庄町1799,,下庄町,,1799,,,ERROR: address2のデータは、address1のデータから推測されるデータに一致しません。（自動チェック機構が参照するデータセットに合致しないか、表記が異なります。  ,ERROR: prefectureの列の情報がありません。元データに都道府県情報が欠落している可能性があります。入力されたデータ形式は、自動チェック機構が推奨する形式ではありません。  ,
838,下庄町1804,,下庄町,,1804,,,ERROR: address2のデータは、address1のデータから推測されるデータに一致しません。（自動チェック機構が参照するデータセットに合致しないか、表記が異なります。  ,ERROR: prefectureの列の情報がありません。元データに都道府県情報が欠落している可能性があります。入力されたデータ形式は、自動チェック機構が推奨する形式ではありません。  ,
839,下庄町1804,,下庄町,,1804,,,ERROR: address2のデータは、address1のデータから推測されるデータに一致しません。（自動チェック機構が参照するデータセットに合致しないか、表記が異なります。  ,ERROR: prefectureの列の情報がありません。元データに都道府県情報が欠落している可能性があります。入力されたデータ形式は、自動チェック機構が推奨する形式ではありません。  ,
840,下庄町1804,,下庄町,,1804,,,ERROR: address2のデータは、address1のデータから推測されるデータに一致しません。（自動チェック機構が参照するデータセットに合致しないか、表記が異なります。  ,ERROR: prefectureの列の情報がありません。元データに都道府県情報が欠落している可能性があります。入力されたデータ形式は、自動チェック機構が推奨する形式ではありません。  ,
841,下庄町1804,,下庄町,,1804,,,ERROR: address2のデータは、address1のデータから推測されるデータに一致しません。（自動チェック機構が参照するデータセットに合致しないか、表記が異なります。  ,ERROR: prefectureの列の情報がありません。元データに都道府県情報が欠落している可能性があります。入力されたデータ形式は、自動チェック機構が推奨する形式ではありません。  ,
842,下庄町1804,,下庄町,,1804,,,ERROR: address2のデータは、address1のデータから推測されるデータに一致しません。（自動チェック機構が参照するデータセットに合致しないか、表記が異なります。  ,ERROR: prefectureの列の情報がありません。元データに都道府県情報が欠落している可能性があります。入力されたデータ形式は、自動チェック機構が推奨する形式ではありません。  ,
843,下庄町1807,,下庄町,,1807,,,ERROR: address2のデータは、address1のデータから推測されるデータに一致しません。（自動チェック機構が参照するデータセットに合致しないか、表記が異なります。  ,ERROR: prefectureの列の情報がありません。元データに都道府県情報が欠落している可能性があります。入力されたデータ形式は、自動チェック機構が推奨する形式ではありません。  ,
844,下庄町1807,,下庄町,,1807,,,ERROR: address2のデータは、address1のデータから推測されるデータに一致しません。（自動チェック機構が参照するデータセットに合致しないか、表記が異なります。  ,ERROR: prefectureの列の情報がありません。元データに都道府県情報が欠落している可能性があります。入力されたデータ形式は、自動チェック機構が推奨する形式ではありません。  ,
845,下庄町1818,,下庄町,,1818,,,ERROR: address2のデータは、address1のデータから推測されるデータに一致しません。（自動チェック機構が参照するデータセットに合致しないか、表記が異なります。  ,ERROR: prefectureの列の情報がありません。元データに都道府県情報が欠落している可能性があります。入力されたデータ形式は、自動チェック機構が推奨する形式ではありません。  ,
846,下庄町1818,,下庄町,,1818,,,ERROR: address2のデータは、address1のデータから推測されるデータに一致しません。（自動チェック機構が参照するデータセットに合致しないか、表記が異なります。  ,ERROR: prefectureの列の情報がありません。元データに都道府県情報が欠落している可能性があります。入力されたデータ形式は、自動チェック機構が推奨する形式ではありません。  ,
847,下庄町1825,,下庄町,,1825,,,ERROR: address2のデータは、address1のデータから推測されるデータに一致しません。（自動チェック機構が参照するデータセットに合致しないか、表記が異なります。  ,ERROR: prefectureの列の情報がありません。元データに都道府県情報が欠落している可能性があります。入力されたデータ形式は、自動チェック機構が推奨する形式ではありません。  ,
848,下庄町1825,,下庄町,,1825,,,ERROR: address2のデータは、address1のデータから推測されるデータに一致しません。（自動チェック機構が参照するデータセットに合致しないか、表記が異なります。  ,ERROR: prefectureの列の情報がありません。元データに都道府県情報が欠落している可能性があります。入力されたデータ形式は、自動チェック機構が推奨する形式ではありません。  ,
849,下庄町1843-3,,下庄町,,1843-3,,,ERROR: address2のデータは、address1のデータから推測されるデータに一致しません。（自動チェック機構が参照するデータセットに合致しないか、表記が異なります。  ,ERROR: prefectureの列の情報がありません。元データに都道府県情報が欠落している可能性があります。入力されたデータ形式は、自動チェック機構が推奨する形式ではありません。  ,
850,下庄町1844-1,,下庄町,,1844-1,,,ERROR: address2のデータは、address1のデータから推測されるデータに一致しません。（自動チェック機構が参照するデータセットに合致しないか、表記が異なります。  ,ERROR: prefectureの列の情報がありません。元データに都道府県情報が欠落している可能性があります。入力されたデータ形式は、自動チェック機構が推奨する形式ではありません。  ,
851,下庄町1857-2,,下庄町,,1857-2,,,ERROR: address2のデータは、address1のデータから推測されるデータに一致しません。（自動チェック機構が参照するデータセットに合致しないか、表記が異なります。  ,ERROR: prefectureの列の情報がありません。元データに都道府県情報が欠落している可能性があります。入力されたデータ形式は、自動チェック機構が推奨する形式ではありません。  ,
852,下庄町1857-2,,下庄町,,1857-2,,,ERROR: address2のデータは、address1のデータから推測されるデータに一致しません。（自動チェック機構が参照するデータセットに合致しないか、表記が異なります。  ,ERROR: prefectureの列の情報がありません。元データに都道府県情報が欠落している可能性があります。入力されたデータ形式は、自動チェック機構が推奨する形式ではありません。  ,
853,下庄町1858,,下庄町,,1858,,,ERROR: address2のデータは、address1のデータから推測されるデータに一致しません。（自動チェック機構が参照するデータセットに合致しないか、表記が異なります。  ,ERROR: prefectureの列の情報がありません。元データに都道府県情報が欠落している可能性があります。入力されたデータ形式は、自動チェック機構が推奨する形式ではありません。  ,
854,下庄町1858,,下庄町,,1858,,,ERROR: address2のデータは、address1のデータから推測されるデータに一致しません。（自動チェック機構が参照するデータセットに合致しないか、表記が異なります。  ,ERROR: prefectureの列の情報がありません。元データに都道府県情報が欠落している可能性があります。入力されたデータ形式は、自動チェック機構が推奨する形式ではありません。  ,
855,下庄町1860,,下庄町,,1860,,,ERROR: address2のデータは、address1のデータから推測されるデータに一致しません。（自動チェック機構が参照するデータセットに合致しないか、表記が異なります。  ,ERROR: prefectureの列の情報がありません。元データに都道府県情報が欠落している可能性があります。入力されたデータ形式は、自動チェック機構が推奨する形式ではありません。  ,
856,下庄町1860,,下庄町,,1860,,,ERROR: address2のデータは、address1のデータから推測されるデータに一致しません。（自動チェック機構が参照するデータセットに合致しないか、表記が異なります。  ,ERROR: prefectureの列の情報がありません。元データに都道府県情報が欠落している可能性があります。入力されたデータ形式は、自動チェック機構が推奨する形式ではありません。  ,
857,下庄町1860,,下庄町,,1860,,,ERROR: address2のデータは、address1のデータから推測されるデータに一致しません。（自動チェック機構が参照するデータセットに合致しないか、表記が異なります。  ,ERROR: prefectureの列の情報がありません。元データに都道府県情報が欠落している可能性があります。入力されたデータ形式は、自動チェック機構が推奨する形式ではありません。  ,
858,下庄町1961-2,,下庄町,,1961-2,,,ERROR: address2のデータは、address1のデータから推測されるデータに一致しません。（自動チェック機構が参照するデータセットに合致しないか、表記が異なります。  ,ERROR: prefectureの列の情報がありません。元データに都道府県情報が欠落している可能性があります。入力されたデータ形式は、自動チェック機構が推奨する形式ではありません。  ,
859,下庄町1961-2,,下庄町,,1961-2,,,ERROR: address2のデータは、address1のデータから推測されるデータに一致しません。（自動チェック機構が参照するデータセットに合致しないか、表記が異なります。  ,ERROR: prefectureの列の情報がありません。元データに都道府県情報が欠落している可能性があります。入力されたデータ形式は、自動チェック機構が推奨する形式ではありません。  ,
860,下庄町1961-2,,下庄町,,1961-2,,,ERROR: address2のデータは、address1のデータから推測されるデータに一致しません。（自動チェック機構が参照するデータセットに合致しないか、表記が異なります。  ,ERROR: prefectureの列の情報がありません。元データに都道府県情報が欠落している可能性があります。入力されたデータ形式は、自動チェック機構が推奨する形式ではありません。  ,
861,下庄町1961-2,,下庄町,,1961-2,,,ERROR: address2のデータは、address1のデータから推測されるデータに一致しません。（自動チェック機構が参照するデータセットに合致しないか、表記が異なります。  ,ERROR: prefectureの列の情報がありません。元データに都道府県情報が欠落している可能性があります。入力されたデータ形式は、自動チェック機構が推奨する形式ではありません。  ,
862,下庄町2203,,下庄町,,2203,,,ERROR: address2のデータは、address1のデータから推測されるデータに一致しません。（自動チェック機構が参照するデータセットに合致しないか、表記が異なります。  ,ERROR: prefectureの列の情報がありません。元データに都道府県情報が欠落している可能性があります。入力されたデータ形式は、自動チェック機構が推奨する形式ではありません。  ,
863,下庄町2203,,下庄町,,2203,,,ERROR: address2のデータは、address1のデータから推測されるデータに一致しません。（自動チェック機構が参照するデータセットに合致しないか、表記が異なります。  ,ERROR: prefectureの列の情報がありません。元データに都道府県情報が欠落している可能性があります。入力されたデータ形式は、自動チェック機構が推奨する形式ではありません。  ,
864,下庄町2208-1,,下庄町,,2208-1,,,ERROR: address2のデータは、address1のデータから推測されるデータに一致しません。（自動チェック機構が参照するデータセットに合致しないか、表記が異なります。  ,ERROR: prefectureの列の情報がありません。元データに都道府県情報が欠落している可能性があります。入力されたデータ形式は、自動チェック機構が推奨する形式ではありません。  ,
865,下庄町2208-1,,下庄町,,2208-1,,,ERROR: address2のデータは、address1のデータから推測されるデータに一致しません。（自動チェック機構が参照するデータセットに合致しないか、表記が異なります。  ,ERROR: prefectureの列の情報がありません。元データに都道府県情報が欠落している可能性があります。入力されたデータ形式は、自動チェック機構が推奨する形式ではありません。  ,
866,下庄町2222,,下庄町,,2222,,,ERROR: address2のデータは、address1のデータから推測されるデータに一致しません。（自動チェック機構が参照するデータセットに合致しないか、表記が異なります。  ,ERROR: prefectureの列の情報がありません。元データに都道府県情報が欠落している可能性があります。入力されたデータ形式は、自動チェック機構が推奨する形式ではありません。  ,
867,下庄町2222,,下庄町,,2222,,,ERROR: address2のデータは、address1のデータから推測されるデータに一致しません。（自動チェック機構が参照するデータセットに合致しないか、表記が異なります。  ,ERROR: prefectureの列の情報がありません。元データに都道府県情報が欠落している可能性があります。入力されたデータ形式は、自動チェック機構が推奨する形式ではありません。  ,
868,下庄町2222,,下庄町,,2222,,,ERROR: address2のデータは、address1のデータから推測されるデータに一致しません。（自動チェック機構が参照するデータセットに合致しないか、表記が異なります。  ,ERROR: prefectureの列の情報がありません。元データに都道府県情報が欠落している可能性があります。入力されたデータ形式は、自動チェック機構が推奨する形式ではありません。  ,
869,下庄町2309-1,,下庄町,,2309-1,,,ERROR: address2のデータは、address1のデータから推測されるデータに一致しません。（自動チェック機構が参照するデータセットに合致しないか、表記が異なります。  ,ERROR: prefectureの列の情報がありません。元データに都道府県情報が欠落している可能性があります。入力されたデータ形式は、自動チェック機構が推奨する形式ではありません。  ,
870,下庄町2309-1,,下庄町,,2309-1,,,ERROR: address2のデータは、address1のデータから推測されるデータに一致しません。（自動チェック機構が参照するデータセットに合致しないか、表記が異なります。  ,ERROR: prefectureの列の情報がありません。元データに都道府県情報が欠落している可能性があります。入力されたデータ形式は、自動チェック機構が推奨する形式ではありません。  ,
871,下庄町2309-1,,下庄町,,2309-1,,,ERROR: address2のデータは、address1のデータから推測されるデータに一致しません。（自動チェック機構が参照するデータセットに合致しないか、表記が異なります。  ,ERROR: prefectureの列の情報がありません。元データに都道府県情報が欠落している可能性があります。入力されたデータ形式は、自動チェック機構が推奨する形式ではありません。  ,
872,下庄町2340,,下庄町,,2340,,,ERROR: address2のデータは、address1のデータから推測されるデータに一致しません。（自動チェック機構が参照するデータセットに合致しないか、表記が異なります。  ,ERROR: prefectureの列の情報がありません。元データに都道府県情報が欠落している可能性があります。入力されたデータ形式は、自動チェック機構が推奨する形式ではありません。  ,
873,下庄町2340,,下庄町,,2340,,,ERROR: address2のデータは、address1のデータから推測されるデータに一致しません。（自動チェック機構が参照するデータセットに合致しないか、表記が異なります。  ,ERROR: prefectureの列の情報がありません。元データに都道府県情報が欠落している可能性があります。入力されたデータ形式は、自動チェック機構が推奨する形式ではありません。  ,
874,下庄町2340,,下庄町,,2340,,,ERROR: address2のデータは、address1のデータから推測されるデータに一致しません。（自動チェック機構が参照するデータセットに合致しないか、表記が異なります。  ,ERROR: prefectureの列の情報がありません。元データに都道府県情報が欠落している可能性があります。入力されたデータ形式は、自動チェック機構が推奨する形式ではありません。  ,
875,下庄町2340,,下庄町,,2340,,,ERROR: address2のデータは、address1のデータから推測されるデータに一致しません。（自動チェック機構が参照するデータセットに合致しないか、表記が異なります。  ,ERROR: prefectureの列の情報がありません。元データに都道府県情報が欠落している可能性があります。入力されたデータ形式は、自動チェック機構が推奨する形式ではありません。  ,
876,下庄町2347-3,,下庄町,,2347-3,,,ERROR: address2のデータは、address1のデータから推測されるデータに一致しません。（自動チェック機構が参照するデータセットに合致しないか、表記が異なります。  ,ERROR: prefectureの列の情報がありません。元データに都道府県情報が欠落している可能性があります。入力されたデータ形式は、自動チェック機構が推奨する形式ではありません。  ,
877,下庄町2347-3,,下庄町,,2347-3,,,ERROR: address2のデータは、address1のデータから推測されるデータに一致しません。（自動チェック機構が参照するデータセットに合致しないか、表記が異なります。  ,ERROR: prefectureの列の情報がありません。元データに都道府県情報が欠落している可能性があります。入力されたデータ形式は、自動チェック機構が推奨する形式ではありません。  ,
878,下庄町2347-3,,下庄町,,2347-3,,,ERROR: address2のデータは、address1のデータから推測されるデータに一致しません。（自動チェック機構が参照するデータセットに合致しないか、表記が異なります。  ,ERROR: prefectureの列の情報がありません。元データに都道府県情報が欠落している可能性があります。入力されたデータ形式は、自動チェック機構が推奨する形式ではありません。  ,
879,下庄町2351,,下庄町,,2351,,,ERROR: address2のデータは、address1のデータから推測されるデータに一致しません。（自動チェック機構が参照するデータセットに合致しないか、表記が異なります。  ,ERROR: prefectureの列の情報がありません。元データに都道府県情報が欠落している可能性があります。入力されたデータ形式は、自動チェック機構が推奨する形式ではありません。  ,
880,下庄町2351,,下庄町,,2351,,,ERROR: address2のデータは、address1のデータから推測されるデータに一致しません。（自動チェック機構が参照するデータセットに合致しないか、表記が異なります。  ,ERROR: prefectureの列の情報がありません。元データに都道府県情報が欠落している可能性があります。入力されたデータ形式は、自動チェック機構が推奨する形式ではありません。  ,
881,下庄町2351,,下庄町,,2351,,,ERROR: address2のデータは、address1のデータから推測されるデータに一致しません。（自動チェック機構が参照するデータセットに合致しないか、表記が異なります。  ,ERROR: prefectureの列の情報がありません。元データに都道府県情報が欠落している可能性があります。入力されたデータ形式は、自動チェック機構が推奨する形式ではありません。  ,
882,下庄町2351,,下庄町,,2351,,,ERROR: address2のデータは、address1のデータから推測されるデータに一致しません。（自動チェック機構が参照するデータセットに合致しないか、表記が異なります。  ,ERROR: prefectureの列の情報がありません。元データに都道府県情報が欠落している可能性があります。入力されたデータ形式は、自動チェック機構が推奨する形式ではありません。  ,
883,下庄町2353,,下庄町,,2353,,,ERROR: address2のデータは、address1のデータから推測されるデータに一致しません。（自動チェック機構が参照するデータセットに合致しないか、表記が異なります。  ,ERROR: prefectureの列の情報がありません。元データに都道府県情報が欠落している可能性があります。入力されたデータ形式は、自動チェック機構が推奨する形式ではありません。  ,
884,下庄町2357,,下庄町,,2357,,,ERROR: address2のデータは、address1のデータから推測されるデータに一致しません。（自動チェック機構が参照するデータセットに合致しないか、表記が異なります。  ,ERROR: prefectureの列の情報がありません。元データに都道府県情報が欠落している可能性があります。入力されたデータ形式は、自動チェック機構が推奨する形式ではありません。  ,
885,下庄町2357,,下庄町,,2357,,,ERROR: address2のデータは、address1のデータから推測されるデータに一致しません。（自動チェック機構が参照するデータセットに合致しないか、表記が異なります。  ,ERROR: prefectureの列の情報がありません。元データに都道府県情報が欠落している可能性があります。入力されたデータ形式は、自動チェック機構が推奨する形式ではありません。  ,
886,下庄町2374,,下庄町,,2374,,,ERROR: address2のデータは、address1のデータから推測されるデータに一致しません。（自動チェック機構が参照するデータセットに合致しないか、表記が異なります。  ,ERROR: prefectureの列の情報がありません。元データに都道府県情報が欠落している可能性があります。入力されたデータ形式は、自動チェック機構が推奨する形式ではありません。  ,
887,下庄町2374,,下庄町,,2374,,,ERROR: address2のデータは、address1のデータから推測されるデータに一致しません。（自動チェック機構が参照するデータセットに合致しないか、表記が異なります。  ,ERROR: prefectureの列の情報がありません。元データに都道府県情報が欠落している可能性があります。入力されたデータ形式は、自動チェック機構が推奨する形式ではありません。  ,
888,下庄町2374,,下庄町,,2374,,,ERROR: address2のデータは、address1のデータから推測されるデータに一致しません。（自動チェック機構が参照するデータセットに合致しないか、表記が異なります。  ,ERROR: prefectureの列の情報がありません。元データに都道府県情報が欠落している可能性があります。入力されたデータ形式は、自動チェック機構が推奨する形式ではありません。  ,
889,下庄町2379-3,,下庄町,,2379-3,,,ERROR: address2のデータは、address1のデータから推測されるデータに一致しません。（自動チェック機構が参照するデータセットに合致しないか、表記が異なります。  ,ERROR: prefectureの列の情報がありません。元データに都道府県情報が欠落している可能性があります。入力されたデータ形式は、自動チェック機構が推奨する形式ではありません。  ,
890,下庄町2379-3,,下庄町,,2379-3,,,ERROR: address2のデータは、address1のデータから推測されるデータに一致しません。（自動チェック機構が参照するデータセットに合致しないか、表記が異なります。  ,ERROR: prefectureの列の情報がありません。元データに都道府県情報が欠落している可能性があります。入力されたデータ形式は、自動チェック機構が推奨する形式ではありません。  ,
891,下庄町2379-3,,下庄町,,2379-3,,,ERROR: address2のデータは、address1のデータから推測されるデータに一致しません。（自動チェック機構が参照するデータセットに合致しないか、表記が異なります。  ,ERROR: prefectureの列の情報がありません。元データに都道府県情報が欠落している可能性があります。入力されたデータ形式は、自動チェック機構が推奨する形式ではありません。  ,
892,下庄町2382-2,,下庄町,,2382-2,,,ERROR: address2のデータは、address1のデータから推測されるデータに一致しません。（自動チェック機構が参照するデータセットに合致しないか、表記が異なります。  ,ERROR: prefectureの列の情報がありません。元データに都道府県情報が欠落している可能性があります。入力されたデータ形式は、自動チェック機構が推奨する形式ではありません。  ,
893,下庄町2382-2,,下庄町,,2382-2,,,ERROR: address2のデータは、address1のデータから推測されるデータに一致しません。（自動チェック機構が参照するデータセットに合致しないか、表記が異なります。  ,ERROR: prefectureの列の情報がありません。元データに都道府県情報が欠落している可能性があります。入力されたデータ形式は、自動チェック機構が推奨する形式ではありません。  ,
894,下庄町2383-1,,下庄町,,2383-1,,,ERROR: address2のデータは、address1のデータから推測されるデータに一致しません。（自動チェック機構が参照するデータセットに合致しないか、表記が異なります。  ,ERROR: prefectureの列の情報がありません。元データに都道府県情報が欠落している可能性があります。入力されたデータ形式は、自動チェック機構が推奨する形式ではありません。  ,
895,下庄町2383-1,,下庄町,,2383-1,,,ERROR: address2のデータは、address1のデータから推測されるデータに一致しません。（自動チェック機構が参照するデータセットに合致しないか、表記が異なります。  ,ERROR: prefectureの列の情報がありません。元データに都道府県情報が欠落している可能性があります。入力されたデータ形式は、自動チェック機構が推奨する形式ではありません。  ,
896,下庄町2384,,下庄町,,2384,,,ERROR: address2のデータは、address1のデータから推測されるデータに一致しません。（自動チェック機構が参照するデータセットに合致しないか、表記が異なります。  ,ERROR: prefectureの列の情報がありません。元データに都道府県情報が欠落している可能性があります。入力されたデータ形式は、自動チェック機構が推奨する形式ではありません。  ,
897,下庄町2384-2,,下庄町,,2384-2,,,ERROR: address2のデータは、address1のデータから推測されるデータに一致しません。（自動チェック機構が参照するデータセットに合致しないか、表記が異なります。  ,ERROR: prefectureの列の情報がありません。元データに都道府県情報が欠落している可能性があります。入力されたデータ形式は、自動チェック機構が推奨する形式ではありません。  ,
898,下庄町2384-2,,下庄町,,2384-2,,,ERROR: address2のデータは、address1のデータから推測されるデータに一致しません。（自動チェック機構が参照するデータセットに合致しないか、表記が異なります。  ,ERROR: prefectureの列の情報がありません。元データに都道府県情報が欠落している可能性があります。入力されたデータ形式は、自動チェック機構が推奨する形式ではありません。  ,
899,下庄町2384-2,,下庄町,,2384-2,,,ERROR: address2のデータは、address1のデータから推測されるデータに一致しません。（自動チェック機構が参照するデータセットに合致しないか、表記が異なります。  ,ERROR: prefectureの列の情報がありません。元データに都道府県情報が欠落している可能性があります。入力されたデータ形式は、自動チェック機構が推奨する形式ではありません。  ,
900,下庄町2388-1,,下庄町,,2388-1,,,ERROR: address2のデータは、address1のデータから推測されるデータに一致しません。（自動チェック機構が参照するデータセットに合致しないか、表記が異なります。  ,ERROR: prefectureの列の情報がありません。元データに都道府県情報が欠落している可能性があります。入力されたデータ形式は、自動チェック機構が推奨する形式ではありません。  ,
901,下庄町2388-1,,下庄町,,2388-1,,,ERROR: address2のデータは、address1のデータから推測されるデータに一致しません。（自動チェック機構が参照するデータセットに合致しないか、表記が異なります。  ,ERROR: prefectureの列の情報がありません。元データに都道府県情報が欠落している可能性があります。入力されたデータ形式は、自動チェック機構が推奨する形式ではありません。  ,
902,下庄町2388-2,,下庄町,,2388-2,,,ERROR: address2のデータは、address1のデータから推測されるデータに一致しません。（自動チェック機構が参照するデータセットに合致しないか、表記が異なります。  ,ERROR: prefectureの列の情報がありません。元データに都道府県情報が欠落している可能性があります。入力されたデータ形式は、自動チェック機構が推奨する形式ではありません。  ,
903,下庄町2392,,下庄町,,2392,,,ERROR: address2のデータは、address1のデータから推測されるデータに一致しません。（自動チェック機構が参照するデータセットに合致しないか、表記が異なります。  ,ERROR: prefectureの列の情報がありません。元データに都道府県情報が欠落している可能性があります。入力されたデータ形式は、自動チェック機構が推奨する形式ではありません。  ,
904,下庄町2392,,下庄町,,2392,,,ERROR: address2のデータは、address1のデータから推測されるデータに一致しません。（自動チェック機構が参照するデータセットに合致しないか、表記が異なります。  ,ERROR: prefectureの列の情報がありません。元データに都道府県情報が欠落している可能性があります。入力されたデータ形式は、自動チェック機構が推奨する形式ではありません。  ,
905,下庄町2392,,下庄町,,2392,,,ERROR: address2のデータは、address1のデータから推測されるデータに一致しません。（自動チェック機構が参照するデータセットに合致しないか、表記が異なります。  ,ERROR: prefectureの列の情報がありません。元データに都道府県情報が欠落している可能性があります。入力されたデータ形式は、自動チェック機構が推奨する形式ではありません。  ,
906,下庄町2392,,下庄町,,2392,,,ERROR: address2のデータは、address1のデータから推測されるデータに一致しません。（自動チェック機構が参照するデータセットに合致しないか、表記が異なります。  ,ERROR: prefectureの列の情報がありません。元データに都道府県情報が欠落している可能性があります。入力されたデータ形式は、自動チェック機構が推奨する形式ではありません。  ,
907,下庄町2398,,下庄町,,2398,,,ERROR: address2のデータは、address1のデータから推測されるデータに一致しません。（自動チェック機構が参照するデータセットに合致しないか、表記が異なります。  ,ERROR: prefectureの列の情報がありません。元データに都道府県情報が欠落している可能性があります。入力されたデータ形式は、自動チェック機構が推奨する形式ではありません。  ,
908,下庄町2398,,下庄町,,2398,,,ERROR: address2のデータは、address1のデータから推測されるデータに一致しません。（自動チェック機構が参照するデータセットに合致しないか、表記が異なります。  ,ERROR: prefectureの列の情報がありません。元データに都道府県情報が欠落している可能性があります。入力されたデータ形式は、自動チェック機構が推奨する形式ではありません。  ,
909,下庄町2401-2,,下庄町,,2401-2,,,ERROR: address2のデータは、address1のデータから推測されるデータに一致しません。（自動チェック機構が参照するデータセットに合致しないか、表記が異なります。  ,ERROR: prefectureの列の情報がありません。元データに都道府県情報が欠落している可能性があります。入力されたデータ形式は、自動チェック機構が推奨する形式ではありません。  ,
910,下庄町2401-2,,下庄町,,2401-2,,,ERROR: address2のデータは、address1のデータから推測されるデータに一致しません。（自動チェック機構が参照するデータセットに合致しないか、表記が異なります。  ,ERROR: prefectureの列の情報がありません。元データに都道府県情報が欠落している可能性があります。入力されたデータ形式は、自動チェック機構が推奨する形式ではありません。  ,
911,下庄町2401-2,,下庄町,,2401-2,,,ERROR: address2のデータは、address1のデータから推測されるデータに一致しません。（自動チェック機構が参照するデータセットに合致しないか、表記が異なります。  ,ERROR: prefectureの列の情報がありません。元データに都道府県情報が欠落している可能性があります。入力されたデータ形式は、自動チェック機構が推奨する形式ではありません。  ,
912,下庄町2402-1,,下庄町,,2402-1,,,ERROR: address2のデータは、address1のデータから推測されるデータに一致しません。（自動チェック機構が参照するデータセットに合致しないか、表記が異なります。  ,ERROR: prefectureの列の情報がありません。元データに都道府県情報が欠落している可能性があります。入力されたデータ形式は、自動チェック機構が推奨する形式ではありません。  ,
913,下庄町2420,,下庄町,,2420,,,ERROR: address2のデータは、address1のデータから推測されるデータに一致しません。（自動チェック機構が参照するデータセットに合致しないか、表記が異なります。  ,ERROR: prefectureの列の情報がありません。元データに都道府県情報が欠落している可能性があります。入力されたデータ形式は、自動チェック機構が推奨する形式ではありません。  ,
914,下庄町2420,,下庄町,,2420,,,ERROR: address2のデータは、address1のデータから推測されるデータに一致しません。（自動チェック機構が参照するデータセットに合致しないか、表記が異なります。  ,ERROR: prefectureの列の情報がありません。元データに都道府県情報が欠落している可能性があります。入力されたデータ形式は、自動チェック機構が推奨する形式ではありません。  ,
915,下庄町2423,,下庄町,,2423,,,ERROR: address2のデータは、address1のデータから推測されるデータに一致しません。（自動チェック機構が参照するデータセットに合致しないか、表記が異なります。  ,ERROR: prefectureの列の情報がありません。元データに都道府県情報が欠落している可能性があります。入力されたデータ形式は、自動チェック機構が推奨する形式ではありません。  ,
916,下庄町2423,,下庄町,,2423,,,ERROR: address2のデータは、address1のデータから推測されるデータに一致しません。（自動チェック機構が参照するデータセットに合致しないか、表記が異なります。  ,ERROR: prefectureの列の情報がありません。元データに都道府県情報が欠落している可能性があります。入力されたデータ形式は、自動チェック機構が推奨する形式ではありません。  ,
917,下庄町2425,,下庄町,,2425,,,ERROR: address2のデータは、address1のデータから推測されるデータに一致しません。（自動チェック機構が参照するデータセットに合致しないか、表記が異なります。  ,ERROR: prefectureの列の情報がありません。元データに都道府県情報が欠落している可能性があります。入力されたデータ形式は、自動チェック機構が推奨する形式ではありません。  ,
918,下庄町2425,,下庄町,,2425,,,ERROR: address2のデータは、address1のデータから推測されるデータに一致しません。（自動チェック機構が参照するデータセットに合致しないか、表記が異なります。  ,ERROR: prefectureの列の情報がありません。元データに都道府県情報が欠落している可能性があります。入力されたデータ形式は、自動チェック機構が推奨する形式ではありません。  ,
919,下庄町2425,,下庄町,,2425,,,ERROR: address2のデータは、address1のデータから推測されるデータに一致しません。（自動チェック機構が参照するデータセットに合致しないか、表記が異なります。  ,ERROR: prefectureの列の情報がありません。元データに都道府県情報が欠落している可能性があります。入力されたデータ形式は、自動チェック機構が推奨する形式ではありません。  ,
920,下庄町2425,,下庄町,,2425,,,ERROR: address2のデータは、address1のデータから推測されるデータに一致しません。（自動チェック機構が参照するデータセットに合致しないか、表記が異なります。  ,ERROR: prefectureの列の情報がありません。元データに都道府県情報が欠落している可能性があります。入力されたデータ形式は、自動チェック機構が推奨する形式ではありません。  ,
921,下庄町2426番地,,下庄町,,2426,,,ERROR: address2のデータは、address1のデータから推測されるデータに一致しません。（自動チェック機構が参照するデータセットに合致しないか、表記が異なります。  ,ERROR: prefectureの列の情報がありません。元データに都道府県情報が欠落している可能性があります。入力されたデータ形式は、自動チェック機構が推奨する形式ではありません。  ,
922,下庄町2426番地,,下庄町,,2426,,,ERROR: address2のデータは、address1のデータから推測されるデータに一致しません。（自動チェック機構が参照するデータセットに合致しないか、表記が異なります。  ,ERROR: prefectureの列の情報がありません。元データに都道府県情報が欠落している可能性があります。入力されたデータ形式は、自動チェック機構が推奨する形式ではありません。  ,
923,下庄町2426番地,,下庄町,,2426,,,ERROR: address2のデータは、address1のデータから推測されるデータに一致しません。（自動チェック機構が参照するデータセットに合致しないか、表記が異なります。  ,ERROR: prefectureの列の情報がありません。元データに都道府県情報が欠落している可能性があります。入力されたデータ形式は、自動チェック機構が推奨する形式ではありません。  ,
924,下庄町2426番地,,下庄町,,2426,,,ERROR: address2のデータは、address1のデータから推測されるデータに一致しません。（自動チェック機構が参照するデータセットに合致しないか、表記が異なります。  ,ERROR: prefectureの列の情報がありません。元データに都道府県情報が欠落している可能性があります。入力されたデータ形式は、自動チェック機構が推奨する形式ではありません。  ,
925,下庄町2434,,下庄町,,2434,,,ERROR: address2のデータは、address1のデータから推測されるデータに一致しません。（自動チェック機構が参照するデータセットに合致しないか、表記が異なります。  ,ERROR: prefectureの列の情報がありません。元データに都道府県情報が欠落している可能性があります。入力されたデータ形式は、自動チェック機構が推奨する形式ではありません。  ,
926,下庄町2434,,下庄町,,2434,,,ERROR: address2のデータは、address1のデータから推測されるデータに一致しません。（自動チェック機構が参照するデータセットに合致しないか、表記が異なります。  ,ERROR: prefectureの列の情報がありません。元データに都道府県情報が欠落している可能性があります。入力されたデータ形式は、自動チェック機構が推奨する形式ではありません。  ,
927,下庄町2435,,下庄町,,2435,,,ERROR: address2のデータは、address1のデータから推測されるデータに一致しません。（自動チェック機構が参照するデータセットに合致しないか、表記が異なります。  ,ERROR: prefectureの列の情報がありません。元データに都道府県情報が欠落している可能性があります。入力されたデータ形式は、自動チェック機構が推奨する形式ではありません。  ,
928,下庄町2436,,下庄町,,2436,,,ERROR: address2のデータは、address1のデータから推測されるデータに一致しません。（自動チェック機構が参照するデータセットに合致しないか、表記が異なります。  ,ERROR: prefectureの列の情報がありません。元データに都道府県情報が欠落している可能性があります。入力されたデータ形式は、自動チェック機構が推奨する形式ではありません。  ,
929,下庄町2436,,下庄町,,2436,,,ERROR: address2のデータは、address1のデータから推測されるデータに一致しません。（自動チェック機構が参照するデータセットに合致しないか、表記が異なります。  ,ERROR: prefectureの列の情報がありません。元データに都道府県情報が欠落している可能性があります。入力されたデータ形式は、自動チェック機構が推奨する形式ではありません。  ,
930,下庄町2436,,下庄町,,2436,,,ERROR: address2のデータは、address1のデータから推測されるデータに一致しません。（自動チェック機構が参照するデータセットに合致しないか、表記が異なります。  ,ERROR: prefectureの列の情報がありません。元データに都道府県情報が欠落している可能性があります。入力されたデータ形式は、自動チェック機構が推奨する形式ではありません。  ,
931,下庄町2439,,下庄町,,2439,,,ERROR: address2のデータは、address1のデータから推測されるデータに一致しません。（自動チェック機構が参照するデータセットに合致しないか、表記が異なります。  ,ERROR: prefectureの列の情報がありません。元データに都道府県情報が欠落している可能性があります。入力されたデータ形式は、自動チェック機構が推奨する形式ではありません。  ,
932,下庄町2447,,下庄町,,2447,,,ERROR: address2のデータは、address1のデータから推測されるデータに一致しません。（自動チェック機構が参照するデータセットに合致しないか、表記が異なります。  ,ERROR: prefectureの列の情報がありません。元データに都道府県情報が欠落している可能性があります。入力されたデータ形式は、自動チェック機構が推奨する形式ではありません。  ,
933,下庄町2447,,下庄町,,2447,,,ERROR: address2のデータは、address1のデータから推測されるデータに一致しません。（自動チェック機構が参照するデータセットに合致しないか、表記が異なります。  ,ERROR: prefectureの列の情報がありません。元データに都道府県情報が欠落している可能性があります。入力されたデータ形式は、自動チェック機構が推奨する形式ではありません。  ,
934,下庄町2447,,下庄町,,2447,,,ERROR: address2のデータは、address1のデータから推測されるデータに一致しません。（自動チェック機構が参照するデータセットに合致しないか、表記が異なります。  ,ERROR: prefectureの列の情報がありません。元データに都道府県情報が欠落している可能性があります。入力されたデータ形式は、自動チェック機構が推奨する形式ではありません。  ,
935,下庄町2448,,下庄町,,2448,,,ERROR: address2のデータは、address1のデータから推測されるデータに一致しません。（自動チェック機構が参照するデータセットに合致しないか、表記が異なります。  ,ERROR: prefectureの列の情報がありません。元データに都道府県情報が欠落している可能性があります。入力されたデータ形式は、自動チェック機構が推奨する形式ではありません。  ,
936,下庄町2448,,下庄町,,2448,,,ERROR: address2のデータは、address1のデータから推測されるデータに一致しません。（自動チェック機構が参照するデータセットに合致しないか、表記が異なります。  ,ERROR: prefectureの列の情報がありません。元データに都道府県情報が欠落している可能性があります。入力されたデータ形式は、自動チェック機構が推奨する形式ではありません。  ,
937,下庄町2448,,下庄町,,2448,,,ERROR: address2のデータは、address1のデータから推測されるデータに一致しません。（自動チェック機構が参照するデータセットに合致しないか、表記が異なります。  ,ERROR: prefectureの列の情報がありません。元データに都道府県情報が欠落している可能性があります。入力されたデータ形式は、自動チェック機構が推奨する形式ではありません。  ,
938,下庄町2452,,下庄町,,2452,,,ERROR: address2のデータは、address1のデータから推測されるデータに一致しません。（自動チェック機構が参照するデータセットに合致しないか、表記が異なります。  ,ERROR: prefectureの列の情報がありません。元データに都道府県情報が欠落している可能性があります。入力されたデータ形式は、自動チェック機構が推奨する形式ではありません。  ,
939,下庄町2458,,下庄町,,2458,,,ERROR: address2のデータは、address1のデータから推測されるデータに一致しません。（自動チェック機構が参照するデータセットに合致しないか、表記が異なります。  ,ERROR: prefectureの列の情報がありません。元データに都道府県情報が欠落している可能性があります。入力されたデータ形式は、自動チェック機構が推奨する形式ではありません。  ,
940,下庄町2458,,下庄町,,2458,,,ERROR: address2のデータは、address1のデータから推測されるデータに一致しません。（自動チェック機構が参照するデータセットに合致しないか、表記が異なります。  ,ERROR: prefectureの列の情報がありません。元データに都道府県情報が欠落している可能性があります。入力されたデータ形式は、自動チェック機構が推奨する形式ではありません。  ,
941,下庄町2458,,下庄町,,2458,,,ERROR: address2のデータは、address1のデータから推測されるデータに一致しません。（自動チェック機構が参照するデータセットに合致しないか、表記が異なります。  ,ERROR: prefectureの列の情報がありません。元データに都道府県情報が欠落している可能性があります。入力されたデータ形式は、自動チェック機構が推奨する形式ではありません。  ,
942,下庄町2458,,下庄町,,2458,,,ERROR: address2のデータは、address1のデータから推測されるデータに一致しません。（自動チェック機構が参照するデータセットに合致しないか、表記が異なります。  ,ERROR: prefectureの列の情報がありません。元データに都道府県情報が欠落している可能性があります。入力されたデータ形式は、自動チェック機構が推奨する形式ではありません。  ,
943,下庄町2458,,下庄町,,2458,,,ERROR: address2のデータは、address1のデータから推測されるデータに一致しません。（自動チェック機構が参照するデータセットに合致しないか、表記が異なります。  ,ERROR: prefectureの列の情報がありません。元データに都道府県情報が欠落している可能性があります。入力されたデータ形式は、自動チェック機構が推奨する形式ではありません。  ,
944,下庄町2458,,下庄町,,2458,,,ERROR: address2のデータは、address1のデータから推測されるデータに一致しません。（自動チェック機構が参照するデータセットに合致しないか、表記が異なります。  ,ERROR: prefectureの列の情報がありません。元データに都道府県情報が欠落している可能性があります。入力されたデータ形式は、自動チェック機構が推奨する形式ではありません。  ,
945,下庄町2459,,下庄町,,2459,,,ERROR: address2のデータは、address1のデータから推測されるデータに一致しません。（自動チェック機構が参照するデータセットに合致しないか、表記が異なります。  ,ERROR: prefectureの列の情報がありません。元データに都道府県情報が欠落している可能性があります。入力されたデータ形式は、自動チェック機構が推奨する形式ではありません。  ,
946,下庄町2459,,下庄町,,2459,,,ERROR: address2のデータは、address1のデータから推測されるデータに一致しません。（自動チェック機構が参照するデータセットに合致しないか、表記が異なります。  ,ERROR: prefectureの列の情報がありません。元データに都道府県情報が欠落している可能性があります。入力されたデータ形式は、自動チェック機構が推奨する形式ではありません。  ,
947,下庄町2459,,下庄町,,2459,,,ERROR: address2のデータは、address1のデータから推測されるデータに一致しません。（自動チェック機構が参照するデータセットに合致しないか、表記が異なります。  ,ERROR: prefectureの列の情報がありません。元データに都道府県情報が欠落している可能性があります。入力されたデータ形式は、自動チェック機構が推奨する形式ではありません。  ,
948,下庄町2462,,下庄町,,2462,,,ERROR: address2のデータは、address1のデータから推測されるデータに一致しません。（自動チェック機構が参照するデータセットに合致しないか、表記が異なります。  ,ERROR: prefectureの列の情報がありません。元データに都道府県情報が欠落している可能性があります。入力されたデータ形式は、自動チェック機構が推奨する形式ではありません。  ,
949,下庄町2462,,下庄町,,2462,,,ERROR: address2のデータは、address1のデータから推測されるデータに一致しません。（自動チェック機構が参照するデータセットに合致しないか、表記が異なります。  ,ERROR: prefectureの列の情報がありません。元データに都道府県情報が欠落している可能性があります。入力されたデータ形式は、自動チェック機構が推奨する形式ではありません。  ,
950,下庄町2469,,下庄町,,2469,,,ERROR: address2のデータは、address1のデータから推測されるデータに一致しません。（自動チェック機構が参照するデータセットに合致しないか、表記が異なります。  ,ERROR: prefectureの列の情報がありません。元データに都道府県情報が欠落している可能性があります。入力されたデータ形式は、自動チェック機構が推奨する形式ではありません。  ,
951,下庄町2470,,下庄町,,2470,,,ERROR: address2のデータは、address1のデータから推測されるデータに一致しません。（自動チェック機構が参照するデータセットに合致しないか、表記が異なります。  ,ERROR: prefectureの列の情報がありません。元データに都道府県情報が欠落している可能性があります。入力されたデータ形式は、自動チェック機構が推奨する形式ではありません。  ,
952,下庄町2470,,下庄町,,2470,,,ERROR: address2のデータは、address1のデータから推測されるデータに一致しません。（自動チェック機構が参照するデータセットに合致しないか、表記が異なります。  ,ERROR: prefectureの列の情報がありません。元データに都道府県情報が欠落している可能性があります。入力されたデータ形式は、自動チェック機構が推奨する形式ではありません。  ,
953,下庄町2470,,下庄町,,2470,,,ERROR: address2のデータは、address1のデータから推測されるデータに一致しません。（自動チェック機構が参照するデータセットに合致しないか、表記が異なります。  ,ERROR: prefectureの列の情報がありません。元データに都道府県情報が欠落している可能性があります。入力されたデータ形式は、自動チェック機構が推奨する形式ではありません。  ,
954,下庄町2477,,下庄町,,2477,,,ERROR: address2のデータは、address1のデータから推測されるデータに一致しません。（自動チェック機構が参照するデータセットに合致しないか、表記が異なります。  ,ERROR: prefectureの列の情報がありません。元データに都道府県情報が欠落している可能性があります。入力されたデータ形式は、自動チェック機構が推奨する形式ではありません。  ,
955,下庄町2477,,下庄町,,2477,,,ERROR: address2のデータは、address1のデータから推測されるデータに一致しません。（自動チェック機構が参照するデータセットに合致しないか、表記が異なります。  ,ERROR: prefectureの列の情報がありません。元データに都道府県情報が欠落している可能性があります。入力されたデータ形式は、自動チェック機構が推奨する形式ではありません。  ,
956,下庄町2488,,下庄町,,2488,,,ERROR: address2のデータは、address1のデータから推測されるデータに一致しません。（自動チェック機構が参照するデータセットに合致しないか、表記が異なります。  ,ERROR: prefectureの列の情報がありません。元データに都道府県情報が欠落している可能性があります。入力されたデータ形式は、自動チェック機構が推奨する形式ではありません。  ,
957,下庄町2488,,下庄町,,2488,,,ERROR: address2のデータは、address1のデータから推測されるデータに一致しません。（自動チェック機構が参照するデータセットに合致しないか、表記が異なります。  ,ERROR: prefectureの列の情報がありません。元データに都道府県情報が欠落している可能性があります。入力されたデータ形式は、自動チェック機構が推奨する形式ではありません。  ,
958,下庄町2488,,下庄町,,2488,,,ERROR: address2のデータは、address1のデータから推測されるデータに一致しません。（自動チェック機構が参照するデータセットに合致しないか、表記が異なります。  ,ERROR: prefectureの列の情報がありません。元データに都道府県情報が欠落している可能性があります。入力されたデータ形式は、自動チェック機構が推奨する形式ではありません。  ,
959,下庄町2488,,下庄町,,2488,,,ERROR: address2のデータは、address1のデータから推測されるデータに一致しません。（自動チェック機構が参照するデータセットに合致しないか、表記が異なります。  ,ERROR: prefectureの列の情報がありません。元データに都道府県情報が欠落している可能性があります。入力されたデータ形式は、自動チェック機構が推奨する形式ではありません。  ,
960,下庄町2489,,下庄町,,2489,,,ERROR: address2のデータは、address1のデータから推測されるデータに一致しません。（自動チェック機構が参照するデータセットに合致しないか、表記が異なります。  ,ERROR: prefectureの列の情報がありません。元データに都道府県情報が欠落している可能性があります。入力されたデータ形式は、自動チェック機構が推奨する形式ではありません。  ,
961,下庄町2490,,下庄町,,2490,,,ERROR: address2のデータは、address1のデータから推測されるデータに一致しません。（自動チェック機構が参照するデータセットに合致しないか、表記が異なります。  ,ERROR: prefectureの列の情報がありません。元データに都道府県情報が欠落している可能性があります。入力されたデータ形式は、自動チェック機構が推奨する形式ではありません。  ,
962,下庄町2490,,下庄町,,2490,,,ERROR: address2のデータは、address1のデータから推測されるデータに一致しません。（自動チェック機構が参照するデータセットに合致しないか、表記が異なります。  ,ERROR: prefectureの列の情報がありません。元データに都道府県情報が欠落している可能性があります。入力されたデータ形式は、自動チェック機構が推奨する形式ではありません。  ,
963,下庄町2490-1,,下庄町,,2490-1,,,ERROR: address2のデータは、address1のデータから推測されるデータに一致しません。（自動チェック機構が参照するデータセットに合致しないか、表記が異なります。  ,ERROR: prefectureの列の情報がありません。元データに都道府県情報が欠落している可能性があります。入力されたデータ形式は、自動チェック機構が推奨する形式ではありません。  ,
964,下庄町2490-1,,下庄町,,2490-1,,,ERROR: address2のデータは、address1のデータから推測されるデータに一致しません。（自動チェック機構が参照するデータセットに合致しないか、表記が異なります。  ,ERROR: prefectureの列の情報がありません。元データに都道府県情報が欠落している可能性があります。入力されたデータ形式は、自動チェック機構が推奨する形式ではありません。  ,
965,下庄町2490-4,,下庄町,,2490-4,,,ERROR: address2のデータは、address1のデータから推測されるデータに一致しません。（自動チェック機構が参照するデータセットに合致しないか、表記が異なります。  ,ERROR: prefectureの列の情報がありません。元データに都道府県情報が欠落している可能性があります。入力されたデータ形式は、自動チェック機構が推奨する形式ではありません。  ,
966,下庄町2503-1,,下庄町,,2503-1,,,ERROR: address2のデータは、address1のデータから推測されるデータに一致しません。（自動チェック機構が参照するデータセットに合致しないか、表記が異なります。  ,ERROR: prefectureの列の情報がありません。元データに都道府県情報が欠落している可能性があります。入力されたデータ形式は、自動チェック機構が推奨する形式ではありません。  ,
967,下庄町2503-1,,下庄町,,2503-1,,,ERROR: address2のデータは、address1のデータから推測されるデータに一致しません。（自動チェック機構が参照するデータセットに合致しないか、表記が異なります。  ,ERROR: prefectureの列の情報がありません。元データに都道府県情報が欠落している可能性があります。入力されたデータ形式は、自動チェック機構が推奨する形式ではありません。  ,
968,下庄町2503-1,,下庄町,,2503-1,,,ERROR: address2のデータは、address1のデータから推測されるデータに一致しません。（自動チェック機構が参照するデータセットに合致しないか、表記が異なります。  ,ERROR: prefectureの列の情報がありません。元データに都道府県情報が欠落している可能性があります。入力されたデータ形式は、自動チェック機構が推奨する形式ではありません。  ,
969,下庄町2508-1,,下庄町,,2508-1,,,ERROR: address2のデータは、address1のデータから推測されるデータに一致しません。（自動チェック機構が参照するデータセットに合致しないか、表記が異なります。  ,ERROR: prefectureの列の情報がありません。元データに都道府県情報が欠落している可能性があります。入力されたデータ形式は、自動チェック機構が推奨する形式ではありません。  ,
970,下庄町2508-1,,下庄町,,2508-1,,,ERROR: address2のデータは、address1のデータから推測されるデータに一致しません。（自動チェック機構が参照するデータセットに合致しないか、表記が異なります。  ,ERROR: prefectureの列の情報がありません。元データに都道府県情報が欠落している可能性があります。入力されたデータ形式は、自動チェック機構が推奨する形式ではありません。  ,
971,下庄町2508-2,,下庄町,,2508-2,,,ERROR: address2のデータは、address1のデータから推測されるデータに一致しません。（自動チェック機構が参照するデータセットに合致しないか、表記が異なります。  ,ERROR: prefectureの列の情報がありません。元データに都道府県情報が欠落している可能性があります。入力されたデータ形式は、自動チェック機構が推奨する形式ではありません。  ,
972,下庄町2508-2,,下庄町,,2508-2,,,ERROR: address2のデータは、address1のデータから推測されるデータに一致しません。（自動チェック機構が参照するデータセットに合致しないか、表記が異なります。  ,ERROR: prefectureの列の情報がありません。元データに都道府県情報が欠落している可能性があります。入力されたデータ形式は、自動チェック機構が推奨する形式ではありません。  ,
973,下庄町2511-1,,下庄町,,2511-1,,,ERROR: address2のデータは、address1のデータから推測されるデータに一致しません。（自動チェック機構が参照するデータセットに合致しないか、表記が異なります。  ,ERROR: prefectureの列の情報がありません。元データに都道府県情報が欠落している可能性があります。入力されたデータ形式は、自動チェック機構が推奨する形式ではありません。  ,
974,下庄町2511-1,,下庄町,,2511-1,,,ERROR: address2のデータは、address1のデータから推測されるデータに一致しません。（自動チェック機構が参照するデータセットに合致しないか、表記が異なります。  ,ERROR: prefectureの列の情報がありません。元データに都道府県情報が欠落している可能性があります。入力されたデータ形式は、自動チェック機構が推奨する形式ではありません。  ,
975,下庄町2548-2,,下庄町,,2548-2,,,ERROR: address2のデータは、address1のデータから推測されるデータに一致しません。（自動チェック機構が参照するデータセットに合致しないか、表記が異なります。  ,ERROR: prefectureの列の情報がありません。元データに都道府県情報が欠落している可能性があります。入力されたデータ形式は、自動チェック機構が推奨する形式ではありません。  ,
976,下庄町2548-2,,下庄町,,2548-2,,,ERROR: address2のデータは、address1のデータから推測されるデータに一致しません。（自動チェック機構が参照するデータセットに合致しないか、表記が異なります。  ,ERROR: prefectureの列の情報がありません。元データに都道府県情報が欠落している可能性があります。入力されたデータ形式は、自動チェック機構が推奨する形式ではありません。  ,
977,下庄町2548-2,,下庄町,,2548-2,,,ERROR: address2のデータは、address1のデータから推測されるデータに一致しません。（自動チェック機構が参照するデータセットに合致しないか、表記が異なります。  ,ERROR: prefectureの列の情報がありません。元データに都道府県情報が欠落している可能性があります。入力されたデータ形式は、自動チェック機構が推奨する形式ではありません。  ,
978,下庄町2558,,下庄町,,2558,,,ERROR: address2のデータは、address1のデータから推測されるデータに一致しません。（自動チェック機構が参照するデータセットに合致しないか、表記が異なります。  ,ERROR: prefectureの列の情報がありません。元データに都道府県情報が欠落している可能性があります。入力されたデータ形式は、自動チェック機構が推奨する形式ではありません。  ,
979,下庄町2558,,下庄町,,2558,,,ERROR: address2のデータは、address1のデータから推測されるデータに一致しません。（自動チェック機構が参照するデータセットに合致しないか、表記が異なります。  ,ERROR: prefectureの列の情報がありません。元データに都道府県情報が欠落している可能性があります。入力されたデータ形式は、自動チェック機構が推奨する形式ではありません。  ,
980,下庄町2558,,下庄町,,2558,,,ERROR: address2のデータは、address1のデータから推測されるデータに一致しません。（自動チェック機構が参照するデータセットに合致しないか、表記が異なります。  ,ERROR: prefectureの列の情報がありません。元データに都道府県情報が欠落している可能性があります。入力されたデータ形式は、自動チェック機構が推奨する形式ではありません。  ,
981,下庄町2558,,下庄町,,2558,,,ERROR: address2のデータは、address1のデータから推測されるデータに一致しません。（自動チェック機構が参照するデータセットに合致しないか、表記が異なります。  ,ERROR: prefectureの列の情報がありません。元データに都道府県情報が欠落している可能性があります。入力されたデータ形式は、自動チェック機構が推奨する形式ではありません。  ,
982,下庄町2560,,下庄町,,2560,,,ERROR: address2のデータは、address1のデータから推測されるデータに一致しません。（自動チェック機構が参照するデータセットに合致しないか、表記が異なります。  ,ERROR: prefectureの列の情報がありません。元データに都道府県情報が欠落している可能性があります。入力されたデータ形式は、自動チェック機構が推奨する形式ではありません。  ,
983,下庄町2560,,下庄町,,2560,,,ERROR: address2のデータは、address1のデータから推測されるデータに一致しません。（自動チェック機構が参照するデータセットに合致しないか、表記が異なります。  ,ERROR: prefectureの列の情報がありません。元データに都道府県情報が欠落している可能性があります。入力されたデータ形式は、自動チェック機構が推奨する形式ではありません。  ,
984,下庄町2561-2,,下庄町,,2561-2,,,ERROR: address2のデータは、address1のデータから推測されるデータに一致しません。（自動チェック機構が参照するデータセットに合致しないか、表記が異なります。  ,ERROR: prefectureの列の情報がありません。元データに都道府県情報が欠落している可能性があります。入力されたデータ形式は、自動チェック機構が推奨する形式ではありません。  ,
985,下庄町2561-2,,下庄町,,2561-2,,,ERROR: address2のデータは、address1のデータから推測されるデータに一致しません。（自動チェック機構が参照するデータセットに合致しないか、表記が異なります。  ,ERROR: prefectureの列の情報がありません。元データに都道府県情報が欠落している可能性があります。入力されたデータ形式は、自動チェック機構が推奨する形式ではありません。  ,
986,下庄町2561-2,,下庄町,,2561-2,,,ERROR: address2のデータは、address1のデータから推測されるデータに一致しません。（自動チェック機構が参照するデータセットに合致しないか、表記が異なります。  ,ERROR: prefectureの列の情報がありません。元データに都道府県情報が欠落している可能性があります。入力されたデータ形式は、自動チェック機構が推奨する形式ではありません。  ,
987,下庄町2561-3,,下庄町,,2561-3,,,ERROR: address2のデータは、address1のデータから推測されるデータに一致しません。（自動チェック機構が参照するデータセットに合致しないか、表記が異なります。  ,ERROR: prefectureの列の情報がありません。元データに都道府県情報が欠落している可能性があります。入力されたデータ形式は、自動チェック機構が推奨する形式ではありません。  ,
988,下庄町2561-3,,下庄町,,2561-3,,,ERROR: address2のデータは、address1のデータから推測されるデータに一致しません。（自動チェック機構が参照するデータセットに合致しないか、表記が異なります。  ,ERROR: prefectureの列の情報がありません。元データに都道府県情報が欠落している可能性があります。入力されたデータ形式は、自動チェック機構が推奨する形式ではありません。  ,
989,下庄町2561-3,,下庄町,,2561-3,,,ERROR: address2のデータは、address1のデータから推測されるデータに一致しません。（自動チェック機構が参照するデータセットに合致しないか、表記が異なります。  ,ERROR: prefectureの列の情報がありません。元データに都道府県情報が欠落している可能性があります。入力されたデータ形式は、自動チェック機構が推奨する形式ではありません。  ,
990,下庄町2561-3,,下庄町,,2561-3,,,ERROR: address2のデータは、address1のデータから推測されるデータに一致しません。（自動チェック機構が参照するデータセットに合致しないか、表記が異なります。  ,ERROR: prefectureの列の情報がありません。元データに都道府県情報が欠落している可能性があります。入力されたデータ形式は、自動チェック機構が推奨する形式ではありません。  ,
991,下庄町2561-3,,下庄町,,2561-3,,,ERROR: address2のデータは、address1のデータから推測されるデータに一致しません。（自動チェック機構が参照するデータセットに合致しないか、表記が異なります。  ,ERROR: prefectureの列の情報がありません。元データに都道府県情報が欠落している可能性があります。入力されたデータ形式は、自動チェック機構が推奨する形式ではありません。  ,
992,下庄町2561-3,,下庄町,,2561-3,,,ERROR: address2のデータは、address1のデータから推測されるデータに一致しません。（自動チェック機構が参照するデータセットに合致しないか、表記が異なります。  ,ERROR: prefectureの列の情報がありません。元データに都道府県情報が欠落している可能性があります。入力されたデータ形式は、自動チェック機構が推奨する形式ではありません。  ,
993,下庄町2568,,下庄町,,2568,,,ERROR: address2のデータは、address1のデータから推測されるデータに一致しません。（自動チェック機構が参照するデータセットに合致しないか、表記が異なります。  ,ERROR: prefectureの列の情報がありません。元データに都道府県情報が欠落している可能性があります。入力されたデータ形式は、自動チェック機構が推奨する形式ではありません。  ,
994,下庄町2568,,下庄町,,2568,,,ERROR: address2のデータは、address1のデータから推測されるデータに一致しません。（自動チェック機構が参照するデータセットに合致しないか、表記が異なります。  ,ERROR: prefectureの列の情報がありません。元データに都道府県情報が欠落している可能性があります。入力されたデータ形式は、自動チェック機構が推奨する形式ではありません。  ,
995,下庄町2568,,下庄町,,2568,,,ERROR: address2のデータは、address1のデータから推測されるデータに一致しません。（自動チェック機構が参照するデータセットに合致しないか、表記が異なります。  ,ERROR: prefectureの列の情報がありません。元データに都道府県情報が欠落している可能性があります。入力されたデータ形式は、自動チェック機構が推奨する形式ではありません。  ,
996,下庄町2568,,下庄町,,2568,,,ERROR: address2のデータは、address1のデータから推測されるデータに一致しません。（自動チェック機構が参照するデータセットに合致しないか、表記が異なります。  ,ERROR: prefectureの列の情報がありません。元データに都道府県情報が欠落している可能性があります。入力されたデータ形式は、自動チェック機構が推奨する形式ではありません。  ,
997,下庄町2568,,下庄町,,2568,,,ERROR: address2のデータは、address1のデータから推測されるデータに一致しません。（自動チェック機構が参照するデータセットに合致しないか、表記が異なります。  ,ERROR: prefectureの列の情報がありません。元データに都道府県情報が欠落している可能性があります。入力されたデータ形式は、自動チェック機構が推奨する形式ではありません。  ,
998,下庄町2913,,下庄町,,2913,,,ERROR: address2のデータは、address1のデータから推測されるデータに一致しません。（自動チェック機構が参照するデータセットに合致しないか、表記が異なります。  ,ERROR: prefectureの列の情報がありません。元データに都道府県情報が欠落している可能性があります。入力されたデータ形式は、自動チェック機構が推奨する形式ではありません。  ,
999,下庄町2913,,下庄町,,2913,,,ERROR: address2のデータは、address1のデータから推測されるデータに一致しません。（自動チェック機構が参照するデータセットに合致しないか、表記が異なります。  ,ERROR: prefectureの列の情報がありません。元データに都道府県情報が欠落している可能性があります。入力されたデータ形式は、自動チェック機構が推奨する形式ではありません。  ,
1000,下庄町2913,,下庄町,,2913,,,ERROR: address2のデータは、address1のデータから推測されるデータに一致しません。（自動チェック機構が参照するデータセットに合致しないか、表記が異なります。  ,ERROR: prefectureの列の情報がありません。元データに都道府県情報が欠落している可能性があります。入力されたデータ形式は、自動チェック機構が推奨する形式ではありません。  ,
1001,下庄町2913,,下庄町,,2913,,,ERROR: address2のデータは、address1のデータから推測されるデータに一致しません。（自動チェック機構が参照するデータセットに合致しないか、表記が異なります。  ,ERROR: prefectureの列の情報がありません。元データに都道府県情報が欠落している可能性があります。入力されたデータ形式は、自動チェック機構が推奨する形式ではありません。  ,
1002,下庄町2913,,下庄町,,2913,,,ERROR: address2のデータは、address1のデータから推測されるデータに一致しません。（自動チェック機構が参照するデータセットに合致しないか、表記が異なります。  ,ERROR: prefectureの列の情報がありません。元データに都道府県情報が欠落している可能性があります。入力されたデータ形式は、自動チェック機構が推奨する形式ではありません。  ,
1003,下庄町2921-1,,下庄町,,2921-1,,,ERROR: address2のデータは、address1のデータから推測されるデータに一致しません。（自動チェック機構が参照するデータセットに合致しないか、表記が異なります。  ,ERROR: prefectureの列の情報がありません。元データに都道府県情報が欠落している可能性があります。入力されたデータ形式は、自動チェック機構が推奨する形式ではありません。  ,
1004,下庄町2921-1,,下庄町,,2921-1,,,ERROR: address2のデータは、address1のデータから推測されるデータに一致しません。（自動チェック機構が参照するデータセットに合致しないか、表記が異なります。  ,ERROR: prefectureの列の情報がありません。元データに都道府県情報が欠落している可能性があります。入力されたデータ形式は、自動チェック機構が推奨する形式ではありません。  ,
1005,下庄町2921-1,,下庄町,,2921-1,,,ERROR: address2のデータは、address1のデータから推測されるデータに一致しません。（自動チェック機構が参照するデータセットに合致しないか、表記が異なります。  ,ERROR: prefectureの列の情報がありません。元データに都道府県情報が欠落している可能性があります。入力されたデータ形式は、自動チェック機構が推奨する形式ではありません。  ,
1006,下庄町2921-1,,下庄町,,2921-1,,,ERROR: address2のデータは、address1のデータから推測されるデータに一致しません。（自動チェック機構が参照するデータセットに合致しないか、表記が異なります。  ,ERROR: prefectureの列の情報がありません。元データに都道府県情報が欠落している可能性があります。入力されたデータ形式は、自動チェック機構が推奨する形式ではありません。  ,
1007,下庄町2942-1,,下庄町,,2942-1,,,ERROR: address2のデータは、address1のデータから推測されるデータに一致しません。（自動チェック機構が参照するデータセットに合致しないか、表記が異なります。  ,ERROR: prefectureの列の情報がありません。元データに都道府県情報が欠落している可能性があります。入力されたデータ形式は、自動チェック機構が推奨する形式ではありません。  ,
1008,下庄町2942-1,,下庄町,,2942-1,,,ERROR: address2のデータは、address1のデータから推測されるデータに一致しません。（自動チェック機構が参照するデータセットに合致しないか、表記が異なります。  ,ERROR: prefectureの列の情報がありません。元データに都道府県情報が欠落している可能性があります。入力されたデータ形式は、自動チェック機構が推奨する形式ではありません。  ,
1009,下庄町2942-1,,下庄町,,2942-1,,,ERROR: address2のデータは、address1のデータから推測されるデータに一致しません。（自動チェック機構が参照するデータセットに合致しないか、表記が異なります。  ,ERROR: prefectureの列の情報がありません。元データに都道府県情報が欠落している可能性があります。入力されたデータ形式は、自動チェック機構が推奨する形式ではありません。  ,
1010,下庄町2942-1,,下庄町,,2942-1,,,ERROR: address2のデータは、address1のデータから推測されるデータに一致しません。（自動チェック機構が参照するデータセットに合致しないか、表記が異なります。  ,ERROR: prefectureの列の情報がありません。元データに都道府県情報が欠落している可能性があります。入力されたデータ形式は、自動チェック機構が推奨する形式ではありません。  ,
1011,下庄町2960-13,,下庄町,,2960-13,,,ERROR: address2のデータは、address1のデータから推測されるデータに一致しません。（自動チェック機構が参照するデータセットに合致しないか、表記が異なります。  ,ERROR: prefectureの列の情報がありません。元データに都道府県情報が欠落している可能性があります。入力されたデータ形式は、自動チェック機構が推奨する形式ではありません。  ,
1012,下庄町2960-13,,下庄町,,2960-13,,,ERROR: address2のデータは、address1のデータから推測されるデータに一致しません。（自動チェック機構が参照するデータセットに合致しないか、表記が異なります。  ,ERROR: prefectureの列の情報がありません。元データに都道府県情報が欠落している可能性があります。入力されたデータ形式は、自動チェック機構が推奨する形式ではありません。  ,
1013,下庄町2970,,下庄町,,2970,,,ERROR: address2のデータは、address1のデータから推測されるデータに一致しません。（自動チェック機構が参照するデータセットに合致しないか、表記が異なります。  ,ERROR: prefectureの列の情報がありません。元データに都道府県情報が欠落している可能性があります。入力されたデータ形式は、自動チェック機構が推奨する形式ではありません。  ,
1014,下庄町2970,,下庄町,,2970,,,ERROR: address2のデータは、address1のデータから推測されるデータに一致しません。（自動チェック機構が参照するデータセットに合致しないか、表記が異なります。  ,ERROR: prefectureの列の情報がありません。元データに都道府県情報が欠落している可能性があります。入力されたデータ形式は、自動チェック機構が推奨する形式ではありません。  ,
1015,下庄町2970,,下庄町,,2970,,,ERROR: address2のデータは、address1のデータから推測されるデータに一致しません。（自動チェック機構が参照するデータセットに合致しないか、表記が異なります。  ,ERROR: prefectureの列の情報がありません。元データに都道府県情報が欠落している可能性があります。入力されたデータ形式は、自動チェック機構が推奨する形式ではありません。  ,
1016,下庄町2993,,下庄町,,2993,,,ERROR: address2のデータは、address1のデータから推測されるデータに一致しません。（自動チェック機構が参照するデータセットに合致しないか、表記が異なります。  ,ERROR: prefectureの列の情報がありません。元データに都道府県情報が欠落している可能性があります。入力されたデータ形式は、自動チェック機構が推奨する形式ではありません。  ,
1017,下庄町2997-2,,下庄町,,2997-2,,,ERROR: address2のデータは、address1のデータから推測されるデータに一致しません。（自動チェック機構が参照するデータセットに合致しないか、表記が異なります。  ,ERROR: prefectureの列の情報がありません。元データに都道府県情報が欠落している可能性があります。入力されたデータ形式は、自動チェック機構が推奨する形式ではありません。  ,
1018,下庄町2997-2,,下庄町,,2997-2,,,ERROR: address2のデータは、address1のデータから推測されるデータに一致しません。（自動チェック機構が参照するデータセットに合致しないか、表記が異なります。  ,ERROR: prefectureの列の情報がありません。元データに都道府県情報が欠落している可能性があります。入力されたデータ形式は、自動チェック機構が推奨する形式ではありません。  ,
1019,下庄町3002-1,,下庄町,,3002-1,,,ERROR: address2のデータは、address1のデータから推測されるデータに一致しません。（自動チェック機構が参照するデータセットに合致しないか、表記が異なります。  ,ERROR: prefectureの列の情報がありません。元データに都道府県情報が欠落している可能性があります。入力されたデータ形式は、自動チェック機構が推奨する形式ではありません。  ,
1020,下庄町3003,,下庄町,,3003,,,ERROR: address2のデータは、address1のデータから推測されるデータに一致しません。（自動チェック機構が参照するデータセットに合致しないか、表記が異なります。  ,ERROR: prefectureの列の情報がありません。元データに都道府県情報が欠落している可能性があります。入力されたデータ形式は、自動チェック機構が推奨する形式ではありません。  ,
1021,下庄町3003,,下庄町,,3003,,,ERROR: address2のデータは、address1のデータから推測されるデータに一致しません。（自動チェック機構が参照するデータセットに合致しないか、表記が異なります。  ,ERROR: prefectureの列の情報がありません。元データに都道府県情報が欠落している可能性があります。入力されたデータ形式は、自動チェック機構が推奨する形式ではありません。  ,
1022,下庄町3004,,下庄町,,3004,,,ERROR: address2のデータは、address1のデータから推測されるデータに一致しません。（自動チェック機構が参照するデータセットに合致しないか、表記が異なります。  ,ERROR: prefectureの列の情報がありません。元データに都道府県情報が欠落している可能性があります。入力されたデータ形式は、自動チェック機構が推奨する形式ではありません。  ,
1023,下庄町3004,,下庄町,,3004,,,ERROR: address2のデータは、address1のデータから推測されるデータに一致しません。（自動チェック機構が参照するデータセットに合致しないか、表記が異なります。  ,ERROR: prefectureの列の情報がありません。元データに都道府県情報が欠落している可能性があります。入力されたデータ形式は、自動チェック機構が推奨する形式ではありません。  ,
1024,下庄町3006-1,,下庄町,,3006-1,,,ERROR: address2のデータは、address1のデータから推測されるデータに一致しません。（自動チェック機構が参照するデータセットに合致しないか、表記が異なります。  ,ERROR: prefectureの列の情報がありません。元データに都道府県情報が欠落している可能性があります。入力されたデータ形式は、自動チェック機構が推奨する形式ではありません。  ,
1025,下庄町3017,,下庄町,,3017,,,ERROR: address2のデータは、address1のデータから推測されるデータに一致しません。（自動チェック機構が参照するデータセットに合致しないか、表記が異なります。  ,ERROR: prefectureの列の情報がありません。元データに都道府県情報が欠落している可能性があります。入力されたデータ形式は、自動チェック機構が推奨する形式ではありません。  ,
1026,下庄町3017,,下庄町,,3017,,,ERROR: address2のデータは、address1のデータから推測されるデータに一致しません。（自動チェック機構が参照するデータセットに合致しないか、表記が異なります。  ,ERROR: prefectureの列の情報がありません。元データに都道府県情報が欠落している可能性があります。入力されたデータ形式は、自動チェック機構が推奨する形式ではありません。  ,
1027,下庄町3018,,下庄町,,3018,,,ERROR: address2のデータは、address1のデータから推測されるデータに一致しません。（自動チェック機構が参照するデータセットに合致しないか、表記が異なります。  ,ERROR: prefectureの列の情報がありません。元データに都道府県情報が欠落している可能性があります。入力されたデータ形式は、自動チェック機構が推奨する形式ではありません。  ,
1028,下庄町3018,,下庄町,,3018,,,ERROR: address2のデータは、address1のデータから推測されるデータに一致しません。（自動チェック機構が参照するデータセットに合致しないか、表記が異なります。  ,ERROR: prefectureの列の情報がありません。元データに都道府県情報が欠落している可能性があります。入力されたデータ形式は、自動チェック機構が推奨する形式ではありません。  ,
1029,下庄町3021,,下庄町,,3021,,,ERROR: address2のデータは、address1のデータから推測されるデータに一致しません。（自動チェック機構が参照するデータセットに合致しないか、表記が異なります。  ,ERROR: prefectureの列の情報がありません。元データに都道府県情報が欠落している可能性があります。入力されたデータ形式は、自動チェック機構が推奨する形式ではありません。  ,
1030,下庄町3021,,下庄町,,3021,,,ERROR: address2のデータは、address1のデータから推測されるデータに一致しません。（自動チェック機構が参照するデータセットに合致しないか、表記が異なります。  ,ERROR: prefectureの列の情報がありません。元データに都道府県情報が欠落している可能性があります。入力されたデータ形式は、自動チェック機構が推奨する形式ではありません。  ,
1031,下庄町3021,,下庄町,,3021,,,ERROR: address2のデータは、address1のデータから推測されるデータに一致しません。（自動チェック機構が参照するデータセットに合致しないか、表記が異なります。  ,ERROR: prefectureの列の情報がありません。元データに都道府県情報が欠落している可能性があります。入力されたデータ形式は、自動チェック機構が推奨する形式ではありません。  ,
1032,下庄町3021,,下庄町,,3021,,,ERROR: address2のデータは、address1のデータから推測されるデータに一致しません。（自動チェック機構が参照するデータセットに合致しないか、表記が異なります。  ,ERROR: prefectureの列の情報がありません。元データに都道府県情報が欠落している可能性があります。入力されたデータ形式は、自動チェック機構が推奨する形式ではありません。  ,
1033,下庄町3021,,下庄町,,3021,,,ERROR: address2のデータは、address1のデータから推測されるデータに一致しません。（自動チェック機構が参照するデータセットに合致しないか、表記が異なります。  ,ERROR: prefectureの列の情報がありません。元データに都道府県情報が欠落している可能性があります。入力されたデータ形式は、自動チェック機構が推奨する形式ではありません。  ,
1034,下庄町3023,,下庄町,,3023,,,ERROR: address2のデータは、address1のデータから推測されるデータに一致しません。（自動チェック機構が参照するデータセットに合致しないか、表記が異なります。  ,ERROR: prefectureの列の情報がありません。元データに都道府県情報が欠落している可能性があります。入力されたデータ形式は、自動チェック機構が推奨する形式ではありません。  ,
1035,下庄町3023,,下庄町,,3023,,,ERROR: address2のデータは、address1のデータから推測されるデータに一致しません。（自動チェック機構が参照するデータセットに合致しないか、表記が異なります。  ,ERROR: prefectureの列の情報がありません。元データに都道府県情報が欠落している可能性があります。入力されたデータ形式は、自動チェック機構が推奨する形式ではありません。  ,
1036,下庄町3055-3,,下庄町,,3055-3,,,ERROR: address2のデータは、address1のデータから推測されるデータに一致しません。（自動チェック機構が参照するデータセットに合致しないか、表記が異なります。  ,ERROR: prefectureの列の情報がありません。元データに都道府県情報が欠落している可能性があります。入力されたデータ形式は、自動チェック機構が推奨する形式ではありません。  ,
1037,下庄町3055-3,,下庄町,,3055-3,,,ERROR: address2のデータは、address1のデータから推測されるデータに一致しません。（自動チェック機構が参照するデータセットに合致しないか、表記が異なります。  ,ERROR: prefectureの列の情報がありません。元データに都道府県情報が欠落している可能性があります。入力されたデータ形式は、自動チェック機構が推奨する形式ではありません。  ,
1038,下庄町3055-3,,下庄町,,3055-3,,,ERROR: address2のデータは、address1のデータから推測されるデータに一致しません。（自動チェック機構が参照するデータセットに合致しないか、表記が異なります。  ,ERROR: prefectureの列の情報がありません。元データに都道府県情報が欠落している可能性があります。入力されたデータ形式は、自動チェック機構が推奨する形式ではありません。  ,
1039,下庄町3060,,下庄町,,3060,,,ERROR: address2のデータは、address1のデータから推測されるデータに一致しません。（自動チェック機構が参照するデータセットに合致しないか、表記が異なります。  ,ERROR: prefectureの列の情報がありません。元データに都道府県情報が欠落している可能性があります。入力されたデータ形式は、自動チェック機構が推奨する形式ではありません。  ,
1040,下庄町3060,,下庄町,,3060,,,ERROR: address2のデータは、address1のデータから推測されるデータに一致しません。（自動チェック機構が参照するデータセットに合致しないか、表記が異なります。  ,ERROR: prefectureの列の情報がありません。元データに都道府県情報が欠落している可能性があります。入力されたデータ形式は、自動チェック機構が推奨する形式ではありません。  ,
1041,下庄町3060,,下庄町,,3060,,,ERROR: address2のデータは、address1のデータから推測されるデータに一致しません。（自動チェック機構が参照するデータセットに合致しないか、表記が異なります。  ,ERROR: prefectureの列の情報がありません。元データに都道府県情報が欠落している可能性があります。入力されたデータ形式は、自動チェック機構が推奨する形式ではありません。  ,
1042,下庄町3069,,下庄町,,3069,,,ERROR: address2のデータは、address1のデータから推測されるデータに一致しません。（自動チェック機構が参照するデータセットに合致しないか、表記が異なります。  ,ERROR: prefectureの列の情報がありません。元データに都道府県情報が欠落している可能性があります。入力されたデータ形式は、自動チェック機構が推奨する形式ではありません。  ,
1043,下庄町3069,,下庄町,,3069,,,ERROR: address2のデータは、address1のデータから推測されるデータに一致しません。（自動チェック機構が参照するデータセットに合致しないか、表記が異なります。  ,ERROR: prefectureの列の情報がありません。元データに都道府県情報が欠落している可能性があります。入力されたデータ形式は、自動チェック機構が推奨する形式ではありません。  ,
1044,下庄町3070-1,,下庄町,,3070-1,,,ERROR: address2のデータは、address1のデータから推測されるデータに一致しません。（自動チェック機構が参照するデータセットに合致しないか、表記が異なります。  ,ERROR: prefectureの列の情報がありません。元データに都道府県情報が欠落している可能性があります。入力されたデータ形式は、自動チェック機構が推奨する形式ではありません。  ,
1045,下庄町3070-1,,下庄町,,3070-1,,,ERROR: address2のデータは、address1のデータから推測されるデータに一致しません。（自動チェック機構が参照するデータセットに合致しないか、表記が異なります。  ,ERROR: prefectureの列の情報がありません。元データに都道府県情報が欠落している可能性があります。入力されたデータ形式は、自動チェック機構が推奨する形式ではありません。  ,
1046,下庄町3070-2,,下庄町,,3070-2,,,ERROR: address2のデータは、address1のデータから推測されるデータに一致しません。（自動チェック機構が参照するデータセットに合致しないか、表記が異なります。  ,ERROR: prefectureの列の情報がありません。元データに都道府県情報が欠落している可能性があります。入力されたデータ形式は、自動チェック機構が推奨する形式ではありません。  ,
1047,下庄町3073,,下庄町,,3073,,,ERROR: address2のデータは、address1のデータから推測されるデータに一致しません。（自動チェック機構が参照するデータセットに合致しないか、表記が異なります。  ,ERROR: prefectureの列の情報がありません。元データに都道府県情報が欠落している可能性があります。入力されたデータ形式は、自動チェック機構が推奨する形式ではありません。  ,
1048,下庄町3073,,下庄町,,3073,,,ERROR: address2のデータは、address1のデータから推測されるデータに一致しません。（自動チェック機構が参照するデータセットに合致しないか、表記が異なります。  ,ERROR: prefectureの列の情報がありません。元データに都道府県情報が欠落している可能性があります。入力されたデータ形式は、自動チェック機構が推奨する形式ではありません。  ,
1049,下庄町3075,,下庄町,,3075,,,ERROR: address2のデータは、address1のデータから推測されるデータに一致しません。（自動チェック機構が参照するデータセットに合致しないか、表記が異なります。  ,ERROR: prefectureの列の情報がありません。元データに都道府県情報が欠落している可能性があります。入力されたデータ形式は、自動チェック機構が推奨する形式ではありません。  ,
1050,下庄町3075,,下庄町,,3075,,,ERROR: address2のデータは、address1のデータから推測されるデータに一致しません。（自動チェック機構が参照するデータセットに合致しないか、表記が異なります。  ,ERROR: prefectureの列の情報がありません。元データに都道府県情報が欠落している可能性があります。入力されたデータ形式は、自動チェック機構が推奨する形式ではありません。  ,
1051,下庄町3077,,下庄町,,3077,,,ERROR: address2のデータは、address1のデータから推測されるデータに一致しません。（自動チェック機構が参照するデータセットに合致しないか、表記が異なります。  ,ERROR: prefectureの列の情報がありません。元データに都道府県情報が欠落している可能性があります。入力されたデータ形式は、自動チェック機構が推奨する形式ではありません。  ,
1052,下庄町3077,,下庄町,,3077,,,ERROR: address2のデータは、address1のデータから推測されるデータに一致しません。（自動チェック機構が参照するデータセットに合致しないか、表記が異なります。  ,ERROR: prefectureの列の情報がありません。元データに都道府県情報が欠落している可能性があります。入力されたデータ形式は、自動チェック機構が推奨する形式ではありません。  ,
1053,下庄町3077,,下庄町,,3077,,,ERROR: address2のデータは、address1のデータから推測されるデータに一致しません。（自動チェック機構が参照するデータセットに合致しないか、表記が異なります。  ,ERROR: prefectureの列の情報がありません。元データに都道府県情報が欠落している可能性があります。入力されたデータ形式は、自動チェック機構が推奨する形式ではありません。  ,
1054,下庄町3078,,下庄町,,3078,,,ERROR: address2のデータは、address1のデータから推測されるデータに一致しません。（自動チェック機構が参照するデータセットに合致しないか、表記が異なります。  ,ERROR: prefectureの列の情報がありません。元データに都道府県情報が欠落している可能性があります。入力されたデータ形式は、自動チェック機構が推奨する形式ではありません。  ,
1055,下庄町3083,,下庄町,,3083,,,ERROR: address2のデータは、address1のデータから推測されるデータに一致しません。（自動チェック機構が参照するデータセットに合致しないか、表記が異なります。  ,ERROR: prefectureの列の情報がありません。元データに都道府県情報が欠落している可能性があります。入力されたデータ形式は、自動チェック機構が推奨する形式ではありません。  ,
1056,下庄町3083,,下庄町,,3083,,,ERROR: address2のデータは、address1のデータから推測されるデータに一致しません。（自動チェック機構が参照するデータセットに合致しないか、表記が異なります。  ,ERROR: prefectureの列の情報がありません。元データに都道府県情報が欠落している可能性があります。入力されたデータ形式は、自動チェック機構が推奨する形式ではありません。  ,
1057,下庄町3083,,下庄町,,3083,,,ERROR: address2のデータは、address1のデータから推測されるデータに一致しません。（自動チェック機構が参照するデータセットに合致しないか、表記が異なります。  ,ERROR: prefectureの列の情報がありません。元データに都道府県情報が欠落している可能性があります。入力されたデータ形式は、自動チェック機構が推奨する形式ではありません。  ,
1058,下庄町3084,,下庄町,,3084,,,ERROR: address2のデータは、address1のデータから推測されるデータに一致しません。（自動チェック機構が参照するデータセットに合致しないか、表記が異なります。  ,ERROR: prefectureの列の情報がありません。元データに都道府県情報が欠落している可能性があります。入力されたデータ形式は、自動チェック機構が推奨する形式ではありません。  ,
1059,下庄町3084,,下庄町,,3084,,,ERROR: address2のデータは、address1のデータから推測されるデータに一致しません。（自動チェック機構が参照するデータセットに合致しないか、表記が異なります。  ,ERROR: prefectureの列の情報がありません。元データに都道府県情報が欠落している可能性があります。入力されたデータ形式は、自動チェック機構が推奨する形式ではありません。  ,
1060,下庄町3092,,下庄町,,3092,,,ERROR: address2のデータは、address1のデータから推測されるデータに一致しません。（自動チェック機構が参照するデータセットに合致しないか、表記が異なります。  ,ERROR: prefectureの列の情報がありません。元データに都道府県情報が欠落している可能性があります。入力されたデータ形式は、自動チェック機構が推奨する形式ではありません。  ,
1061,下庄町3092,,下庄町,,3092,,,ERROR: address2のデータは、address1のデータから推測されるデータに一致しません。（自動チェック機構が参照するデータセットに合致しないか、表記が異なります。  ,ERROR: prefectureの列の情報がありません。元データに都道府県情報が欠落している可能性があります。入力されたデータ形式は、自動チェック機構が推奨する形式ではありません。  ,
1062,下庄町3092,,下庄町,,3092,,,ERROR: address2のデータは、address1のデータから推測されるデータに一致しません。（自動チェック機構が参照するデータセットに合致しないか、表記が異なります。  ,ERROR: prefectureの列の情報がありません。元データに都道府県情報が欠落している可能性があります。入力されたデータ形式は、自動チェック機構が推奨する形式ではありません。  ,
1063,下庄町3095,,下庄町,,3095,,,ERROR: address2のデータは、address1のデータから推測されるデータに一致しません。（自動チェック機構が参照するデータセットに合致しないか、表記が異なります。  ,ERROR: prefectureの列の情報がありません。元データに都道府県情報が欠落している可能性があります。入力されたデータ形式は、自動チェック機構が推奨する形式ではありません。  ,
1064,下庄町3100-1,,下庄町,,3100-1,,,ERROR: address2のデータは、address1のデータから推測されるデータに一致しません。（自動チェック機構が参照するデータセットに合致しないか、表記が異なります。  ,ERROR: prefectureの列の情報がありません。元データに都道府県情報が欠落している可能性があります。入力されたデータ形式は、自動チェック機構が推奨する形式ではありません。  ,
1065,下庄町3100-1,,下庄町,,3100-1,,,ERROR: address2のデータは、address1のデータから推測されるデータに一致しません。（自動チェック機構が参照するデータセットに合致しないか、表記が異なります。  ,ERROR: prefectureの列の情報がありません。元データに都道府県情報が欠落している可能性があります。入力されたデータ形式は、自動チェック機構が推奨する形式ではありません。  ,
1066,下庄町3100-1,,下庄町,,3100-1,,,ERROR: address2のデータは、address1のデータから推測されるデータに一致しません。（自動チェック機構が参照するデータセットに合致しないか、表記が異なります。  ,ERROR: prefectureの列の情報がありません。元データに都道府県情報が欠落している可能性があります。入力されたデータ形式は、自動チェック機構が推奨する形式ではありません。  ,
1067,下庄町3100-1,,下庄町,,3100-1,,,ERROR: address2のデータは、address1のデータから推測されるデータに一致しません。（自動チェック機構が参照するデータセットに合致しないか、表記が異なります。  ,ERROR: prefectureの列の情報がありません。元データに都道府県情報が欠落している可能性があります。入力されたデータ形式は、自動チェック機構が推奨する形式ではありません。  ,
1068,下庄町3100-1,,下庄町,,3100-1,,,ERROR: address2のデータは、address1のデータから推測されるデータに一致しません。（自動チェック機構が参照するデータセットに合致しないか、表記が異なります。  ,ERROR: prefectureの列の情報がありません。元データに都道府県情報が欠落している可能性があります。入力されたデータ形式は、自動チェック機構が推奨する形式ではありません。  ,
1069,下庄町3102,,下庄町,,3102,,,ERROR: address2のデータは、address1のデータから推測されるデータに一致しません。（自動チェック機構が参照するデータセットに合致しないか、表記が異なります。  ,ERROR: prefectureの列の情報がありません。元データに都道府県情報が欠落している可能性があります。入力されたデータ形式は、自動チェック機構が推奨する形式ではありません。  ,
1070,下庄町3102,,下庄町,,3102,,,ERROR: address2のデータは、address1のデータから推測されるデータに一致しません。（自動チェック機構が参照するデータセットに合致しないか、表記が異なります。  ,ERROR: prefectureの列の情報がありません。元データに都道府県情報が欠落している可能性があります。入力されたデータ形式は、自動チェック機構が推奨する形式ではありません。  ,
1071,下庄町3102,,下庄町,,3102,,,ERROR: address2のデータは、address1のデータから推測されるデータに一致しません。（自動チェック機構が参照するデータセットに合致しないか、表記が異なります。  ,ERROR: prefectureの列の情報がありません。元データに都道府県情報が欠落している可能性があります。入力されたデータ形式は、自動チェック機構が推奨する形式ではありません。  ,
1072,下庄町3102,,下庄町,,3102,,,ERROR: address2のデータは、address1のデータから推測されるデータに一致しません。（自動チェック機構が参照するデータセットに合致しないか、表記が異なります。  ,ERROR: prefectureの列の情報がありません。元データに都道府県情報が欠落している可能性があります。入力されたデータ形式は、自動チェック機構が推奨する形式ではありません。  ,
1073,下庄町3106,,下庄町,,3106,,,ERROR: address2のデータは、address1のデータから推測されるデータに一致しません。（自動チェック機構が参照するデータセットに合致しないか、表記が異なります。  ,ERROR: prefectureの列の情報がありません。元データに都道府県情報が欠落している可能性があります。入力されたデータ形式は、自動チェック機構が推奨する形式ではありません。  ,
1074,下庄町3180-1,,下庄町,,3180-1,,,ERROR: address2のデータは、address1のデータから推測されるデータに一致しません。（自動チェック機構が参照するデータセットに合致しないか、表記が異なります。  ,ERROR: prefectureの列の情報がありません。元データに都道府県情報が欠落している可能性があります。入力されたデータ形式は、自動チェック機構が推奨する形式ではありません。  ,
1075,下庄町3180-1,,下庄町,,3180-1,,,ERROR: address2のデータは、address1のデータから推測されるデータに一致しません。（自動チェック機構が参照するデータセットに合致しないか、表記が異なります。  ,ERROR: prefectureの列の情報がありません。元データに都道府県情報が欠落している可能性があります。入力されたデータ形式は、自動チェック機構が推奨する形式ではありません。  ,
1076,下庄町3197,,下庄町,,3197,,,ERROR: address2のデータは、address1のデータから推測されるデータに一致しません。（自動チェック機構が参照するデータセットに合致しないか、表記が異なります。  ,ERROR: prefectureの列の情報がありません。元データに都道府県情報が欠落している可能性があります。入力されたデータ形式は、自動チェック機構が推奨する形式ではありません。  ,
1077,下庄町3197,,下庄町,,3197,,,ERROR: address2のデータは、address1のデータから推測されるデータに一致しません。（自動チェック機構が参照するデータセットに合致しないか、表記が異なります。  ,ERROR: prefectureの列の情報がありません。元データに都道府県情報が欠落している可能性があります。入力されたデータ形式は、自動チェック機構が推奨する形式ではありません。  ,
1078,下庄町3205-4,,下庄町,,3205-4,,,ERROR: address2のデータは、address1のデータから推測されるデータに一致しません。（自動チェック機構が参照するデータセットに合致しないか、表記が異なります。  ,ERROR: prefectureの列の情報がありません。元データに都道府県情報が欠落している可能性があります。入力されたデータ形式は、自動チェック機構が推奨する形式ではありません。  ,
1079,下庄町3205-4,,下庄町,,3205-4,,,ERROR: address2のデータは、address1のデータから推測されるデータに一致しません。（自動チェック機構が参照するデータセットに合致しないか、表記が異なります。  ,ERROR: prefectureの列の情報がありません。元データに都道府県情報が欠落している可能性があります。入力されたデータ形式は、自動チェック機構が推奨する形式ではありません。  ,
1080,下庄町3205-4,,下庄町,,3205-4,,,ERROR: address2のデータは、address1のデータから推測されるデータに一致しません。（自動チェック機構が参照するデータセットに合致しないか、表記が異なります。  ,ERROR: prefectureの列の情報がありません。元データに都道府県情報が欠落している可能性があります。入力されたデータ形式は、自動チェック機構が推奨する形式ではありません。  ,
1081,下庄町3260-3,,下庄町,,3260-3,,,ERROR: address2のデータは、address1のデータから推測されるデータに一致しません。（自動チェック機構が参照するデータセットに合致しないか、表記が異なります。  ,ERROR: prefectureの列の情報がありません。元データに都道府県情報が欠落している可能性があります。入力されたデータ形式は、自動チェック機構が推奨する形式ではありません。  ,
1082,下庄町3260-3,,下庄町,,3260-3,,,ERROR: address2のデータは、address1のデータから推測されるデータに一致しません。（自動チェック機構が参照するデータセットに合致しないか、表記が異なります。  ,ERROR: prefectureの列の情報がありません。元データに都道府県情報が欠落している可能性があります。入力されたデータ形式は、自動チェック機構が推奨する形式ではありません。  ,
1083,下庄町3260-3,,下庄町,,3260-3,,,ERROR: address2のデータは、address1のデータから推測されるデータに一致しません。（自動チェック機構が参照するデータセットに合致しないか、表記が異なります。  ,ERROR: prefectureの列の情報がありません。元データに都道府県情報が欠落している可能性があります。入力されたデータ形式は、自動チェック機構が推奨する形式ではありません。  ,
1084,下庄町3268-2,,下庄町,,3268-2,,,ERROR: address2のデータは、address1のデータから推測されるデータに一致しません。（自動チェック機構が参照するデータセットに合致しないか、表記が異なります。  ,ERROR: prefectureの列の情報がありません。元データに都道府県情報が欠落している可能性があります。入力されたデータ形式は、自動チェック機構が推奨する形式ではありません。  ,
1085,下庄町3274,,下庄町,,3274,,,ERROR: address2のデータは、address1のデータから推測されるデータに一致しません。（自動チェック機構が参照するデータセットに合致しないか、表記が異なります。  ,ERROR: prefectureの列の情報がありません。元データに都道府県情報が欠落している可能性があります。入力されたデータ形式は、自動チェック機構が推奨する形式ではありません。  ,
1086,下庄町3274,,下庄町,,3274,,,ERROR: address2のデータは、address1のデータから推測されるデータに一致しません。（自動チェック機構が参照するデータセットに合致しないか、表記が異なります。  ,ERROR: prefectureの列の情報がありません。元データに都道府県情報が欠落している可能性があります。入力されたデータ形式は、自動チェック機構が推奨する形式ではありません。  ,
1087,下庄町3274,,下庄町,,3274,,,ERROR: address2のデータは、address1のデータから推測されるデータに一致しません。（自動チェック機構が参照するデータセットに合致しないか、表記が異なります。  ,ERROR: prefectureの列の情報がありません。元データに都道府県情報が欠落している可能性があります。入力されたデータ形式は、自動チェック機構が推奨する形式ではありません。  ,
1088,下庄町3274,,下庄町,,3274,,,ERROR: address2のデータは、address1のデータから推測されるデータに一致しません。（自動チェック機構が参照するデータセットに合致しないか、表記が異なります。  ,ERROR: prefectureの列の情報がありません。元データに都道府県情報が欠落している可能性があります。入力されたデータ形式は、自動チェック機構が推奨する形式ではありません。  ,
1089,下庄町570,,下庄町,,570,,,ERROR: address2のデータは、address1のデータから推測されるデータに一致しません。（自動チェック機構が参照するデータセットに合致しないか、表記が異なります。  ,ERROR: prefectureの列の情報がありません。元データに都道府県情報が欠落している可能性があります。入力されたデータ形式は、自動チェック機構が推奨する形式ではありません。  ,
1090,下庄町570,,下庄町,,570,,,ERROR: address2のデータは、address1のデータから推測されるデータに一致しません。（自動チェック機構が参照するデータセットに合致しないか、表記が異なります。  ,ERROR: prefectureの列の情報がありません。元データに都道府県情報が欠落している可能性があります。入力されたデータ形式は、自動チェック機構が推奨する形式ではありません。  ,
1091,下庄町577-4,,下庄町,,577-4,,,ERROR: address2のデータは、address1のデータから推測されるデータに一致しません。（自動チェック機構が参照するデータセットに合致しないか、表記が異なります。  ,ERROR: prefectureの列の情報がありません。元データに都道府県情報が欠落している可能性があります。入力されたデータ形式は、自動チェック機構が推奨する形式ではありません。  ,
1092,下庄町577-4,,下庄町,,577-4,,,ERROR: address2のデータは、address1のデータから推測されるデータに一致しません。（自動チェック機構が参照するデータセットに合致しないか、表記が異なります。  ,ERROR: prefectureの列の情報がありません。元データに都道府県情報が欠落している可能性があります。入力されたデータ形式は、自動チェック機構が推奨する形式ではありません。  ,
1093,下庄町577-4,,下庄町,,577-4,,,ERROR: address2のデータは、address1のデータから推測されるデータに一致しません。（自動チェック機構が参照するデータセットに合致しないか、表記が異なります。  ,ERROR: prefectureの列の情報がありません。元データに都道府県情報が欠落している可能性があります。入力されたデータ形式は、自動チェック機構が推奨する形式ではありません。  ,
1094,下庄町577-4,,下庄町,,577-4,,,ERROR: address2のデータは、address1のデータから推測されるデータに一致しません。（自動チェック機構が参照するデータセットに合致しないか、表記が異なります。  ,ERROR: prefectureの列の情報がありません。元データに都道府県情報が欠落している可能性があります。入力されたデータ形式は、自動チェック機構が推奨する形式ではありません。  ,
1095,下庄町655-4,,下庄町,,655-4,,,ERROR: address2のデータは、address1のデータから推測されるデータに一致しません。（自動チェック機構が参照するデータセットに合致しないか、表記が異なります。  ,ERROR: prefectureの列の情報がありません。元データに都道府県情報が欠落している可能性があります。入力されたデータ形式は、自動チェック機構が推奨する形式ではありません。  ,
1096,下庄町762-2,,下庄町,,762-2,,,ERROR: address2のデータは、address1のデータから推測されるデータに一致しません。（自動チェック機構が参照するデータセットに合致しないか、表記が異なります。  ,ERROR: prefectureの列の情報がありません。元データに都道府県情報が欠落している可能性があります。入力されたデータ形式は、自動チェック機構が推奨する形式ではありません。  ,
1097,下庄町2469,,下庄町,,2469,,,ERROR: address2のデータは、address1のデータから推測されるデータに一致しません。（自動チェック機構が参照するデータセットに合致しないか、表記が異なります。  ,ERROR: prefectureの列の情報がありません。元データに都道府県情報が欠落している可能性があります。入力されたデータ形式は、自動チェック機構が推奨する形式ではありません。  ,
1098,下庄町2479,,下庄町,,2479,,,ERROR: address2のデータは、address1のデータから推測されるデータに一致しません。（自動チェック機構が参照するデータセットに合致しないか、表記が異なります。  ,ERROR: prefectureの列の情報がありません。元データに都道府県情報が欠落している可能性があります。入力されたデータ形式は、自動チェック機構が推奨する形式ではありません。  ,
1099,下庄町2479,,下庄町,,2479,,,ERROR: address2のデータは、address1のデータから推測されるデータに一致しません。（自動チェック機構が参照するデータセットに合致しないか、表記が異なります。  ,ERROR: prefectureの列の情報がありません。元データに都道府県情報が欠落している可能性があります。入力されたデータ形式は、自動チェック機構が推奨する形式ではありません。  ,
1100,下庄町2986,,下庄町,,2986,,,ERROR: address2のデータは、address1のデータから推測されるデータに一致しません。（自動チェック機構が参照するデータセットに合致しないか、表記が異なります。  ,ERROR: prefectureの列の情報がありません。元データに都道府県情報が欠落している可能性があります。入力されたデータ形式は、自動チェック機構が推奨する形式ではありません。  ,
1101,下庄町2384-1,,下庄町,,2384-1,,,ERROR: address2のデータは、address1のデータから推測されるデータに一致しません。（自動チェック機構が参照するデータセットに合致しないか、表記が異なります。  ,ERROR: prefectureの列の情報がありません。元データに都道府県情報が欠落している可能性があります。入力されたデータ形式は、自動チェック機構が推奨する形式ではありません。  ,
1102,下庄町2384-1,,下庄町,,2384-1,,,ERROR: address2のデータは、address1のデータから推測されるデータに一致しません。（自動チェック機構が参照するデータセットに合致しないか、表記が異なります。  ,ERROR: prefectureの列の情報がありません。元データに都道府県情報が欠落している可能性があります。入力されたデータ形式は、自動チェック機構が推奨する形式ではありません。  ,
1103,中庄町1964-4,,中庄町,,1964-4,,,ERROR: address2のデータは、address1のデータから推測されるデータに一致しません。（自動チェック機構が参照するデータセットに合致しないか、表記が異なります。  ,ERROR: prefectureの列の情報がありません。元データに都道府県情報が欠落している可能性があります。入力されたデータ形式は、自動チェック機構が推奨する形式ではありません。  ,
1104,中庄町1964-4,,中庄町,,1964-4,,,ERROR: address2のデータは、address1のデータから推測されるデータに一致しません。（自動チェック機構が参照するデータセットに合致しないか、表記が異なります。  ,ERROR: prefectureの列の情報がありません。元データに都道府県情報が欠落している可能性があります。入力されたデータ形式は、自動チェック機構が推奨する形式ではありません。  ,
1105,中庄町1964-4,,中庄町,,1964-4,,,ERROR: address2のデータは、address1のデータから推測されるデータに一致しません。（自動チェック機構が参照するデータセットに合致しないか、表記が異なります。  ,ERROR: prefectureの列の情報がありません。元データに都道府県情報が欠落している可能性があります。入力されたデータ形式は、自動チェック機構が推奨する形式ではありません。  ,
1106,中庄町642,,中庄町,,642,,,ERROR: address2のデータは、address1のデータから推測されるデータに一致しません。（自動チェック機構が参照するデータセットに合致しないか、表記が異なります。  ,ERROR: prefectureの列の情報がありません。元データに都道府県情報が欠落している可能性があります。入力されたデータ形式は、自動チェック機構が推奨する形式ではありません。  ,
1107,中庄町642,,中庄町,,642,,,ERROR: address2のデータは、address1のデータから推測されるデータに一致しません。（自動チェック機構が参照するデータセットに合致しないか、表記が異なります。  ,ERROR: prefectureの列の情報がありません。元データに都道府県情報が欠落している可能性があります。入力されたデータ形式は、自動チェック機構が推奨する形式ではありません。  ,
1108,中庄町643-2,,中庄町,,643-2,,,ERROR: address2のデータは、address1のデータから推測されるデータに一致しません。（自動チェック機構が参照するデータセットに合致しないか、表記が異なります。  ,ERROR: prefectureの列の情報がありません。元データに都道府県情報が欠落している可能性があります。入力されたデータ形式は、自動チェック機構が推奨する形式ではありません。  ,
1109,中庄町643-2,,中庄町,,643-2,,,ERROR: address2のデータは、address1のデータから推測されるデータに一致しません。（自動チェック機構が参照するデータセットに合致しないか、表記が異なります。  ,ERROR: prefectureの列の情報がありません。元データに都道府県情報が欠落している可能性があります。入力されたデータ形式は、自動チェック機構が推奨する形式ではありません。  ,
1110,中庄町698-2,,中庄町,,698-2,,,ERROR: address2のデータは、address1のデータから推測されるデータに一致しません。（自動チェック機構が参照するデータセットに合致しないか、表記が異なります。  ,ERROR: prefectureの列の情報がありません。元データに都道府県情報が欠落している可能性があります。入力されたデータ形式は、自動チェック機構が推奨する形式ではありません。  ,
1111,中庄町698-2,,中庄町,,698-2,,,ERROR: address2のデータは、address1のデータから推測されるデータに一致しません。（自動チェック機構が参照するデータセットに合致しないか、表記が異なります。  ,ERROR: prefectureの列の情報がありません。元データに都道府県情報が欠落している可能性があります。入力されたデータ形式は、自動チェック機構が推奨する形式ではありません。  ,
1112,中庄町700-1,,中庄町,,700-1,,,ERROR: address2のデータは、address1のデータから推測されるデータに一致しません。（自動チェック機構が参照するデータセットに合致しないか、表記が異なります。  ,ERROR: prefectureの列の情報がありません。元データに都道府県情報が欠落している可能性があります。入力されたデータ形式は、自動チェック機構が推奨する形式ではありません。  ,
1113,中庄町700-1,,中庄町,,700-1,,,ERROR: address2のデータは、address1のデータから推測されるデータに一致しません。（自動チェック機構が参照するデータセットに合致しないか、表記が異なります。  ,ERROR: prefectureの列の情報がありません。元データに都道府県情報が欠落している可能性があります。入力されたデータ形式は、自動チェック機構が推奨する形式ではありません。  ,
1114,中庄町700-1,,中庄町,,700-1,,,ERROR: address2のデータは、address1のデータから推測されるデータに一致しません。（自動チェック機構が参照するデータセットに合致しないか、表記が異なります。  ,ERROR: prefectureの列の情報がありません。元データに都道府県情報が欠落している可能性があります。入力されたデータ形式は、自動チェック機構が推奨する形式ではありません。  ,
1115,中庄町710,,中庄町,,710,,,ERROR: address2のデータは、address1のデータから推測されるデータに一致しません。（自動チェック機構が参照するデータセットに合致しないか、表記が異なります。  ,ERROR: prefectureの列の情報がありません。元データに都道府県情報が欠落している可能性があります。入力されたデータ形式は、自動チェック機構が推奨する形式ではありません。  ,
1116,中庄町712-1,,中庄町,,712-1,,,ERROR: address2のデータは、address1のデータから推測されるデータに一致しません。（自動チェック機構が参照するデータセットに合致しないか、表記が異なります。  ,ERROR: prefectureの列の情報がありません。元データに都道府県情報が欠落している可能性があります。入力されたデータ形式は、自動チェック機構が推奨する形式ではありません。  ,
1117,中庄町712-1,,中庄町,,712-1,,,ERROR: address2のデータは、address1のデータから推測されるデータに一致しません。（自動チェック機構が参照するデータセットに合致しないか、表記が異なります。  ,ERROR: prefectureの列の情報がありません。元データに都道府県情報が欠落している可能性があります。入力されたデータ形式は、自動チェック機構が推奨する形式ではありません。  ,
1118,中庄町714-11,,中庄町,,714-11,,,ERROR: address2のデータは、address1のデータから推測されるデータに一致しません。（自動チェック機構が参照するデータセットに合致しないか、表記が異なります。  ,ERROR: prefectureの列の情報がありません。元データに都道府県情報が欠落している可能性があります。入力されたデータ形式は、自動チェック機構が推奨する形式ではありません。  ,
1119,中庄町714-11,,中庄町,,714-11,,,ERROR: address2のデータは、address1のデータから推測されるデータに一致しません。（自動チェック機構が参照するデータセットに合致しないか、表記が異なります。  ,ERROR: prefectureの列の情報がありません。元データに都道府県情報が欠落している可能性があります。入力されたデータ形式は、自動チェック機構が推奨する形式ではありません。  ,
1120,中庄町714-11,,中庄町,,714-11,,,ERROR: address2のデータは、address1のデータから推測されるデータに一致しません。（自動チェック機構が参照するデータセットに合致しないか、表記が異なります。  ,ERROR: prefectureの列の情報がありません。元データに都道府県情報が欠落している可能性があります。入力されたデータ形式は、自動チェック機構が推奨する形式ではありません。  ,
1121,中庄町714-11,,中庄町,,714-11,,,ERROR: address2のデータは、address1のデータから推測されるデータに一致しません。（自動チェック機構が参照するデータセットに合致しないか、表記が異なります。  ,ERROR: prefectureの列の情報がありません。元データに都道府県情報が欠落している可能性があります。入力されたデータ形式は、自動チェック機構が推奨する形式ではありません。  ,
1122,中庄町736-1,,中庄町,,736-1,,,ERROR: address2のデータは、address1のデータから推測されるデータに一致しません。（自動チェック機構が参照するデータセットに合致しないか、表記が異なります。  ,ERROR: prefectureの列の情報がありません。元データに都道府県情報が欠落している可能性があります。入力されたデータ形式は、自動チェック機構が推奨する形式ではありません。  ,
1123,中庄町736-1,,中庄町,,736-1,,,ERROR: address2のデータは、address1のデータから推測されるデータに一致しません。（自動チェック機構が参照するデータセットに合致しないか、表記が異なります。  ,ERROR: prefectureの列の情報がありません。元データに都道府県情報が欠落している可能性があります。入力されたデータ形式は、自動チェック機構が推奨する形式ではありません。  ,
1124,中庄町738-1,,中庄町,,738-1,,,ERROR: address2のデータは、address1のデータから推測されるデータに一致しません。（自動チェック機構が参照するデータセットに合致しないか、表記が異なります。  ,ERROR: prefectureの列の情報がありません。元データに都道府県情報が欠落している可能性があります。入力されたデータ形式は、自動チェック機構が推奨する形式ではありません。  ,
1125,中庄町738-1,,中庄町,,738-1,,,ERROR: address2のデータは、address1のデータから推測されるデータに一致しません。（自動チェック機構が参照するデータセットに合致しないか、表記が異なります。  ,ERROR: prefectureの列の情報がありません。元データに都道府県情報が欠落している可能性があります。入力されたデータ形式は、自動チェック機構が推奨する形式ではありません。  ,
1126,中庄町738-1,,中庄町,,738-1,,,ERROR: address2のデータは、address1のデータから推測されるデータに一致しません。（自動チェック機構が参照するデータセットに合致しないか、表記が異なります。  ,ERROR: prefectureの列の情報がありません。元データに都道府県情報が欠落している可能性があります。入力されたデータ形式は、自動チェック機構が推奨する形式ではありません。  ,
1127,中庄町742-1,,中庄町,,742-1,,,ERROR: address2のデータは、address1のデータから推測されるデータに一致しません。（自動チェック機構が参照するデータセットに合致しないか、表記が異なります。  ,ERROR: prefectureの列の情報がありません。元データに都道府県情報が欠落している可能性があります。入力されたデータ形式は、自動チェック機構が推奨する形式ではありません。  ,
1128,中庄町763,,中庄町,,763,,,ERROR: address2のデータは、address1のデータから推測されるデータに一致しません。（自動チェック機構が参照するデータセットに合致しないか、表記が異なります。  ,ERROR: prefectureの列の情報がありません。元データに都道府県情報が欠落している可能性があります。入力されたデータ形式は、自動チェック機構が推奨する形式ではありません。  ,
1129,中庄町763,,中庄町,,763,,,ERROR: address2のデータは、address1のデータから推測されるデータに一致しません。（自動チェック機構が参照するデータセットに合致しないか、表記が異なります。  ,ERROR: prefectureの列の情報がありません。元データに都道府県情報が欠落している可能性があります。入力されたデータ形式は、自動チェック機構が推奨する形式ではありません。  ,
1130,中庄町763,,中庄町,,763,,,ERROR: address2のデータは、address1のデータから推測されるデータに一致しません。（自動チェック機構が参照するデータセットに合致しないか、表記が異なります。  ,ERROR: prefectureの列の情報がありません。元データに都道府県情報が欠落している可能性があります。入力されたデータ形式は、自動チェック機構が推奨する形式ではありません。  ,
1131,中庄町763-1,,中庄町,,763-1,,,ERROR: address2のデータは、address1のデータから推測されるデータに一致しません。（自動チェック機構が参照するデータセットに合致しないか、表記が異なります。  ,ERROR: prefectureの列の情報がありません。元データに都道府県情報が欠落している可能性があります。入力されたデータ形式は、自動チェック機構が推奨する形式ではありません。  ,
1132,中庄町767-1,,中庄町,,767-1,,,ERROR: address2のデータは、address1のデータから推測されるデータに一致しません。（自動チェック機構が参照するデータセットに合致しないか、表記が異なります。  ,ERROR: prefectureの列の情報がありません。元データに都道府県情報が欠落している可能性があります。入力されたデータ形式は、自動チェック機構が推奨する形式ではありません。  ,
1133,中庄町767-1,,中庄町,,767-1,,,ERROR: address2のデータは、address1のデータから推測されるデータに一致しません。（自動チェック機構が参照するデータセットに合致しないか、表記が異なります。  ,ERROR: prefectureの列の情報がありません。元データに都道府県情報が欠落している可能性があります。入力されたデータ形式は、自動チェック機構が推奨する形式ではありません。  ,
1134,中庄町773,,中庄町,,773,,,ERROR: address2のデータは、address1のデータから推測されるデータに一致しません。（自動チェック機構が参照するデータセットに合致しないか、表記が異なります。  ,ERROR: prefectureの列の情報がありません。元データに都道府県情報が欠落している可能性があります。入力されたデータ形式は、自動チェック機構が推奨する形式ではありません。  ,
1135,中庄町773,,中庄町,,773,,,ERROR: address2のデータは、address1のデータから推測されるデータに一致しません。（自動チェック機構が参照するデータセットに合致しないか、表記が異なります。  ,ERROR: prefectureの列の情報がありません。元データに都道府県情報が欠落している可能性があります。入力されたデータ形式は、自動チェック機構が推奨する形式ではありません。  ,
1136,中庄町774-1,,中庄町,,774-1,,,ERROR: address2のデータは、address1のデータから推測されるデータに一致しません。（自動チェック機構が参照するデータセットに合致しないか、表記が異なります。  ,ERROR: prefectureの列の情報がありません。元データに都道府県情報が欠落している可能性があります。入力されたデータ形式は、自動チェック機構が推奨する形式ではありません。  ,
1137,中庄町774-1,,中庄町,,774-1,,,ERROR: address2のデータは、address1のデータから推測されるデータに一致しません。（自動チェック機構が参照するデータセットに合致しないか、表記が異なります。  ,ERROR: prefectureの列の情報がありません。元データに都道府県情報が欠落している可能性があります。入力されたデータ形式は、自動チェック機構が推奨する形式ではありません。  ,
1138,中庄町774-1,,中庄町,,774-1,,,ERROR: address2のデータは、address1のデータから推測されるデータに一致しません。（自動チェック機構が参照するデータセットに合致しないか、表記が異なります。  ,ERROR: prefectureの列の情報がありません。元データに都道府県情報が欠落している可能性があります。入力されたデータ形式は、自動チェック機構が推奨する形式ではありません。  ,
1139,中庄町774-1,,中庄町,,774-1,,,ERROR: address2のデータは、address1のデータから推測されるデータに一致しません。（自動チェック機構が参照するデータセットに合致しないか、表記が異なります。  ,ERROR: prefectureの列の情報がありません。元データに都道府県情報が欠落している可能性があります。入力されたデータ形式は、自動チェック機構が推奨する形式ではありません。  ,
1140,中庄町774-1,,中庄町,,774-1,,,ERROR: address2のデータは、address1のデータから推測されるデータに一致しません。（自動チェック機構が参照するデータセットに合致しないか、表記が異なります。  ,ERROR: prefectureの列の情報がありません。元データに都道府県情報が欠落している可能性があります。入力されたデータ形式は、自動チェック機構が推奨する形式ではありません。  ,
1141,中庄町779,,中庄町,,779,,,ERROR: address2のデータは、address1のデータから推測されるデータに一致しません。（自動チェック機構が参照するデータセットに合致しないか、表記が異なります。  ,ERROR: prefectureの列の情報がありません。元データに都道府県情報が欠落している可能性があります。入力されたデータ形式は、自動チェック機構が推奨する形式ではありません。  ,
1142,中庄町779,,中庄町,,779,,,ERROR: address2のデータは、address1のデータから推測されるデータに一致しません。（自動チェック機構が参照するデータセットに合致しないか、表記が異なります。  ,ERROR: prefectureの列の情報がありません。元データに都道府県情報が欠落している可能性があります。入力されたデータ形式は、自動チェック機構が推奨する形式ではありません。  ,
1143,中庄町779,,中庄町,,779,,,ERROR: address2のデータは、address1のデータから推測されるデータに一致しません。（自動チェック機構が参照するデータセットに合致しないか、表記が異なります。  ,ERROR: prefectureの列の情報がありません。元データに都道府県情報が欠落している可能性があります。入力されたデータ形式は、自動チェック機構が推奨する形式ではありません。  ,
1144,中庄町779,,中庄町,,779,,,ERROR: address2のデータは、address1のデータから推測されるデータに一致しません。（自動チェック機構が参照するデータセットに合致しないか、表記が異なります。  ,ERROR: prefectureの列の情報がありません。元データに都道府県情報が欠落している可能性があります。入力されたデータ形式は、自動チェック機構が推奨する形式ではありません。  ,
1145,中庄町779,,中庄町,,779,,,ERROR: address2のデータは、address1のデータから推測されるデータに一致しません。（自動チェック機構が参照するデータセットに合致しないか、表記が異なります。  ,ERROR: prefectureの列の情報がありません。元データに都道府県情報が欠落している可能性があります。入力されたデータ形式は、自動チェック機構が推奨する形式ではありません。  ,
1146,中庄町782,,中庄町,,782,,,ERROR: address2のデータは、address1のデータから推測されるデータに一致しません。（自動チェック機構が参照するデータセットに合致しないか、表記が異なります。  ,ERROR: prefectureの列の情報がありません。元データに都道府県情報が欠落している可能性があります。入力されたデータ形式は、自動チェック機構が推奨する形式ではありません。  ,
1147,中庄町782,,中庄町,,782,,,ERROR: address2のデータは、address1のデータから推測されるデータに一致しません。（自動チェック機構が参照するデータセットに合致しないか、表記が異なります。  ,ERROR: prefectureの列の情報がありません。元データに都道府県情報が欠落している可能性があります。入力されたデータ形式は、自動チェック機構が推奨する形式ではありません。  ,
1148,中庄町782,,中庄町,,782,,,ERROR: address2のデータは、address1のデータから推測されるデータに一致しません。（自動チェック機構が参照するデータセットに合致しないか、表記が異なります。  ,ERROR: prefectureの列の情報がありません。元データに都道府県情報が欠落している可能性があります。入力されたデータ形式は、自動チェック機構が推奨する形式ではありません。  ,
1149,中庄町783,,中庄町,,783,,,ERROR: address2のデータは、address1のデータから推測されるデータに一致しません。（自動チェック機構が参照するデータセットに合致しないか、表記が異なります。  ,ERROR: prefectureの列の情報がありません。元データに都道府県情報が欠落している可能性があります。入力されたデータ形式は、自動チェック機構が推奨する形式ではありません。  ,
1150,中庄町787,,中庄町,,787,,,ERROR: address2のデータは、address1のデータから推測されるデータに一致しません。（自動チェック機構が参照するデータセットに合致しないか、表記が異なります。  ,ERROR: prefectureの列の情報がありません。元データに都道府県情報が欠落している可能性があります。入力されたデータ形式は、自動チェック機構が推奨する形式ではありません。  ,
1151,中庄町790,,中庄町,,790,,,ERROR: address2のデータは、address1のデータから推測されるデータに一致しません。（自動チェック機構が参照するデータセットに合致しないか、表記が異なります。  ,ERROR: prefectureの列の情報がありません。元データに都道府県情報が欠落している可能性があります。入力されたデータ形式は、自動チェック機構が推奨する形式ではありません。  ,
1152,中庄町790,,中庄町,,790,,,ERROR: address2のデータは、address1のデータから推測されるデータに一致しません。（自動チェック機構が参照するデータセットに合致しないか、表記が異なります。  ,ERROR: prefectureの列の情報がありません。元データに都道府県情報が欠落している可能性があります。入力されたデータ形式は、自動チェック機構が推奨する形式ではありません。  ,
1153,中庄町790,,中庄町,,790,,,ERROR: address2のデータは、address1のデータから推測されるデータに一致しません。（自動チェック機構が参照するデータセットに合致しないか、表記が異なります。  ,ERROR: prefectureの列の情報がありません。元データに都道府県情報が欠落している可能性があります。入力されたデータ形式は、自動チェック機構が推奨する形式ではありません。  ,
1154,中庄町790,,中庄町,,790,,,ERROR: address2のデータは、address1のデータから推測されるデータに一致しません。（自動チェック機構が参照するデータセットに合致しないか、表記が異なります。  ,ERROR: prefectureの列の情報がありません。元データに都道府県情報が欠落している可能性があります。入力されたデータ形式は、自動チェック機構が推奨する形式ではありません。  ,
1155,中庄町790,,中庄町,,790,,,ERROR: address2のデータは、address1のデータから推測されるデータに一致しません。（自動チェック機構が参照するデータセットに合致しないか、表記が異なります。  ,ERROR: prefectureの列の情報がありません。元データに都道府県情報が欠落している可能性があります。入力されたデータ形式は、自動チェック機構が推奨する形式ではありません。  ,
1156,中庄町791,,中庄町,,791,,,ERROR: address2のデータは、address1のデータから推測されるデータに一致しません。（自動チェック機構が参照するデータセットに合致しないか、表記が異なります。  ,ERROR: prefectureの列の情報がありません。元データに都道府県情報が欠落している可能性があります。入力されたデータ形式は、自動チェック機構が推奨する形式ではありません。  ,
1157,中庄町791,,中庄町,,791,,,ERROR: address2のデータは、address1のデータから推測されるデータに一致しません。（自動チェック機構が参照するデータセットに合致しないか、表記が異なります。  ,ERROR: prefectureの列の情報がありません。元データに都道府県情報が欠落している可能性があります。入力されたデータ形式は、自動チェック機構が推奨する形式ではありません。  ,
1158,中庄町791,,中庄町,,791,,,ERROR: address2のデータは、address1のデータから推測されるデータに一致しません。（自動チェック機構が参照するデータセットに合致しないか、表記が異なります。  ,ERROR: prefectureの列の情報がありません。元データに都道府県情報が欠落している可能性があります。入力されたデータ形式は、自動チェック機構が推奨する形式ではありません。  ,
1159,中庄町792,,中庄町,,792,,,ERROR: address2のデータは、address1のデータから推測されるデータに一致しません。（自動チェック機構が参照するデータセットに合致しないか、表記が異なります。  ,ERROR: prefectureの列の情報がありません。元データに都道府県情報が欠落している可能性があります。入力されたデータ形式は、自動チェック機構が推奨する形式ではありません。  ,
1160,中庄町792,,中庄町,,792,,,ERROR: address2のデータは、address1のデータから推測されるデータに一致しません。（自動チェック機構が参照するデータセットに合致しないか、表記が異なります。  ,ERROR: prefectureの列の情報がありません。元データに都道府県情報が欠落している可能性があります。入力されたデータ形式は、自動チェック機構が推奨する形式ではありません。  ,
1161,中庄町794,,中庄町,,794,,,ERROR: address2のデータは、address1のデータから推測されるデータに一致しません。（自動チェック機構が参照するデータセットに合致しないか、表記が異なります。  ,ERROR: prefectureの列の情報がありません。元データに都道府県情報が欠落している可能性があります。入力されたデータ形式は、自動チェック機構が推奨する形式ではありません。  ,
1162,中庄町795,,中庄町,,795,,,ERROR: address2のデータは、address1のデータから推測されるデータに一致しません。（自動チェック機構が参照するデータセットに合致しないか、表記が異なります。  ,ERROR: prefectureの列の情報がありません。元データに都道府県情報が欠落している可能性があります。入力されたデータ形式は、自動チェック機構が推奨する形式ではありません。  ,
1163,中庄町795,,中庄町,,795,,,ERROR: address2のデータは、address1のデータから推測されるデータに一致しません。（自動チェック機構が参照するデータセットに合致しないか、表記が異なります。  ,ERROR: prefectureの列の情報がありません。元データに都道府県情報が欠落している可能性があります。入力されたデータ形式は、自動チェック機構が推奨する形式ではありません。  ,
1164,中庄町795,,中庄町,,795,,,ERROR: address2のデータは、address1のデータから推測されるデータに一致しません。（自動チェック機構が参照するデータセットに合致しないか、表記が異なります。  ,ERROR: prefectureの列の情報がありません。元データに都道府県情報が欠落している可能性があります。入力されたデータ形式は、自動チェック機構が推奨する形式ではありません。  ,
1165,中庄町797-1,,中庄町,,797-1,,,ERROR: address2のデータは、address1のデータから推測されるデータに一致しません。（自動チェック機構が参照するデータセットに合致しないか、表記が異なります。  ,ERROR: prefectureの列の情報がありません。元データに都道府県情報が欠落している可能性があります。入力されたデータ形式は、自動チェック機構が推奨する形式ではありません。  ,
1166,中庄町797-1,,中庄町,,797-1,,,ERROR: address2のデータは、address1のデータから推測されるデータに一致しません。（自動チェック機構が参照するデータセットに合致しないか、表記が異なります。  ,ERROR: prefectureの列の情報がありません。元データに都道府県情報が欠落している可能性があります。入力されたデータ形式は、自動チェック機構が推奨する形式ではありません。  ,
1167,中庄町797-1,,中庄町,,797-1,,,ERROR: address2のデータは、address1のデータから推測されるデータに一致しません。（自動チェック機構が参照するデータセットに合致しないか、表記が異なります。  ,ERROR: prefectureの列の情報がありません。元データに都道府県情報が欠落している可能性があります。入力されたデータ形式は、自動チェック機構が推奨する形式ではありません。  ,
1168,中庄町797-1,,中庄町,,797-1,,,ERROR: address2のデータは、address1のデータから推測されるデータに一致しません。（自動チェック機構が参照するデータセットに合致しないか、表記が異なります。  ,ERROR: prefectureの列の情報がありません。元データに都道府県情報が欠落している可能性があります。入力されたデータ形式は、自動チェック機構が推奨する形式ではありません。  ,
1169,中庄町797-1,,中庄町,,797-1,,,ERROR: address2のデータは、address1のデータから推測されるデータに一致しません。（自動チェック機構が参照するデータセットに合致しないか、表記が異なります。  ,ERROR: prefectureの列の情報がありません。元データに都道府県情報が欠落している可能性があります。入力されたデータ形式は、自動チェック機構が推奨する形式ではありません。  ,
1170,中庄町801-1,,中庄町,,801-1,,,ERROR: address2のデータは、address1のデータから推測されるデータに一致しません。（自動チェック機構が参照するデータセットに合致しないか、表記が異なります。  ,ERROR: prefectureの列の情報がありません。元データに都道府県情報が欠落している可能性があります。入力されたデータ形式は、自動チェック機構が推奨する形式ではありません。  ,
1171,中庄町801-1,,中庄町,,801-1,,,ERROR: address2のデータは、address1のデータから推測されるデータに一致しません。（自動チェック機構が参照するデータセットに合致しないか、表記が異なります。  ,ERROR: prefectureの列の情報がありません。元データに都道府県情報が欠落している可能性があります。入力されたデータ形式は、自動チェック機構が推奨する形式ではありません。  ,
1172,中庄町801-1,,中庄町,,801-1,,,ERROR: address2のデータは、address1のデータから推測されるデータに一致しません。（自動チェック機構が参照するデータセットに合致しないか、表記が異なります。  ,ERROR: prefectureの列の情報がありません。元データに都道府県情報が欠落している可能性があります。入力されたデータ形式は、自動チェック機構が推奨する形式ではありません。  ,
1173,中庄町801-1,,中庄町,,801-1,,,ERROR: address2のデータは、address1のデータから推測されるデータに一致しません。（自動チェック機構が参照するデータセットに合致しないか、表記が異なります。  ,ERROR: prefectureの列の情報がありません。元データに都道府県情報が欠落している可能性があります。入力されたデータ形式は、自動チェック機構が推奨する形式ではありません。  ,
1174,中庄町802,,中庄町,,802,,,ERROR: address2のデータは、address1のデータから推測されるデータに一致しません。（自動チェック機構が参照するデータセットに合致しないか、表記が異なります。  ,ERROR: prefectureの列の情報がありません。元データに都道府県情報が欠落している可能性があります。入力されたデータ形式は、自動チェック機構が推奨する形式ではありません。  ,
1175,中庄町802,,中庄町,,802,,,ERROR: address2のデータは、address1のデータから推測されるデータに一致しません。（自動チェック機構が参照するデータセットに合致しないか、表記が異なります。  ,ERROR: prefectureの列の情報がありません。元データに都道府県情報が欠落している可能性があります。入力されたデータ形式は、自動チェック機構が推奨する形式ではありません。  ,
1176,中庄町807-1,,中庄町,,807-1,,,ERROR: address2のデータは、address1のデータから推測されるデータに一致しません。（自動チェック機構が参照するデータセットに合致しないか、表記が異なります。  ,ERROR: prefectureの列の情報がありません。元データに都道府県情報が欠落している可能性があります。入力されたデータ形式は、自動チェック機構が推奨する形式ではありません。  ,
1177,中庄町810-1,,中庄町,,810-1,,,ERROR: address2のデータは、address1のデータから推測されるデータに一致しません。（自動チェック機構が参照するデータセットに合致しないか、表記が異なります。  ,ERROR: prefectureの列の情報がありません。元データに都道府県情報が欠落している可能性があります。入力されたデータ形式は、自動チェック機構が推奨する形式ではありません。  ,
1178,中庄町810-1,,中庄町,,810-1,,,ERROR: address2のデータは、address1のデータから推測されるデータに一致しません。（自動チェック機構が参照するデータセットに合致しないか、表記が異なります。  ,ERROR: prefectureの列の情報がありません。元データに都道府県情報が欠落している可能性があります。入力されたデータ形式は、自動チェック機構が推奨する形式ではありません。  ,
1179,中庄町810-1,,中庄町,,810-1,,,ERROR: address2のデータは、address1のデータから推測されるデータに一致しません。（自動チェック機構が参照するデータセットに合致しないか、表記が異なります。  ,ERROR: prefectureの列の情報がありません。元データに都道府県情報が欠落している可能性があります。入力されたデータ形式は、自動チェック機構が推奨する形式ではありません。  ,
1180,中庄町822-2,,中庄町,,822-2,,,ERROR: address2のデータは、address1のデータから推測されるデータに一致しません。（自動チェック機構が参照するデータセットに合致しないか、表記が異なります。  ,ERROR: prefectureの列の情報がありません。元データに都道府県情報が欠落している可能性があります。入力されたデータ形式は、自動チェック機構が推奨する形式ではありません。  ,
1181,中庄町822-2,,中庄町,,822-2,,,ERROR: address2のデータは、address1のデータから推測されるデータに一致しません。（自動チェック機構が参照するデータセットに合致しないか、表記が異なります。  ,ERROR: prefectureの列の情報がありません。元データに都道府県情報が欠落している可能性があります。入力されたデータ形式は、自動チェック機構が推奨する形式ではありません。  ,
1182,中庄町822-2,,中庄町,,822-2,,,ERROR: address2のデータは、address1のデータから推測されるデータに一致しません。（自動チェック機構が参照するデータセットに合致しないか、表記が異なります。  ,ERROR: prefectureの列の情報がありません。元データに都道府県情報が欠落している可能性があります。入力されたデータ形式は、自動チェック機構が推奨する形式ではありません。  ,
1183,中庄町822-2,,中庄町,,822-2,,,ERROR: address2のデータは、address1のデータから推測されるデータに一致しません。（自動チェック機構が参照するデータセットに合致しないか、表記が異なります。  ,ERROR: prefectureの列の情報がありません。元データに都道府県情報が欠落している可能性があります。入力されたデータ形式は、自動チェック機構が推奨する形式ではありません。  ,
1184,中庄町824-1,,中庄町,,824-1,,,ERROR: address2のデータは、address1のデータから推測されるデータに一致しません。（自動チェック機構が参照するデータセットに合致しないか、表記が異なります。  ,ERROR: prefectureの列の情報がありません。元データに都道府県情報が欠落している可能性があります。入力されたデータ形式は、自動チェック機構が推奨する形式ではありません。  ,
1185,中庄町824-1,,中庄町,,824-1,,,ERROR: address2のデータは、address1のデータから推測されるデータに一致しません。（自動チェック機構が参照するデータセットに合致しないか、表記が異なります。  ,ERROR: prefectureの列の情報がありません。元データに都道府県情報が欠落している可能性があります。入力されたデータ形式は、自動チェック機構が推奨する形式ではありません。  ,
1186,中庄町824-1,,中庄町,,824-1,,,ERROR: address2のデータは、address1のデータから推測されるデータに一致しません。（自動チェック機構が参照するデータセットに合致しないか、表記が異なります。  ,ERROR: prefectureの列の情報がありません。元データに都道府県情報が欠落している可能性があります。入力されたデータ形式は、自動チェック機構が推奨する形式ではありません。  ,
1187,中庄町824-2,,中庄町,,824-2,,,ERROR: address2のデータは、address1のデータから推測されるデータに一致しません。（自動チェック機構が参照するデータセットに合致しないか、表記が異なります。  ,ERROR: prefectureの列の情報がありません。元データに都道府県情報が欠落している可能性があります。入力されたデータ形式は、自動チェック機構が推奨する形式ではありません。  ,
1188,中庄町825-1,,中庄町,,825-1,,,ERROR: address2のデータは、address1のデータから推測されるデータに一致しません。（自動チェック機構が参照するデータセットに合致しないか、表記が異なります。  ,ERROR: prefectureの列の情報がありません。元データに都道府県情報が欠落している可能性があります。入力されたデータ形式は、自動チェック機構が推奨する形式ではありません。  ,
1189,中庄町825-1,,中庄町,,825-1,,,ERROR: address2のデータは、address1のデータから推測されるデータに一致しません。（自動チェック機構が参照するデータセットに合致しないか、表記が異なります。  ,ERROR: prefectureの列の情報がありません。元データに都道府県情報が欠落している可能性があります。入力されたデータ形式は、自動チェック機構が推奨する形式ではありません。  ,
1190,中庄町825-1,,中庄町,,825-1,,,ERROR: address2のデータは、address1のデータから推測されるデータに一致しません。（自動チェック機構が参照するデータセットに合致しないか、表記が異なります。  ,ERROR: prefectureの列の情報がありません。元データに都道府県情報が欠落している可能性があります。入力されたデータ形式は、自動チェック機構が推奨する形式ではありません。  ,
1191,中庄町825-1,,中庄町,,825-1,,,ERROR: address2のデータは、address1のデータから推測されるデータに一致しません。（自動チェック機構が参照するデータセットに合致しないか、表記が異なります。  ,ERROR: prefectureの列の情報がありません。元データに都道府県情報が欠落している可能性があります。入力されたデータ形式は、自動チェック機構が推奨する形式ではありません。  ,
1192,中庄町826-1,,中庄町,,826-1,,,ERROR: address2のデータは、address1のデータから推測されるデータに一致しません。（自動チェック機構が参照するデータセットに合致しないか、表記が異なります。  ,ERROR: prefectureの列の情報がありません。元データに都道府県情報が欠落している可能性があります。入力されたデータ形式は、自動チェック機構が推奨する形式ではありません。  ,
1193,中庄町826-1,,中庄町,,826-1,,,ERROR: address2のデータは、address1のデータから推測されるデータに一致しません。（自動チェック機構が参照するデータセットに合致しないか、表記が異なります。  ,ERROR: prefectureの列の情報がありません。元データに都道府県情報が欠落している可能性があります。入力されたデータ形式は、自動チェック機構が推奨する形式ではありません。  ,
1194,中庄町827,,中庄町,,827,,,ERROR: address2のデータは、address1のデータから推測されるデータに一致しません。（自動チェック機構が参照するデータセットに合致しないか、表記が異なります。  ,ERROR: prefectureの列の情報がありません。元データに都道府県情報が欠落している可能性があります。入力されたデータ形式は、自動チェック機構が推奨する形式ではありません。  ,
1195,中庄町828,,中庄町,,828,,,ERROR: address2のデータは、address1のデータから推測されるデータに一致しません。（自動チェック機構が参照するデータセットに合致しないか、表記が異なります。  ,ERROR: prefectureの列の情報がありません。元データに都道府県情報が欠落している可能性があります。入力されたデータ形式は、自動チェック機構が推奨する形式ではありません。  ,
1196,中庄町828,,中庄町,,828,,,ERROR: address2のデータは、address1のデータから推測されるデータに一致しません。（自動チェック機構が参照するデータセットに合致しないか、表記が異なります。  ,ERROR: prefectureの列の情報がありません。元データに都道府県情報が欠落している可能性があります。入力されたデータ形式は、自動チェック機構が推奨する形式ではありません。  ,
1197,中庄町832-1,,中庄町,,832-1,,,ERROR: address2のデータは、address1のデータから推測されるデータに一致しません。（自動チェック機構が参照するデータセットに合致しないか、表記が異なります。  ,ERROR: prefectureの列の情報がありません。元データに都道府県情報が欠落している可能性があります。入力されたデータ形式は、自動チェック機構が推奨する形式ではありません。  ,
1198,中庄町832-1,,中庄町,,832-1,,,ERROR: address2のデータは、address1のデータから推測されるデータに一致しません。（自動チェック機構が参照するデータセットに合致しないか、表記が異なります。  ,ERROR: prefectureの列の情報がありません。元データに都道府県情報が欠落している可能性があります。入力されたデータ形式は、自動チェック機構が推奨する形式ではありません。  ,
1199,中庄町832-3,,中庄町,,832-3,,,ERROR: address2のデータは、address1のデータから推測されるデータに一致しません。（自動チェック機構が参照するデータセットに合致しないか、表記が異なります。  ,ERROR: prefectureの列の情報がありません。元データに都道府県情報が欠落している可能性があります。入力されたデータ形式は、自動チェック機構が推奨する形式ではありません。  ,
1200,中庄町833-1,,中庄町,,833-1,,,ERROR: address2のデータは、address1のデータから推測されるデータに一致しません。（自動チェック機構が参照するデータセットに合致しないか、表記が異なります。  ,ERROR: prefectureの列の情報がありません。元データに都道府県情報が欠落している可能性があります。入力されたデータ形式は、自動チェック機構が推奨する形式ではありません。  ,
1201,中庄町833-1,,中庄町,,833-1,,,ERROR: address2のデータは、address1のデータから推測されるデータに一致しません。（自動チェック機構が参照するデータセットに合致しないか、表記が異なります。  ,ERROR: prefectureの列の情報がありません。元データに都道府県情報が欠落している可能性があります。入力されたデータ形式は、自動チェック機構が推奨する形式ではありません。  ,
1202,中庄町833-1,,中庄町,,833-1,,,ERROR: address2のデータは、address1のデータから推測されるデータに一致しません。（自動チェック機構が参照するデータセットに合致しないか、表記が異なります。  ,ERROR: prefectureの列の情報がありません。元データに都道府県情報が欠落している可能性があります。入力されたデータ形式は、自動チェック機構が推奨する形式ではありません。  ,
1203,中庄町833-1,,中庄町,,833-1,,,ERROR: address2のデータは、address1のデータから推測されるデータに一致しません。（自動チェック機構が参照するデータセットに合致しないか、表記が異なります。  ,ERROR: prefectureの列の情報がありません。元データに都道府県情報が欠落している可能性があります。入力されたデータ形式は、自動チェック機構が推奨する形式ではありません。  ,
1204,中庄町835,,中庄町,,835,,,ERROR: address2のデータは、address1のデータから推測されるデータに一致しません。（自動チェック機構が参照するデータセットに合致しないか、表記が異なります。  ,ERROR: prefectureの列の情報がありません。元データに都道府県情報が欠落している可能性があります。入力されたデータ形式は、自動チェック機構が推奨する形式ではありません。  ,
1205,中庄町835,,中庄町,,835,,,ERROR: address2のデータは、address1のデータから推測されるデータに一致しません。（自動チェック機構が参照するデータセットに合致しないか、表記が異なります。  ,ERROR: prefectureの列の情報がありません。元データに都道府県情報が欠落している可能性があります。入力されたデータ形式は、自動チェック機構が推奨する形式ではありません。  ,
1206,中庄町835,,中庄町,,835,,,ERROR: address2のデータは、address1のデータから推測されるデータに一致しません。（自動チェック機構が参照するデータセットに合致しないか、表記が異なります。  ,ERROR: prefectureの列の情報がありません。元データに都道府県情報が欠落している可能性があります。入力されたデータ形式は、自動チェック機構が推奨する形式ではありません。  ,
1207,中庄町835,,中庄町,,835,,,ERROR: address2のデータは、address1のデータから推測されるデータに一致しません。（自動チェック機構が参照するデータセットに合致しないか、表記が異なります。  ,ERROR: prefectureの列の情報がありません。元データに都道府県情報が欠落している可能性があります。入力されたデータ形式は、自動チェック機構が推奨する形式ではありません。  ,
1208,中庄町835,,中庄町,,835,,,ERROR: address2のデータは、address1のデータから推測されるデータに一致しません。（自動チェック機構が参照するデータセットに合致しないか、表記が異なります。  ,ERROR: prefectureの列の情報がありません。元データに都道府県情報が欠落している可能性があります。入力されたデータ形式は、自動チェック機構が推奨する形式ではありません。  ,
1209,中庄町837-1,,中庄町,,837-1,,,ERROR: address2のデータは、address1のデータから推測されるデータに一致しません。（自動チェック機構が参照するデータセットに合致しないか、表記が異なります。  ,ERROR: prefectureの列の情報がありません。元データに都道府県情報が欠落している可能性があります。入力されたデータ形式は、自動チェック機構が推奨する形式ではありません。  ,
1210,中庄町837-1,,中庄町,,837-1,,,ERROR: address2のデータは、address1のデータから推測されるデータに一致しません。（自動チェック機構が参照するデータセットに合致しないか、表記が異なります。  ,ERROR: prefectureの列の情報がありません。元データに都道府県情報が欠落している可能性があります。入力されたデータ形式は、自動チェック機構が推奨する形式ではありません。  ,
1211,中庄町838-3,,中庄町,,838-3,,,ERROR: address2のデータは、address1のデータから推測されるデータに一致しません。（自動チェック機構が参照するデータセットに合致しないか、表記が異なります。  ,ERROR: prefectureの列の情報がありません。元データに都道府県情報が欠落している可能性があります。入力されたデータ形式は、自動チェック機構が推奨する形式ではありません。  ,
1212,中庄町838-3,,中庄町,,838-3,,,ERROR: address2のデータは、address1のデータから推測されるデータに一致しません。（自動チェック機構が参照するデータセットに合致しないか、表記が異なります。  ,ERROR: prefectureの列の情報がありません。元データに都道府県情報が欠落している可能性があります。入力されたデータ形式は、自動チェック機構が推奨する形式ではありません。  ,
1213,中庄町838-3,,中庄町,,838-3,,,ERROR: address2のデータは、address1のデータから推測されるデータに一致しません。（自動チェック機構が参照するデータセットに合致しないか、表記が異なります。  ,ERROR: prefectureの列の情報がありません。元データに都道府県情報が欠落している可能性があります。入力されたデータ形式は、自動チェック機構が推奨する形式ではありません。  ,
1214,中庄町838-3,,中庄町,,838-3,,,ERROR: address2のデータは、address1のデータから推測されるデータに一致しません。（自動チェック機構が参照するデータセットに合致しないか、表記が異なります。  ,ERROR: prefectureの列の情報がありません。元データに都道府県情報が欠落している可能性があります。入力されたデータ形式は、自動チェック機構が推奨する形式ではありません。  ,
1215,中庄町838-3,,中庄町,,838-3,,,ERROR: address2のデータは、address1のデータから推測されるデータに一致しません。（自動チェック機構が参照するデータセットに合致しないか、表記が異なります。  ,ERROR: prefectureの列の情報がありません。元データに都道府県情報が欠落している可能性があります。入力されたデータ形式は、自動チェック機構が推奨する形式ではありません。  ,
1216,中庄町838-3,,中庄町,,838-3,,,ERROR: address2のデータは、address1のデータから推測されるデータに一致しません。（自動チェック機構が参照するデータセットに合致しないか、表記が異なります。  ,ERROR: prefectureの列の情報がありません。元データに都道府県情報が欠落している可能性があります。入力されたデータ形式は、自動チェック機構が推奨する形式ではありません。  ,
1217,中庄町839-1,,中庄町,,839-1,,,ERROR: address2のデータは、address1のデータから推測されるデータに一致しません。（自動チェック機構が参照するデータセットに合致しないか、表記が異なります。  ,ERROR: prefectureの列の情報がありません。元データに都道府県情報が欠落している可能性があります。入力されたデータ形式は、自動チェック機構が推奨する形式ではありません。  ,
1218,中庄町842,,中庄町,,842,,,ERROR: address2のデータは、address1のデータから推測されるデータに一致しません。（自動チェック機構が参照するデータセットに合致しないか、表記が異なります。  ,ERROR: prefectureの列の情報がありません。元データに都道府県情報が欠落している可能性があります。入力されたデータ形式は、自動チェック機構が推奨する形式ではありません。  ,
1219,中庄町842,,中庄町,,842,,,ERROR: address2のデータは、address1のデータから推測されるデータに一致しません。（自動チェック機構が参照するデータセットに合致しないか、表記が異なります。  ,ERROR: prefectureの列の情報がありません。元データに都道府県情報が欠落している可能性があります。入力されたデータ形式は、自動チェック機構が推奨する形式ではありません。  ,
1220,中庄町845,,中庄町,,845,,,ERROR: address2のデータは、address1のデータから推測されるデータに一致しません。（自動チェック機構が参照するデータセットに合致しないか、表記が異なります。  ,ERROR: prefectureの列の情報がありません。元データに都道府県情報が欠落している可能性があります。入力されたデータ形式は、自動チェック機構が推奨する形式ではありません。  ,
1221,中庄町846,,中庄町,,846,,,ERROR: address2のデータは、address1のデータから推測されるデータに一致しません。（自動チェック機構が参照するデータセットに合致しないか、表記が異なります。  ,ERROR: prefectureの列の情報がありません。元データに都道府県情報が欠落している可能性があります。入力されたデータ形式は、自動チェック機構が推奨する形式ではありません。  ,
1222,中庄町846,,中庄町,,846,,,ERROR: address2のデータは、address1のデータから推測されるデータに一致しません。（自動チェック機構が参照するデータセットに合致しないか、表記が異なります。  ,ERROR: prefectureの列の情報がありません。元データに都道府県情報が欠落している可能性があります。入力されたデータ形式は、自動チェック機構が推奨する形式ではありません。  ,
1223,中庄町846,,中庄町,,846,,,ERROR: address2のデータは、address1のデータから推測されるデータに一致しません。（自動チェック機構が参照するデータセットに合致しないか、表記が異なります。  ,ERROR: prefectureの列の情報がありません。元データに都道府県情報が欠落している可能性があります。入力されたデータ形式は、自動チェック機構が推奨する形式ではありません。  ,
1224,中庄町848,,中庄町,,848,,,ERROR: address2のデータは、address1のデータから推測されるデータに一致しません。（自動チェック機構が参照するデータセットに合致しないか、表記が異なります。  ,ERROR: prefectureの列の情報がありません。元データに都道府県情報が欠落している可能性があります。入力されたデータ形式は、自動チェック機構が推奨する形式ではありません。  ,
1225,中庄町848,,中庄町,,848,,,ERROR: address2のデータは、address1のデータから推測されるデータに一致しません。（自動チェック機構が参照するデータセットに合致しないか、表記が異なります。  ,ERROR: prefectureの列の情報がありません。元データに都道府県情報が欠落している可能性があります。入力されたデータ形式は、自動チェック機構が推奨する形式ではありません。  ,
1226,中庄町848,,中庄町,,848,,,ERROR: address2のデータは、address1のデータから推測されるデータに一致しません。（自動チェック機構が参照するデータセットに合致しないか、表記が異なります。  ,ERROR: prefectureの列の情報がありません。元データに都道府県情報が欠落している可能性があります。入力されたデータ形式は、自動チェック機構が推奨する形式ではありません。  ,
1227,中庄町850-1,,中庄町,,850-1,,,ERROR: address2のデータは、address1のデータから推測されるデータに一致しません。（自動チェック機構が参照するデータセットに合致しないか、表記が異なります。  ,ERROR: prefectureの列の情報がありません。元データに都道府県情報が欠落している可能性があります。入力されたデータ形式は、自動チェック機構が推奨する形式ではありません。  ,
1228,中庄町850-1,,中庄町,,850-1,,,ERROR: address2のデータは、address1のデータから推測されるデータに一致しません。（自動チェック機構が参照するデータセットに合致しないか、表記が異なります。  ,ERROR: prefectureの列の情報がありません。元データに都道府県情報が欠落している可能性があります。入力されたデータ形式は、自動チェック機構が推奨する形式ではありません。  ,
1229,中庄町852,,中庄町,,852,,,ERROR: address2のデータは、address1のデータから推測されるデータに一致しません。（自動チェック機構が参照するデータセットに合致しないか、表記が異なります。  ,ERROR: prefectureの列の情報がありません。元データに都道府県情報が欠落している可能性があります。入力されたデータ形式は、自動チェック機構が推奨する形式ではありません。  ,
1230,中庄町856,,中庄町,,856,,,ERROR: address2のデータは、address1のデータから推測されるデータに一致しません。（自動チェック機構が参照するデータセットに合致しないか、表記が異なります。  ,ERROR: prefectureの列の情報がありません。元データに都道府県情報が欠落している可能性があります。入力されたデータ形式は、自動チェック機構が推奨する形式ではありません。  ,
1231,中庄町856,,中庄町,,856,,,ERROR: address2のデータは、address1のデータから推測されるデータに一致しません。（自動チェック機構が参照するデータセットに合致しないか、表記が異なります。  ,ERROR: prefectureの列の情報がありません。元データに都道府県情報が欠落している可能性があります。入力されたデータ形式は、自動チェック機構が推奨する形式ではありません。  ,
1232,中庄町856,,中庄町,,856,,,ERROR: address2のデータは、address1のデータから推測されるデータに一致しません。（自動チェック機構が参照するデータセットに合致しないか、表記が異なります。  ,ERROR: prefectureの列の情報がありません。元データに都道府県情報が欠落している可能性があります。入力されたデータ形式は、自動チェック機構が推奨する形式ではありません。  ,
1233,中庄町856,,中庄町,,856,,,ERROR: address2のデータは、address1のデータから推測されるデータに一致しません。（自動チェック機構が参照するデータセットに合致しないか、表記が異なります。  ,ERROR: prefectureの列の情報がありません。元データに都道府県情報が欠落している可能性があります。入力されたデータ形式は、自動チェック機構が推奨する形式ではありません。  ,
1234,中庄町858-5,,中庄町,,858-5,,,ERROR: address2のデータは、address1のデータから推測されるデータに一致しません。（自動チェック機構が参照するデータセットに合致しないか、表記が異なります。  ,ERROR: prefectureの列の情報がありません。元データに都道府県情報が欠落している可能性があります。入力されたデータ形式は、自動チェック機構が推奨する形式ではありません。  ,
1235,中庄町862,,中庄町,,862,,,ERROR: address2のデータは、address1のデータから推測されるデータに一致しません。（自動チェック機構が参照するデータセットに合致しないか、表記が異なります。  ,ERROR: prefectureの列の情報がありません。元データに都道府県情報が欠落している可能性があります。入力されたデータ形式は、自動チェック機構が推奨する形式ではありません。  ,
1236,中庄町862,,中庄町,,862,,,ERROR: address2のデータは、address1のデータから推測されるデータに一致しません。（自動チェック機構が参照するデータセットに合致しないか、表記が異なります。  ,ERROR: prefectureの列の情報がありません。元データに都道府県情報が欠落している可能性があります。入力されたデータ形式は、自動チェック機構が推奨する形式ではありません。  ,
1237,中庄町863,,中庄町,,863,,,ERROR: address2のデータは、address1のデータから推測されるデータに一致しません。（自動チェック機構が参照するデータセットに合致しないか、表記が異なります。  ,ERROR: prefectureの列の情報がありません。元データに都道府県情報が欠落している可能性があります。入力されたデータ形式は、自動チェック機構が推奨する形式ではありません。  ,
1238,中庄町863,,中庄町,,863,,,ERROR: address2のデータは、address1のデータから推測されるデータに一致しません。（自動チェック機構が参照するデータセットに合致しないか、表記が異なります。  ,ERROR: prefectureの列の情報がありません。元データに都道府県情報が欠落している可能性があります。入力されたデータ形式は、自動チェック機構が推奨する形式ではありません。  ,
1239,中庄町865-1,,中庄町,,865-1,,,ERROR: address2のデータは、address1のデータから推測されるデータに一致しません。（自動チェック機構が参照するデータセットに合致しないか、表記が異なります。  ,ERROR: prefectureの列の情報がありません。元データに都道府県情報が欠落している可能性があります。入力されたデータ形式は、自動チェック機構が推奨する形式ではありません。  ,
1240,中庄町865-1,,中庄町,,865-1,,,ERROR: address2のデータは、address1のデータから推測されるデータに一致しません。（自動チェック機構が参照するデータセットに合致しないか、表記が異なります。  ,ERROR: prefectureの列の情報がありません。元データに都道府県情報が欠落している可能性があります。入力されたデータ形式は、自動チェック機構が推奨する形式ではありません。  ,
1241,中庄町865-1,,中庄町,,865-1,,,ERROR: address2のデータは、address1のデータから推測されるデータに一致しません。（自動チェック機構が参照するデータセットに合致しないか、表記が異なります。  ,ERROR: prefectureの列の情報がありません。元データに都道府県情報が欠落している可能性があります。入力されたデータ形式は、自動チェック機構が推奨する形式ではありません。  ,
1242,中庄町868-1,,中庄町,,868-1,,,ERROR: address2のデータは、address1のデータから推測されるデータに一致しません。（自動チェック機構が参照するデータセットに合致しないか、表記が異なります。  ,ERROR: prefectureの列の情報がありません。元データに都道府県情報が欠落している可能性があります。入力されたデータ形式は、自動チェック機構が推奨する形式ではありません。  ,
1243,中庄町868-1,,中庄町,,868-1,,,ERROR: address2のデータは、address1のデータから推測されるデータに一致しません。（自動チェック機構が参照するデータセットに合致しないか、表記が異なります。  ,ERROR: prefectureの列の情報がありません。元データに都道府県情報が欠落している可能性があります。入力されたデータ形式は、自動チェック機構が推奨する形式ではありません。  ,
1244,中庄町868-1,,中庄町,,868-1,,,ERROR: address2のデータは、address1のデータから推測されるデータに一致しません。（自動チェック機構が参照するデータセットに合致しないか、表記が異なります。  ,ERROR: prefectureの列の情報がありません。元データに都道府県情報が欠落している可能性があります。入力されたデータ形式は、自動チェック機構が推奨する形式ではありません。  ,
1245,中庄町868-1,,中庄町,,868-1,,,ERROR: address2のデータは、address1のデータから推測されるデータに一致しません。（自動チェック機構が参照するデータセットに合致しないか、表記が異なります。  ,ERROR: prefectureの列の情報がありません。元データに都道府県情報が欠落している可能性があります。入力されたデータ形式は、自動チェック機構が推奨する形式ではありません。  ,
1246,中庄町871,,中庄町,,871,,,ERROR: address2のデータは、address1のデータから推測されるデータに一致しません。（自動チェック機構が参照するデータセットに合致しないか、表記が異なります。  ,ERROR: prefectureの列の情報がありません。元データに都道府県情報が欠落している可能性があります。入力されたデータ形式は、自動チェック機構が推奨する形式ではありません。  ,
1247,中庄町871,,中庄町,,871,,,ERROR: address2のデータは、address1のデータから推測されるデータに一致しません。（自動チェック機構が参照するデータセットに合致しないか、表記が異なります。  ,ERROR: prefectureの列の情報がありません。元データに都道府県情報が欠落している可能性があります。入力されたデータ形式は、自動チェック機構が推奨する形式ではありません。  ,
1248,中庄町871,,中庄町,,871,,,ERROR: address2のデータは、address1のデータから推測されるデータに一致しません。（自動チェック機構が参照するデータセットに合致しないか、表記が異なります。  ,ERROR: prefectureの列の情報がありません。元データに都道府県情報が欠落している可能性があります。入力されたデータ形式は、自動チェック機構が推奨する形式ではありません。  ,
1249,中庄町871,,中庄町,,871,,,ERROR: address2のデータは、address1のデータから推測されるデータに一致しません。（自動チェック機構が参照するデータセットに合致しないか、表記が異なります。  ,ERROR: prefectureの列の情報がありません。元データに都道府県情報が欠落している可能性があります。入力されたデータ形式は、自動チェック機構が推奨する形式ではありません。  ,
1250,中庄町871,,中庄町,,871,,,ERROR: address2のデータは、address1のデータから推測されるデータに一致しません。（自動チェック機構が参照するデータセットに合致しないか、表記が異なります。  ,ERROR: prefectureの列の情報がありません。元データに都道府県情報が欠落している可能性があります。入力されたデータ形式は、自動チェック機構が推奨する形式ではありません。  ,
1251,中庄町874,,中庄町,,874,,,ERROR: address2のデータは、address1のデータから推測されるデータに一致しません。（自動チェック機構が参照するデータセットに合致しないか、表記が異なります。  ,ERROR: prefectureの列の情報がありません。元データに都道府県情報が欠落している可能性があります。入力されたデータ形式は、自動チェック機構が推奨する形式ではありません。  ,
1252,中庄町874,,中庄町,,874,,,ERROR: address2のデータは、address1のデータから推測されるデータに一致しません。（自動チェック機構が参照するデータセットに合致しないか、表記が異なります。  ,ERROR: prefectureの列の情報がありません。元データに都道府県情報が欠落している可能性があります。入力されたデータ形式は、自動チェック機構が推奨する形式ではありません。  ,
1253,中庄町876,,中庄町,,876,,,ERROR: address2のデータは、address1のデータから推測されるデータに一致しません。（自動チェック機構が参照するデータセットに合致しないか、表記が異なります。  ,ERROR: prefectureの列の情報がありません。元データに都道府県情報が欠落している可能性があります。入力されたデータ形式は、自動チェック機構が推奨する形式ではありません。  ,
1254,中庄町878,,中庄町,,878,,,ERROR: address2のデータは、address1のデータから推測されるデータに一致しません。（自動チェック機構が参照するデータセットに合致しないか、表記が異なります。  ,ERROR: prefectureの列の情報がありません。元データに都道府県情報が欠落している可能性があります。入力されたデータ形式は、自動チェック機構が推奨する形式ではありません。  ,
1255,中庄町879,,中庄町,,879,,,ERROR: address2のデータは、address1のデータから推測されるデータに一致しません。（自動チェック機構が参照するデータセットに合致しないか、表記が異なります。  ,ERROR: prefectureの列の情報がありません。元データに都道府県情報が欠落している可能性があります。入力されたデータ形式は、自動チェック機構が推奨する形式ではありません。  ,
1256,中庄町879,,中庄町,,879,,,ERROR: address2のデータは、address1のデータから推測されるデータに一致しません。（自動チェック機構が参照するデータセットに合致しないか、表記が異なります。  ,ERROR: prefectureの列の情報がありません。元データに都道府県情報が欠落している可能性があります。入力されたデータ形式は、自動チェック機構が推奨する形式ではありません。  ,
1257,中庄町880-1,,中庄町,,880-1,,,ERROR: address2のデータは、address1のデータから推測されるデータに一致しません。（自動チェック機構が参照するデータセットに合致しないか、表記が異なります。  ,ERROR: prefectureの列の情報がありません。元データに都道府県情報が欠落している可能性があります。入力されたデータ形式は、自動チェック機構が推奨する形式ではありません。  ,
1258,中庄町880-1,,中庄町,,880-1,,,ERROR: address2のデータは、address1のデータから推測されるデータに一致しません。（自動チェック機構が参照するデータセットに合致しないか、表記が異なります。  ,ERROR: prefectureの列の情報がありません。元データに都道府県情報が欠落している可能性があります。入力されたデータ形式は、自動チェック機構が推奨する形式ではありません。  ,
1259,中庄町880-1,,中庄町,,880-1,,,ERROR: address2のデータは、address1のデータから推測されるデータに一致しません。（自動チェック機構が参照するデータセットに合致しないか、表記が異なります。  ,ERROR: prefectureの列の情報がありません。元データに都道府県情報が欠落している可能性があります。入力されたデータ形式は、自動チェック機構が推奨する形式ではありません。  ,
1260,中庄町880-1,,中庄町,,880-1,,,ERROR: address2のデータは、address1のデータから推測されるデータに一致しません。（自動チェック機構が参照するデータセットに合致しないか、表記が異なります。  ,ERROR: prefectureの列の情報がありません。元データに都道府県情報が欠落している可能性があります。入力されたデータ形式は、自動チェック機構が推奨する形式ではありません。  ,
1261,中庄町883,,中庄町,,883,,,ERROR: address2のデータは、address1のデータから推測されるデータに一致しません。（自動チェック機構が参照するデータセットに合致しないか、表記が異なります。  ,ERROR: prefectureの列の情報がありません。元データに都道府県情報が欠落している可能性があります。入力されたデータ形式は、自動チェック機構が推奨する形式ではありません。  ,
1262,中庄町883,,中庄町,,883,,,ERROR: address2のデータは、address1のデータから推測されるデータに一致しません。（自動チェック機構が参照するデータセットに合致しないか、表記が異なります。  ,ERROR: prefectureの列の情報がありません。元データに都道府県情報が欠落している可能性があります。入力されたデータ形式は、自動チェック機構が推奨する形式ではありません。  ,
1263,中庄町883,,中庄町,,883,,,ERROR: address2のデータは、address1のデータから推測されるデータに一致しません。（自動チェック機構が参照するデータセットに合致しないか、表記が異なります。  ,ERROR: prefectureの列の情報がありません。元データに都道府県情報が欠落している可能性があります。入力されたデータ形式は、自動チェック機構が推奨する形式ではありません。  ,
1264,中庄町883,,中庄町,,883,,,ERROR: address2のデータは、address1のデータから推測されるデータに一致しません。（自動チェック機構が参照するデータセットに合致しないか、表記が異なります。  ,ERROR: prefectureの列の情報がありません。元データに都道府県情報が欠落している可能性があります。入力されたデータ形式は、自動チェック機構が推奨する形式ではありません。  ,
1265,中庄町883,,中庄町,,883,,,ERROR: address2のデータは、address1のデータから推測されるデータに一致しません。（自動チェック機構が参照するデータセットに合致しないか、表記が異なります。  ,ERROR: prefectureの列の情報がありません。元データに都道府県情報が欠落している可能性があります。入力されたデータ形式は、自動チェック機構が推奨する形式ではありません。  ,
1266,中庄町883,,中庄町,,883,,,ERROR: address2のデータは、address1のデータから推測されるデータに一致しません。（自動チェック機構が参照するデータセットに合致しないか、表記が異なります。  ,ERROR: prefectureの列の情報がありません。元データに都道府県情報が欠落している可能性があります。入力されたデータ形式は、自動チェック機構が推奨する形式ではありません。  ,
1267,中庄町884,,中庄町,,884,,,ERROR: address2のデータは、address1のデータから推測されるデータに一致しません。（自動チェック機構が参照するデータセットに合致しないか、表記が異なります。  ,ERROR: prefectureの列の情報がありません。元データに都道府県情報が欠落している可能性があります。入力されたデータ形式は、自動チェック機構が推奨する形式ではありません。  ,
1268,中庄町884,,中庄町,,884,,,ERROR: address2のデータは、address1のデータから推測されるデータに一致しません。（自動チェック機構が参照するデータセットに合致しないか、表記が異なります。  ,ERROR: prefectureの列の情報がありません。元データに都道府県情報が欠落している可能性があります。入力されたデータ形式は、自動チェック機構が推奨する形式ではありません。  ,
1269,中庄町884,,中庄町,,884,,,ERROR: address2のデータは、address1のデータから推測されるデータに一致しません。（自動チェック機構が参照するデータセットに合致しないか、表記が異なります。  ,ERROR: prefectureの列の情報がありません。元データに都道府県情報が欠落している可能性があります。入力されたデータ形式は、自動チェック機構が推奨する形式ではありません。  ,
1270,中庄町884,,中庄町,,884,,,ERROR: address2のデータは、address1のデータから推測されるデータに一致しません。（自動チェック機構が参照するデータセットに合致しないか、表記が異なります。  ,ERROR: prefectureの列の情報がありません。元データに都道府県情報が欠落している可能性があります。入力されたデータ形式は、自動チェック機構が推奨する形式ではありません。  ,
1271,中庄町884,,中庄町,,884,,,ERROR: address2のデータは、address1のデータから推測されるデータに一致しません。（自動チェック機構が参照するデータセットに合致しないか、表記が異なります。  ,ERROR: prefectureの列の情報がありません。元データに都道府県情報が欠落している可能性があります。入力されたデータ形式は、自動チェック機構が推奨する形式ではありません。  ,
1272,中庄町884,,中庄町,,884,,,ERROR: address2のデータは、address1のデータから推測されるデータに一致しません。（自動チェック機構が参照するデータセットに合致しないか、表記が異なります。  ,ERROR: prefectureの列の情報がありません。元データに都道府県情報が欠落している可能性があります。入力されたデータ形式は、自動チェック機構が推奨する形式ではありません。  ,
1273,中庄町893,,中庄町,,893,,,ERROR: address2のデータは、address1のデータから推測されるデータに一致しません。（自動チェック機構が参照するデータセットに合致しないか、表記が異なります。  ,ERROR: prefectureの列の情報がありません。元データに都道府県情報が欠落している可能性があります。入力されたデータ形式は、自動チェック機構が推奨する形式ではありません。  ,
1274,中庄町893,,中庄町,,893,,,ERROR: address2のデータは、address1のデータから推測されるデータに一致しません。（自動チェック機構が参照するデータセットに合致しないか、表記が異なります。  ,ERROR: prefectureの列の情報がありません。元データに都道府県情報が欠落している可能性があります。入力されたデータ形式は、自動チェック機構が推奨する形式ではありません。  ,
1275,中庄町943-2,,中庄町,,943-2,,,ERROR: address2のデータは、address1のデータから推測されるデータに一致しません。（自動チェック機構が参照するデータセットに合致しないか、表記が異なります。  ,ERROR: prefectureの列の情報がありません。元データに都道府県情報が欠落している可能性があります。入力されたデータ形式は、自動チェック機構が推奨する形式ではありません。  ,
1276,中庄町943-2,,中庄町,,943-2,,,ERROR: address2のデータは、address1のデータから推測されるデータに一致しません。（自動チェック機構が参照するデータセットに合致しないか、表記が異なります。  ,ERROR: prefectureの列の情報がありません。元データに都道府県情報が欠落している可能性があります。入力されたデータ形式は、自動チェック機構が推奨する形式ではありません。  ,
1277,中庄町945-1,,中庄町,,945-1,,,ERROR: address2のデータは、address1のデータから推測されるデータに一致しません。（自動チェック機構が参照するデータセットに合致しないか、表記が異なります。  ,ERROR: prefectureの列の情報がありません。元データに都道府県情報が欠落している可能性があります。入力されたデータ形式は、自動チェック機構が推奨する形式ではありません。  ,
1278,中庄町945-1,,中庄町,,945-1,,,ERROR: address2のデータは、address1のデータから推測されるデータに一致しません。（自動チェック機構が参照するデータセットに合致しないか、表記が異なります。  ,ERROR: prefectureの列の情報がありません。元データに都道府県情報が欠落している可能性があります。入力されたデータ形式は、自動チェック機構が推奨する形式ではありません。  ,
1279,中庄町945-1,,中庄町,,945-1,,,ERROR: address2のデータは、address1のデータから推測されるデータに一致しません。（自動チェック機構が参照するデータセットに合致しないか、表記が異なります。  ,ERROR: prefectureの列の情報がありません。元データに都道府県情報が欠落している可能性があります。入力されたデータ形式は、自動チェック機構が推奨する形式ではありません。  ,
1280,中庄町946-4,,中庄町,,946-4,,,ERROR: address2のデータは、address1のデータから推測されるデータに一致しません。（自動チェック機構が参照するデータセットに合致しないか、表記が異なります。  ,ERROR: prefectureの列の情報がありません。元データに都道府県情報が欠落している可能性があります。入力されたデータ形式は、自動チェック機構が推奨する形式ではありません。  ,
1281,中庄町946-4,,中庄町,,946-4,,,ERROR: address2のデータは、address1のデータから推測されるデータに一致しません。（自動チェック機構が参照するデータセットに合致しないか、表記が異なります。  ,ERROR: prefectureの列の情報がありません。元データに都道府県情報が欠落している可能性があります。入力されたデータ形式は、自動チェック機構が推奨する形式ではありません。  ,
1282,中庄町946-4,,中庄町,,946-4,,,ERROR: address2のデータは、address1のデータから推測されるデータに一致しません。（自動チェック機構が参照するデータセットに合致しないか、表記が異なります。  ,ERROR: prefectureの列の情報がありません。元データに都道府県情報が欠落している可能性があります。入力されたデータ形式は、自動チェック機構が推奨する形式ではありません。  ,
1283,中庄町962-3,,中庄町,,962-3,,,ERROR: address2のデータは、address1のデータから推測されるデータに一致しません。（自動チェック機構が参照するデータセットに合致しないか、表記が異なります。  ,ERROR: prefectureの列の情報がありません。元データに都道府県情報が欠落している可能性があります。入力されたデータ形式は、自動チェック機構が推奨する形式ではありません。  ,
1284,中庄町962-3,,中庄町,,962-3,,,ERROR: address2のデータは、address1のデータから推測されるデータに一致しません。（自動チェック機構が参照するデータセットに合致しないか、表記が異なります。  ,ERROR: prefectureの列の情報がありません。元データに都道府県情報が欠落している可能性があります。入力されたデータ形式は、自動チェック機構が推奨する形式ではありません。  ,
1285,中庄町962-3,,中庄町,,962-3,,,ERROR: address2のデータは、address1のデータから推測されるデータに一致しません。（自動チェック機構が参照するデータセットに合致しないか、表記が異なります。  ,ERROR: prefectureの列の情報がありません。元データに都道府県情報が欠落している可能性があります。入力されたデータ形式は、自動チェック機構が推奨する形式ではありません。  ,
1286,中庄町962-3,,中庄町,,962-3,,,ERROR: address2のデータは、address1のデータから推測されるデータに一致しません。（自動チェック機構が参照するデータセットに合致しないか、表記が異なります。  ,ERROR: prefectureの列の情報がありません。元データに都道府県情報が欠落している可能性があります。入力されたデータ形式は、自動チェック機構が推奨する形式ではありません。  ,
1287,中庄町808,,中庄町,,808,,,ERROR: address2のデータは、address1のデータから推測されるデータに一致しません。（自動チェック機構が参照するデータセットに合致しないか、表記が異なります。  ,ERROR: prefectureの列の情報がありません。元データに都道府県情報が欠落している可能性があります。入力されたデータ形式は、自動チェック機構が推奨する形式ではありません。  ,
1288,中庄町826-4,,中庄町,,826-4,,,ERROR: address2のデータは、address1のデータから推測されるデータに一致しません。（自動チェック機構が参照するデータセットに合致しないか、表記が異なります。  ,ERROR: prefectureの列の情報がありません。元データに都道府県情報が欠落している可能性があります。入力されたデータ形式は、自動チェック機構が推奨する形式ではありません。  ,
1289,中庄町826-4,,中庄町,,826-4,,,ERROR: address2のデータは、address1のデータから推測されるデータに一致しません。（自動チェック機構が参照するデータセットに合致しないか、表記が異なります。  ,ERROR: prefectureの列の情報がありません。元データに都道府県情報が欠落している可能性があります。入力されたデータ形式は、自動チェック機構が推奨する形式ではありません。  ,
1290,中庄町826-4,,中庄町,,826-4,,,ERROR: address2のデータは、address1のデータから推測されるデータに一致しません。（自動チェック機構が参照するデータセットに合致しないか、表記が異なります。  ,ERROR: prefectureの列の情報がありません。元データに都道府県情報が欠落している可能性があります。入力されたデータ形式は、自動チェック機構が推奨する形式ではありません。  ,
1291,中庄町826-4,,中庄町,,826-4,,,ERROR: address2のデータは、address1のデータから推測されるデータに一致しません。（自動チェック機構が参照するデータセットに合致しないか、表記が異なります。  ,ERROR: prefectureの列の情報がありません。元データに都道府県情報が欠落している可能性があります。入力されたデータ形式は、自動チェック機構が推奨する形式ではありません。  ,
1292,中庄町740-6,,中庄町,,740-6,,,ERROR: address2のデータは、address1のデータから推測されるデータに一致しません。（自動チェック機構が参照するデータセットに合致しないか、表記が異なります。  ,ERROR: prefectureの列の情報がありません。元データに都道府県情報が欠落している可能性があります。入力されたデータ形式は、自動チェック機構が推奨する形式ではありません。  ,
1293,中庄町740-6,,中庄町,,740-6,,,ERROR: address2のデータは、address1のデータから推測されるデータに一致しません。（自動チェック機構が参照するデータセットに合致しないか、表記が異なります。  ,ERROR: prefectureの列の情報がありません。元データに都道府県情報が欠落している可能性があります。入力されたデータ形式は、自動チェック機構が推奨する形式ではありません。  ,
1294,中庄町740-6,,中庄町,,740-6,,,ERROR: address2のデータは、address1のデータから推測されるデータに一致しません。（自動チェック機構が参照するデータセットに合致しないか、表記が異なります。  ,ERROR: prefectureの列の情報がありません。元データに都道府県情報が欠落している可能性があります。入力されたデータ形式は、自動チェック機構が推奨する形式ではありません。  ,
1295,中庄町772,,中庄町,,772,,,ERROR: address2のデータは、address1のデータから推測されるデータに一致しません。（自動チェック機構が参照するデータセットに合致しないか、表記が異なります。  ,ERROR: prefectureの列の情報がありません。元データに都道府県情報が欠落している可能性があります。入力されたデータ形式は、自動チェック機構が推奨する形式ではありません。  ,
1296,中庄町772,,中庄町,,772,,,ERROR: address2のデータは、address1のデータから推測されるデータに一致しません。（自動チェック機構が参照するデータセットに合致しないか、表記が異なります。  ,ERROR: prefectureの列の情報がありません。元データに都道府県情報が欠落している可能性があります。入力されたデータ形式は、自動チェック機構が推奨する形式ではありません。  ,
1297,中庄町772,,中庄町,,772,,,ERROR: address2のデータは、address1のデータから推測されるデータに一致しません。（自動チェック機構が参照するデータセットに合致しないか、表記が異なります。  ,ERROR: prefectureの列の情報がありません。元データに都道府県情報が欠落している可能性があります。入力されたデータ形式は、自動チェック機構が推奨する形式ではありません。  ,
1298,中庄町772,,中庄町,,772,,,ERROR: address2のデータは、address1のデータから推測されるデータに一致しません。（自動チェック機構が参照するデータセットに合致しないか、表記が異なります。  ,ERROR: prefectureの列の情報がありません。元データに都道府県情報が欠落している可能性があります。入力されたデータ形式は、自動チェック機構が推奨する形式ではありません。  ,
1299,中庄町772,,中庄町,,772,,,ERROR: address2のデータは、address1のデータから推測されるデータに一致しません。（自動チェック機構が参照するデータセットに合致しないか、表記が異なります。  ,ERROR: prefectureの列の情報がありません。元データに都道府県情報が欠落している可能性があります。入力されたデータ形式は、自動チェック機構が推奨する形式ではありません。  ,
1300,中庄町772,,中庄町,,772,,,ERROR: address2のデータは、address1のデータから推測されるデータに一致しません。（自動チェック機構が参照するデータセットに合致しないか、表記が異なります。  ,ERROR: prefectureの列の情報がありません。元データに都道府県情報が欠落している可能性があります。入力されたデータ形式は、自動チェック機構が推奨する形式ではありません。  ,
1301,中庄町777,,中庄町,,777,,,ERROR: address2のデータは、address1のデータから推測されるデータに一致しません。（自動チェック機構が参照するデータセットに合致しないか、表記が異なります。  ,ERROR: prefectureの列の情報がありません。元データに都道府県情報が欠落している可能性があります。入力されたデータ形式は、自動チェック機構が推奨する形式ではありません。  ,
1302,中庄町777,,中庄町,,777,,,ERROR: address2のデータは、address1のデータから推測されるデータに一致しません。（自動チェック機構が参照するデータセットに合致しないか、表記が異なります。  ,ERROR: prefectureの列の情報がありません。元データに都道府県情報が欠落している可能性があります。入力されたデータ形式は、自動チェック機構が推奨する形式ではありません。  ,
1303,中庄町777,,中庄町,,777,,,ERROR: address2のデータは、address1のデータから推測されるデータに一致しません。（自動チェック機構が参照するデータセットに合致しないか、表記が異なります。  ,ERROR: prefectureの列の情報がありません。元データに都道府県情報が欠落している可能性があります。入力されたデータ形式は、自動チェック機構が推奨する形式ではありません。  ,
1304,中庄町777,,中庄町,,777,,,ERROR: address2のデータは、address1のデータから推測されるデータに一致しません。（自動チェック機構が参照するデータセットに合致しないか、表記が異なります。  ,ERROR: prefectureの列の情報がありません。元データに都道府県情報が欠落している可能性があります。入力されたデータ形式は、自動チェック機構が推奨する形式ではありません。  ,
1305,中庄町777,,中庄町,,777,,,ERROR: address2のデータは、address1のデータから推測されるデータに一致しません。（自動チェック機構が参照するデータセットに合致しないか、表記が異なります。  ,ERROR: prefectureの列の情報がありません。元データに都道府県情報が欠落している可能性があります。入力されたデータ形式は、自動チェック機構が推奨する形式ではありません。  ,
1306,中庄町854-1,,中庄町,,854-1,,,ERROR: address2のデータは、address1のデータから推測されるデータに一致しません。（自動チェック機構が参照するデータセットに合致しないか、表記が異なります。  ,ERROR: prefectureの列の情報がありません。元データに都道府県情報が欠落している可能性があります。入力されたデータ形式は、自動チェック機構が推奨する形式ではありません。  ,
1307,中庄町854-1,,中庄町,,854-1,,,ERROR: address2のデータは、address1のデータから推測されるデータに一致しません。（自動チェック機構が参照するデータセットに合致しないか、表記が異なります。  ,ERROR: prefectureの列の情報がありません。元データに都道府県情報が欠落している可能性があります。入力されたデータ形式は、自動チェック機構が推奨する形式ではありません。  ,
1308,三寺町101,,三寺町,,101,,,ERROR: address2のデータは、address1のデータから推測されるデータに一致しません。（自動チェック機構が参照するデータセットに合致しないか、表記が異なります。  ,ERROR: prefectureの列の情報がありません。元データに都道府県情報が欠落している可能性があります。入力されたデータ形式は、自動チェック機構が推奨する形式ではありません。  ,
1309,三寺町101,,三寺町,,101,,,ERROR: address2のデータは、address1のデータから推測されるデータに一致しません。（自動チェック機構が参照するデータセットに合致しないか、表記が異なります。  ,ERROR: prefectureの列の情報がありません。元データに都道府県情報が欠落している可能性があります。入力されたデータ形式は、自動チェック機構が推奨する形式ではありません。  ,
1310,三寺町111-1,,三寺町,,111-1,,,ERROR: address2のデータは、address1のデータから推測されるデータに一致しません。（自動チェック機構が参照するデータセットに合致しないか、表記が異なります。  ,ERROR: prefectureの列の情報がありません。元データに都道府県情報が欠落している可能性があります。入力されたデータ形式は、自動チェック機構が推奨する形式ではありません。  ,
1311,三寺町111-1,,三寺町,,111-1,,,ERROR: address2のデータは、address1のデータから推測されるデータに一致しません。（自動チェック機構が参照するデータセットに合致しないか、表記が異なります。  ,ERROR: prefectureの列の情報がありません。元データに都道府県情報が欠落している可能性があります。入力されたデータ形式は、自動チェック機構が推奨する形式ではありません。  ,
1312,三寺町112,,三寺町,,112,,,ERROR: address2のデータは、address1のデータから推測されるデータに一致しません。（自動チェック機構が参照するデータセットに合致しないか、表記が異なります。  ,ERROR: prefectureの列の情報がありません。元データに都道府県情報が欠落している可能性があります。入力されたデータ形式は、自動チェック機構が推奨する形式ではありません。  ,
1313,三寺町112,,三寺町,,112,,,ERROR: address2のデータは、address1のデータから推測されるデータに一致しません。（自動チェック機構が参照するデータセットに合致しないか、表記が異なります。  ,ERROR: prefectureの列の情報がありません。元データに都道府県情報が欠落している可能性があります。入力されたデータ形式は、自動チェック機構が推奨する形式ではありません。  ,
1314,三寺町114,,三寺町,,114,,,ERROR: address2のデータは、address1のデータから推測されるデータに一致しません。（自動チェック機構が参照するデータセットに合致しないか、表記が異なります。  ,ERROR: prefectureの列の情報がありません。元データに都道府県情報が欠落している可能性があります。入力されたデータ形式は、自動チェック機構が推奨する形式ではありません。  ,
1315,三寺町114,,三寺町,,114,,,ERROR: address2のデータは、address1のデータから推測されるデータに一致しません。（自動チェック機構が参照するデータセットに合致しないか、表記が異なります。  ,ERROR: prefectureの列の情報がありません。元データに都道府県情報が欠落している可能性があります。入力されたデータ形式は、自動チェック機構が推奨する形式ではありません。  ,
1316,三寺町114,,三寺町,,114,,,ERROR: address2のデータは、address1のデータから推測されるデータに一致しません。（自動チェック機構が参照するデータセットに合致しないか、表記が異なります。  ,ERROR: prefectureの列の情報がありません。元データに都道府県情報が欠落している可能性があります。入力されたデータ形式は、自動チェック機構が推奨する形式ではありません。  ,
1317,三寺町114,,三寺町,,114,,,ERROR: address2のデータは、address1のデータから推測されるデータに一致しません。（自動チェック機構が参照するデータセットに合致しないか、表記が異なります。  ,ERROR: prefectureの列の情報がありません。元データに都道府県情報が欠落している可能性があります。入力されたデータ形式は、自動チェック機構が推奨する形式ではありません。  ,
1318,三寺町116,,三寺町,,116,,,ERROR: address2のデータは、address1のデータから推測されるデータに一致しません。（自動チェック機構が参照するデータセットに合致しないか、表記が異なります。  ,ERROR: prefectureの列の情報がありません。元データに都道府県情報が欠落している可能性があります。入力されたデータ形式は、自動チェック機構が推奨する形式ではありません。  ,
1319,三寺町117,,三寺町,,117,,,ERROR: address2のデータは、address1のデータから推測されるデータに一致しません。（自動チェック機構が参照するデータセットに合致しないか、表記が異なります。  ,ERROR: prefectureの列の情報がありません。元データに都道府県情報が欠落している可能性があります。入力されたデータ形式は、自動チェック機構が推奨する形式ではありません。  ,
1320,三寺町117,,三寺町,,117,,,ERROR: address2のデータは、address1のデータから推測されるデータに一致しません。（自動チェック機構が参照するデータセットに合致しないか、表記が異なります。  ,ERROR: prefectureの列の情報がありません。元データに都道府県情報が欠落している可能性があります。入力されたデータ形式は、自動チェック機構が推奨する形式ではありません。  ,
1321,三寺町117,,三寺町,,117,,,ERROR: address2のデータは、address1のデータから推測されるデータに一致しません。（自動チェック機構が参照するデータセットに合致しないか、表記が異なります。  ,ERROR: prefectureの列の情報がありません。元データに都道府県情報が欠落している可能性があります。入力されたデータ形式は、自動チェック機構が推奨する形式ではありません。  ,
1322,三寺町117,,三寺町,,117,,,ERROR: address2のデータは、address1のデータから推測されるデータに一致しません。（自動チェック機構が参照するデータセットに合致しないか、表記が異なります。  ,ERROR: prefectureの列の情報がありません。元データに都道府県情報が欠落している可能性があります。入力されたデータ形式は、自動チェック機構が推奨する形式ではありません。  ,
1323,三寺町117,,三寺町,,117,,,ERROR: address2のデータは、address1のデータから推測されるデータに一致しません。（自動チェック機構が参照するデータセットに合致しないか、表記が異なります。  ,ERROR: prefectureの列の情報がありません。元データに都道府県情報が欠落している可能性があります。入力されたデータ形式は、自動チェック機構が推奨する形式ではありません。  ,
1324,三寺町118,,三寺町,,118,,,ERROR: address2のデータは、address1のデータから推測されるデータに一致しません。（自動チェック機構が参照するデータセットに合致しないか、表記が異なります。  ,ERROR: prefectureの列の情報がありません。元データに都道府県情報が欠落している可能性があります。入力されたデータ形式は、自動チェック機構が推奨する形式ではありません。  ,
1325,三寺町118,,三寺町,,118,,,ERROR: address2のデータは、address1のデータから推測されるデータに一致しません。（自動チェック機構が参照するデータセットに合致しないか、表記が異なります。  ,ERROR: prefectureの列の情報がありません。元データに都道府県情報が欠落している可能性があります。入力されたデータ形式は、自動チェック機構が推奨する形式ではありません。  ,
1326,三寺町118,,三寺町,,118,,,ERROR: address2のデータは、address1のデータから推測されるデータに一致しません。（自動チェック機構が参照するデータセットに合致しないか、表記が異なります。  ,ERROR: prefectureの列の情報がありません。元データに都道府県情報が欠落している可能性があります。入力されたデータ形式は、自動チェック機構が推奨する形式ではありません。  ,
1327,三寺町123,,三寺町,,123,,,ERROR: address2のデータは、address1のデータから推測されるデータに一致しません。（自動チェック機構が参照するデータセットに合致しないか、表記が異なります。  ,ERROR: prefectureの列の情報がありません。元データに都道府県情報が欠落している可能性があります。入力されたデータ形式は、自動チェック機構が推奨する形式ではありません。  ,
1328,三寺町123,,三寺町,,123,,,ERROR: address2のデータは、address1のデータから推測されるデータに一致しません。（自動チェック機構が参照するデータセットに合致しないか、表記が異なります。  ,ERROR: prefectureの列の情報がありません。元データに都道府県情報が欠落している可能性があります。入力されたデータ形式は、自動チェック機構が推奨する形式ではありません。  ,
1329,三寺町123,,三寺町,,123,,,ERROR: address2のデータは、address1のデータから推測されるデータに一致しません。（自動チェック機構が参照するデータセットに合致しないか、表記が異なります。  ,ERROR: prefectureの列の情報がありません。元データに都道府県情報が欠落している可能性があります。入力されたデータ形式は、自動チェック機構が推奨する形式ではありません。  ,
1330,三寺町123,,三寺町,,123,,,ERROR: address2のデータは、address1のデータから推測されるデータに一致しません。（自動チェック機構が参照するデータセットに合致しないか、表記が異なります。  ,ERROR: prefectureの列の情報がありません。元データに都道府県情報が欠落している可能性があります。入力されたデータ形式は、自動チェック機構が推奨する形式ではありません。  ,
1331,三寺町123,,三寺町,,123,,,ERROR: address2のデータは、address1のデータから推測されるデータに一致しません。（自動チェック機構が参照するデータセットに合致しないか、表記が異なります。  ,ERROR: prefectureの列の情報がありません。元データに都道府県情報が欠落している可能性があります。入力されたデータ形式は、自動チェック機構が推奨する形式ではありません。  ,
1332,三寺町128,,三寺町,,128,,,ERROR: address2のデータは、address1のデータから推測されるデータに一致しません。（自動チェック機構が参照するデータセットに合致しないか、表記が異なります。  ,ERROR: prefectureの列の情報がありません。元データに都道府県情報が欠落している可能性があります。入力されたデータ形式は、自動チェック機構が推奨する形式ではありません。  ,
1333,三寺町128,,三寺町,,128,,,ERROR: address2のデータは、address1のデータから推測されるデータに一致しません。（自動チェック機構が参照するデータセットに合致しないか、表記が異なります。  ,ERROR: prefectureの列の情報がありません。元データに都道府県情報が欠落している可能性があります。入力されたデータ形式は、自動チェック機構が推奨する形式ではありません。  ,
1334,三寺町1336,,三寺町,,1336,,,ERROR: address2のデータは、address1のデータから推測されるデータに一致しません。（自動チェック機構が参照するデータセットに合致しないか、表記が異なります。  ,ERROR: prefectureの列の情報がありません。元データに都道府県情報が欠落している可能性があります。入力されたデータ形式は、自動チェック機構が推奨する形式ではありません。  ,
1335,三寺町1348,,三寺町,,1348,,,ERROR: address2のデータは、address1のデータから推測されるデータに一致しません。（自動チェック機構が参照するデータセットに合致しないか、表記が異なります。  ,ERROR: prefectureの列の情報がありません。元データに都道府県情報が欠落している可能性があります。入力されたデータ形式は、自動チェック機構が推奨する形式ではありません。  ,
1336,三寺町1348,,三寺町,,1348,,,ERROR: address2のデータは、address1のデータから推測されるデータに一致しません。（自動チェック機構が参照するデータセットに合致しないか、表記が異なります。  ,ERROR: prefectureの列の情報がありません。元データに都道府県情報が欠落している可能性があります。入力されたデータ形式は、自動チェック機構が推奨する形式ではありません。  ,
1337,三寺町1348,,三寺町,,1348,,,ERROR: address2のデータは、address1のデータから推測されるデータに一致しません。（自動チェック機構が参照するデータセットに合致しないか、表記が異なります。  ,ERROR: prefectureの列の情報がありません。元データに都道府県情報が欠落している可能性があります。入力されたデータ形式は、自動チェック機構が推奨する形式ではありません。  ,
1338,三寺町1348,,三寺町,,1348,,,ERROR: address2のデータは、address1のデータから推測されるデータに一致しません。（自動チェック機構が参照するデータセットに合致しないか、表記が異なります。  ,ERROR: prefectureの列の情報がありません。元データに都道府県情報が欠落している可能性があります。入力されたデータ形式は、自動チェック機構が推奨する形式ではありません。  ,
1339,三寺町1349-1,,三寺町,,1349-1,,,ERROR: address2のデータは、address1のデータから推測されるデータに一致しません。（自動チェック機構が参照するデータセットに合致しないか、表記が異なります。  ,ERROR: prefectureの列の情報がありません。元データに都道府県情報が欠落している可能性があります。入力されたデータ形式は、自動チェック機構が推奨する形式ではありません。  ,
1340,三寺町1349-1,,三寺町,,1349-1,,,ERROR: address2のデータは、address1のデータから推測されるデータに一致しません。（自動チェック機構が参照するデータセットに合致しないか、表記が異なります。  ,ERROR: prefectureの列の情報がありません。元データに都道府県情報が欠落している可能性があります。入力されたデータ形式は、自動チェック機構が推奨する形式ではありません。  ,
1341,三寺町1367,,三寺町,,1367,,,ERROR: address2のデータは、address1のデータから推測されるデータに一致しません。（自動チェック機構が参照するデータセットに合致しないか、表記が異なります。  ,ERROR: prefectureの列の情報がありません。元データに都道府県情報が欠落している可能性があります。入力されたデータ形式は、自動チェック機構が推奨する形式ではありません。  ,
1342,三寺町1367,,三寺町,,1367,,,ERROR: address2のデータは、address1のデータから推測されるデータに一致しません。（自動チェック機構が参照するデータセットに合致しないか、表記が異なります。  ,ERROR: prefectureの列の情報がありません。元データに都道府県情報が欠落している可能性があります。入力されたデータ形式は、自動チェック機構が推奨する形式ではありません。  ,
1343,三寺町140,,三寺町,,140,,,ERROR: address2のデータは、address1のデータから推測されるデータに一致しません。（自動チェック機構が参照するデータセットに合致しないか、表記が異なります。  ,ERROR: prefectureの列の情報がありません。元データに都道府県情報が欠落している可能性があります。入力されたデータ形式は、自動チェック機構が推奨する形式ではありません。  ,
1344,三寺町140,,三寺町,,140,,,ERROR: address2のデータは、address1のデータから推測されるデータに一致しません。（自動チェック機構が参照するデータセットに合致しないか、表記が異なります。  ,ERROR: prefectureの列の情報がありません。元データに都道府県情報が欠落している可能性があります。入力されたデータ形式は、自動チェック機構が推奨する形式ではありません。  ,
1345,三寺町141,,三寺町,,141,,,ERROR: address2のデータは、address1のデータから推測されるデータに一致しません。（自動チェック機構が参照するデータセットに合致しないか、表記が異なります。  ,ERROR: prefectureの列の情報がありません。元データに都道府県情報が欠落している可能性があります。入力されたデータ形式は、自動チェック機構が推奨する形式ではありません。  ,
1346,三寺町141,,三寺町,,141,,,ERROR: address2のデータは、address1のデータから推測されるデータに一致しません。（自動チェック機構が参照するデータセットに合致しないか、表記が異なります。  ,ERROR: prefectureの列の情報がありません。元データに都道府県情報が欠落している可能性があります。入力されたデータ形式は、自動チェック機構が推奨する形式ではありません。  ,
1347,三寺町141,,三寺町,,141,,,ERROR: address2のデータは、address1のデータから推測されるデータに一致しません。（自動チェック機構が参照するデータセットに合致しないか、表記が異なります。  ,ERROR: prefectureの列の情報がありません。元データに都道府県情報が欠落している可能性があります。入力されたデータ形式は、自動チェック機構が推奨する形式ではありません。  ,
1348,三寺町141,,三寺町,,141,,,ERROR: address2のデータは、address1のデータから推測されるデータに一致しません。（自動チェック機構が参照するデータセットに合致しないか、表記が異なります。  ,ERROR: prefectureの列の情報がありません。元データに都道府県情報が欠落している可能性があります。入力されたデータ形式は、自動チェック機構が推奨する形式ではありません。  ,
1349,三寺町141,,三寺町,,141,,,ERROR: address2のデータは、address1のデータから推測されるデータに一致しません。（自動チェック機構が参照するデータセットに合致しないか、表記が異なります。  ,ERROR: prefectureの列の情報がありません。元データに都道府県情報が欠落している可能性があります。入力されたデータ形式は、自動チェック機構が推奨する形式ではありません。  ,
1350,三寺町143,,三寺町,,143,,,ERROR: address2のデータは、address1のデータから推測されるデータに一致しません。（自動チェック機構が参照するデータセットに合致しないか、表記が異なります。  ,ERROR: prefectureの列の情報がありません。元データに都道府県情報が欠落している可能性があります。入力されたデータ形式は、自動チェック機構が推奨する形式ではありません。  ,
1351,三寺町146,,三寺町,,146,,,ERROR: address2のデータは、address1のデータから推測されるデータに一致しません。（自動チェック機構が参照するデータセットに合致しないか、表記が異なります。  ,ERROR: prefectureの列の情報がありません。元データに都道府県情報が欠落している可能性があります。入力されたデータ形式は、自動チェック機構が推奨する形式ではありません。  ,
1352,三寺町146,,三寺町,,146,,,ERROR: address2のデータは、address1のデータから推測されるデータに一致しません。（自動チェック機構が参照するデータセットに合致しないか、表記が異なります。  ,ERROR: prefectureの列の情報がありません。元データに都道府県情報が欠落している可能性があります。入力されたデータ形式は、自動チェック機構が推奨する形式ではありません。  ,
1353,三寺町146,,三寺町,,146,,,ERROR: address2のデータは、address1のデータから推測されるデータに一致しません。（自動チェック機構が参照するデータセットに合致しないか、表記が異なります。  ,ERROR: prefectureの列の情報がありません。元データに都道府県情報が欠落している可能性があります。入力されたデータ形式は、自動チェック機構が推奨する形式ではありません。  ,
1354,三寺町15,,三寺町,,15,,,ERROR: address2のデータは、address1のデータから推測されるデータに一致しません。（自動チェック機構が参照するデータセットに合致しないか、表記が異なります。  ,ERROR: prefectureの列の情報がありません。元データに都道府県情報が欠落している可能性があります。入力されたデータ形式は、自動チェック機構が推奨する形式ではありません。  ,
1355,三寺町160,,三寺町,,160,,,ERROR: address2のデータは、address1のデータから推測されるデータに一致しません。（自動チェック機構が参照するデータセットに合致しないか、表記が異なります。  ,ERROR: prefectureの列の情報がありません。元データに都道府県情報が欠落している可能性があります。入力されたデータ形式は、自動チェック機構が推奨する形式ではありません。  ,
1356,三寺町160,,三寺町,,160,,,ERROR: address2のデータは、address1のデータから推測されるデータに一致しません。（自動チェック機構が参照するデータセットに合致しないか、表記が異なります。  ,ERROR: prefectureの列の情報がありません。元データに都道府県情報が欠落している可能性があります。入力されたデータ形式は、自動チェック機構が推奨する形式ではありません。  ,
1357,三寺町161,,三寺町,,161,,,ERROR: address2のデータは、address1のデータから推測されるデータに一致しません。（自動チェック機構が参照するデータセットに合致しないか、表記が異なります。  ,ERROR: prefectureの列の情報がありません。元データに都道府県情報が欠落している可能性があります。入力されたデータ形式は、自動チェック機構が推奨する形式ではありません。  ,
1358,三寺町161,,三寺町,,161,,,ERROR: address2のデータは、address1のデータから推測されるデータに一致しません。（自動チェック機構が参照するデータセットに合致しないか、表記が異なります。  ,ERROR: prefectureの列の情報がありません。元データに都道府県情報が欠落している可能性があります。入力されたデータ形式は、自動チェック機構が推奨する形式ではありません。  ,
1359,三寺町162,,三寺町,,162,,,ERROR: address2のデータは、address1のデータから推測されるデータに一致しません。（自動チェック機構が参照するデータセットに合致しないか、表記が異なります。  ,ERROR: prefectureの列の情報がありません。元データに都道府県情報が欠落している可能性があります。入力されたデータ形式は、自動チェック機構が推奨する形式ではありません。  ,
1360,三寺町162,,三寺町,,162,,,ERROR: address2のデータは、address1のデータから推測されるデータに一致しません。（自動チェック機構が参照するデータセットに合致しないか、表記が異なります。  ,ERROR: prefectureの列の情報がありません。元データに都道府県情報が欠落している可能性があります。入力されたデータ形式は、自動チェック機構が推奨する形式ではありません。  ,
1361,三寺町162,,三寺町,,162,,,ERROR: address2のデータは、address1のデータから推測されるデータに一致しません。（自動チェック機構が参照するデータセットに合致しないか、表記が異なります。  ,ERROR: prefectureの列の情報がありません。元データに都道府県情報が欠落している可能性があります。入力されたデータ形式は、自動チェック機構が推奨する形式ではありません。  ,
1362,三寺町162,,三寺町,,162,,,ERROR: address2のデータは、address1のデータから推測されるデータに一致しません。（自動チェック機構が参照するデータセットに合致しないか、表記が異なります。  ,ERROR: prefectureの列の情報がありません。元データに都道府県情報が欠落している可能性があります。入力されたデータ形式は、自動チェック機構が推奨する形式ではありません。  ,
1363,三寺町163,,三寺町,,163,,,ERROR: address2のデータは、address1のデータから推測されるデータに一致しません。（自動チェック機構が参照するデータセットに合致しないか、表記が異なります。  ,ERROR: prefectureの列の情報がありません。元データに都道府県情報が欠落している可能性があります。入力されたデータ形式は、自動チェック機構が推奨する形式ではありません。  ,
1364,三寺町163-1,,三寺町,,163-1,,,ERROR: address2のデータは、address1のデータから推測されるデータに一致しません。（自動チェック機構が参照するデータセットに合致しないか、表記が異なります。  ,ERROR: prefectureの列の情報がありません。元データに都道府県情報が欠落している可能性があります。入力されたデータ形式は、自動チェック機構が推奨する形式ではありません。  ,
1365,三寺町163-1,,三寺町,,163-1,,,ERROR: address2のデータは、address1のデータから推測されるデータに一致しません。（自動チェック機構が参照するデータセットに合致しないか、表記が異なります。  ,ERROR: prefectureの列の情報がありません。元データに都道府県情報が欠落している可能性があります。入力されたデータ形式は、自動チェック機構が推奨する形式ではありません。  ,
1366,三寺町165,,三寺町,,165,,,ERROR: address2のデータは、address1のデータから推測されるデータに一致しません。（自動チェック機構が参照するデータセットに合致しないか、表記が異なります。  ,ERROR: prefectureの列の情報がありません。元データに都道府県情報が欠落している可能性があります。入力されたデータ形式は、自動チェック機構が推奨する形式ではありません。  ,
1367,三寺町165,,三寺町,,165,,,ERROR: address2のデータは、address1のデータから推測されるデータに一致しません。（自動チェック機構が参照するデータセットに合致しないか、表記が異なります。  ,ERROR: prefectureの列の情報がありません。元データに都道府県情報が欠落している可能性があります。入力されたデータ形式は、自動チェック機構が推奨する形式ではありません。  ,
1368,三寺町1654,,三寺町,,1654,,,ERROR: address2のデータは、address1のデータから推測されるデータに一致しません。（自動チェック機構が参照するデータセットに合致しないか、表記が異なります。  ,ERROR: prefectureの列の情報がありません。元データに都道府県情報が欠落している可能性があります。入力されたデータ形式は、自動チェック機構が推奨する形式ではありません。  ,
1369,三寺町1655,,三寺町,,1655,,,ERROR: address2のデータは、address1のデータから推測されるデータに一致しません。（自動チェック機構が参照するデータセットに合致しないか、表記が異なります。  ,ERROR: prefectureの列の情報がありません。元データに都道府県情報が欠落している可能性があります。入力されたデータ形式は、自動チェック機構が推奨する形式ではありません。  ,
1370,三寺町1657,,三寺町,,1657,,,ERROR: address2のデータは、address1のデータから推測されるデータに一致しません。（自動チェック機構が参照するデータセットに合致しないか、表記が異なります。  ,ERROR: prefectureの列の情報がありません。元データに都道府県情報が欠落している可能性があります。入力されたデータ形式は、自動チェック機構が推奨する形式ではありません。  ,
1371,三寺町1657,,三寺町,,1657,,,ERROR: address2のデータは、address1のデータから推測されるデータに一致しません。（自動チェック機構が参照するデータセットに合致しないか、表記が異なります。  ,ERROR: prefectureの列の情報がありません。元データに都道府県情報が欠落している可能性があります。入力されたデータ形式は、自動チェック機構が推奨する形式ではありません。  ,
1372,三寺町1664,,三寺町,,1664,,,ERROR: address2のデータは、address1のデータから推測されるデータに一致しません。（自動チェック機構が参照するデータセットに合致しないか、表記が異なります。  ,ERROR: prefectureの列の情報がありません。元データに都道府県情報が欠落している可能性があります。入力されたデータ形式は、自動チェック機構が推奨する形式ではありません。  ,
1373,三寺町1664,,三寺町,,1664,,,ERROR: address2のデータは、address1のデータから推測されるデータに一致しません。（自動チェック機構が参照するデータセットに合致しないか、表記が異なります。  ,ERROR: prefectureの列の情報がありません。元データに都道府県情報が欠落している可能性があります。入力されたデータ形式は、自動チェック機構が推奨する形式ではありません。  ,
1374,三寺町1669-3,,三寺町,,1669-3,,,ERROR: address2のデータは、address1のデータから推測されるデータに一致しません。（自動チェック機構が参照するデータセットに合致しないか、表記が異なります。  ,ERROR: prefectureの列の情報がありません。元データに都道府県情報が欠落している可能性があります。入力されたデータ形式は、自動チェック機構が推奨する形式ではありません。  ,
1375,三寺町1711,,三寺町,,1711,,,ERROR: address2のデータは、address1のデータから推測されるデータに一致しません。（自動チェック機構が参照するデータセットに合致しないか、表記が異なります。  ,ERROR: prefectureの列の情報がありません。元データに都道府県情報が欠落している可能性があります。入力されたデータ形式は、自動チェック機構が推奨する形式ではありません。  ,
1376,三寺町1712,,三寺町,,1712,,,ERROR: address2のデータは、address1のデータから推測されるデータに一致しません。（自動チェック機構が参照するデータセットに合致しないか、表記が異なります。  ,ERROR: prefectureの列の情報がありません。元データに都道府県情報が欠落している可能性があります。入力されたデータ形式は、自動チェック機構が推奨する形式ではありません。  ,
1377,三寺町1712,,三寺町,,1712,,,ERROR: address2のデータは、address1のデータから推測されるデータに一致しません。（自動チェック機構が参照するデータセットに合致しないか、表記が異なります。  ,ERROR: prefectureの列の情報がありません。元データに都道府県情報が欠落している可能性があります。入力されたデータ形式は、自動チェック機構が推奨する形式ではありません。  ,
1378,三寺町1713,,三寺町,,1713,,,ERROR: address2のデータは、address1のデータから推測されるデータに一致しません。（自動チェック機構が参照するデータセットに合致しないか、表記が異なります。  ,ERROR: prefectureの列の情報がありません。元データに都道府県情報が欠落している可能性があります。入力されたデータ形式は、自動チェック機構が推奨する形式ではありません。  ,
1379,三寺町1713,,三寺町,,1713,,,ERROR: address2のデータは、address1のデータから推測されるデータに一致しません。（自動チェック機構が参照するデータセットに合致しないか、表記が異なります。  ,ERROR: prefectureの列の情報がありません。元データに都道府県情報が欠落している可能性があります。入力されたデータ形式は、自動チェック機構が推奨する形式ではありません。  ,
1380,三寺町1717,,三寺町,,1717,,,ERROR: address2のデータは、address1のデータから推測されるデータに一致しません。（自動チェック機構が参照するデータセットに合致しないか、表記が異なります。  ,ERROR: prefectureの列の情報がありません。元データに都道府県情報が欠落している可能性があります。入力されたデータ形式は、自動チェック機構が推奨する形式ではありません。  ,
1381,三寺町1721,,三寺町,,1721,,,ERROR: address2のデータは、address1のデータから推測されるデータに一致しません。（自動チェック機構が参照するデータセットに合致しないか、表記が異なります。  ,ERROR: prefectureの列の情報がありません。元データに都道府県情報が欠落している可能性があります。入力されたデータ形式は、自動チェック機構が推奨する形式ではありません。  ,
1382,三寺町1740,,三寺町,,1740,,,ERROR: address2のデータは、address1のデータから推測されるデータに一致しません。（自動チェック機構が参照するデータセットに合致しないか、表記が異なります。  ,ERROR: prefectureの列の情報がありません。元データに都道府県情報が欠落している可能性があります。入力されたデータ形式は、自動チェック機構が推奨する形式ではありません。  ,
1383,三寺町1740,,三寺町,,1740,,,ERROR: address2のデータは、address1のデータから推測されるデータに一致しません。（自動チェック機構が参照するデータセットに合致しないか、表記が異なります。  ,ERROR: prefectureの列の情報がありません。元データに都道府県情報が欠落している可能性があります。入力されたデータ形式は、自動チェック機構が推奨する形式ではありません。  ,
1384,三寺町1741-2,,三寺町,,1741-2,,,ERROR: address2のデータは、address1のデータから推測されるデータに一致しません。（自動チェック機構が参照するデータセットに合致しないか、表記が異なります。  ,ERROR: prefectureの列の情報がありません。元データに都道府県情報が欠落している可能性があります。入力されたデータ形式は、自動チェック機構が推奨する形式ではありません。  ,
1385,三寺町1741-2,,三寺町,,1741-2,,,ERROR: address2のデータは、address1のデータから推測されるデータに一致しません。（自動チェック機構が参照するデータセットに合致しないか、表記が異なります。  ,ERROR: prefectureの列の情報がありません。元データに都道府県情報が欠落している可能性があります。入力されたデータ形式は、自動チェック機構が推奨する形式ではありません。  ,
1386,三寺町1768,,三寺町,,1768,,,ERROR: address2のデータは、address1のデータから推測されるデータに一致しません。（自動チェック機構が参照するデータセットに合致しないか、表記が異なります。  ,ERROR: prefectureの列の情報がありません。元データに都道府県情報が欠落している可能性があります。入力されたデータ形式は、自動チェック機構が推奨する形式ではありません。  ,
1387,三寺町1768,,三寺町,,1768,,,ERROR: address2のデータは、address1のデータから推測されるデータに一致しません。（自動チェック機構が参照するデータセットに合致しないか、表記が異なります。  ,ERROR: prefectureの列の情報がありません。元データに都道府県情報が欠落している可能性があります。入力されたデータ形式は、自動チェック機構が推奨する形式ではありません。  ,
1388,三寺町1768,,三寺町,,1768,,,ERROR: address2のデータは、address1のデータから推測されるデータに一致しません。（自動チェック機構が参照するデータセットに合致しないか、表記が異なります。  ,ERROR: prefectureの列の情報がありません。元データに都道府県情報が欠落している可能性があります。入力されたデータ形式は、自動チェック機構が推奨する形式ではありません。  ,
1389,三寺町1768,,三寺町,,1768,,,ERROR: address2のデータは、address1のデータから推測されるデータに一致しません。（自動チェック機構が参照するデータセットに合致しないか、表記が異なります。  ,ERROR: prefectureの列の情報がありません。元データに都道府県情報が欠落している可能性があります。入力されたデータ形式は、自動チェック機構が推奨する形式ではありません。  ,
1390,三寺町1775-2,,三寺町,,1775-2,,,ERROR: address2のデータは、address1のデータから推測されるデータに一致しません。（自動チェック機構が参照するデータセットに合致しないか、表記が異なります。  ,ERROR: prefectureの列の情報がありません。元データに都道府県情報が欠落している可能性があります。入力されたデータ形式は、自動チェック機構が推奨する形式ではありません。  ,
1391,三寺町1775-2,,三寺町,,1775-2,,,ERROR: address2のデータは、address1のデータから推測されるデータに一致しません。（自動チェック機構が参照するデータセットに合致しないか、表記が異なります。  ,ERROR: prefectureの列の情報がありません。元データに都道府県情報が欠落している可能性があります。入力されたデータ形式は、自動チェック機構が推奨する形式ではありません。  ,
1392,三寺町243-1,,三寺町,,243-1,,,ERROR: address2のデータは、address1のデータから推測されるデータに一致しません。（自動チェック機構が参照するデータセットに合致しないか、表記が異なります。  ,ERROR: prefectureの列の情報がありません。元データに都道府県情報が欠落している可能性があります。入力されたデータ形式は、自動チェック機構が推奨する形式ではありません。  ,
1393,三寺町243-1,,三寺町,,243-1,,,ERROR: address2のデータは、address1のデータから推測されるデータに一致しません。（自動チェック機構が参照するデータセットに合致しないか、表記が異なります。  ,ERROR: prefectureの列の情報がありません。元データに都道府県情報が欠落している可能性があります。入力されたデータ形式は、自動チェック機構が推奨する形式ではありません。  ,
1394,三寺町243-1,,三寺町,,243-1,,,ERROR: address2のデータは、address1のデータから推測されるデータに一致しません。（自動チェック機構が参照するデータセットに合致しないか、表記が異なります。  ,ERROR: prefectureの列の情報がありません。元データに都道府県情報が欠落している可能性があります。入力されたデータ形式は、自動チェック機構が推奨する形式ではありません。  ,
1395,三寺町248,,三寺町,,248,,,ERROR: address2のデータは、address1のデータから推測されるデータに一致しません。（自動チェック機構が参照するデータセットに合致しないか、表記が異なります。  ,ERROR: prefectureの列の情報がありません。元データに都道府県情報が欠落している可能性があります。入力されたデータ形式は、自動チェック機構が推奨する形式ではありません。  ,
1396,三寺町248,,三寺町,,248,,,ERROR: address2のデータは、address1のデータから推測されるデータに一致しません。（自動チェック機構が参照するデータセットに合致しないか、表記が異なります。  ,ERROR: prefectureの列の情報がありません。元データに都道府県情報が欠落している可能性があります。入力されたデータ形式は、自動チェック機構が推奨する形式ではありません。  ,
1397,三寺町259-1,,三寺町,,259-1,,,ERROR: address2のデータは、address1のデータから推測されるデータに一致しません。（自動チェック機構が参照するデータセットに合致しないか、表記が異なります。  ,ERROR: prefectureの列の情報がありません。元データに都道府県情報が欠落している可能性があります。入力されたデータ形式は、自動チェック機構が推奨する形式ではありません。  ,
1398,三寺町26-1,,三寺町,,26-1,,,ERROR: address2のデータは、address1のデータから推測されるデータに一致しません。（自動チェック機構が参照するデータセットに合致しないか、表記が異なります。  ,ERROR: prefectureの列の情報がありません。元データに都道府県情報が欠落している可能性があります。入力されたデータ形式は、自動チェック機構が推奨する形式ではありません。  ,
1399,三寺町26-1,,三寺町,,26-1,,,ERROR: address2のデータは、address1のデータから推測されるデータに一致しません。（自動チェック機構が参照するデータセットに合致しないか、表記が異なります。  ,ERROR: prefectureの列の情報がありません。元データに都道府県情報が欠落している可能性があります。入力されたデータ形式は、自動チェック機構が推奨する形式ではありません。  ,
1400,三寺町26-1,,三寺町,,26-1,,,ERROR: address2のデータは、address1のデータから推測されるデータに一致しません。（自動チェック機構が参照するデータセットに合致しないか、表記が異なります。  ,ERROR: prefectureの列の情報がありません。元データに都道府県情報が欠落している可能性があります。入力されたデータ形式は、自動チェック機構が推奨する形式ではありません。  ,
1401,三寺町26-1,,三寺町,,26-1,,,ERROR: address2のデータは、address1のデータから推測されるデータに一致しません。（自動チェック機構が参照するデータセットに合致しないか、表記が異なります。  ,ERROR: prefectureの列の情報がありません。元データに都道府県情報が欠落している可能性があります。入力されたデータ形式は、自動チェック機構が推奨する形式ではありません。  ,
1402,三寺町263,,三寺町,,263,,,ERROR: address2のデータは、address1のデータから推測されるデータに一致しません。（自動チェック機構が参照するデータセットに合致しないか、表記が異なります。  ,ERROR: prefectureの列の情報がありません。元データに都道府県情報が欠落している可能性があります。入力されたデータ形式は、自動チェック機構が推奨する形式ではありません。  ,
1403,三寺町291,,三寺町,,291,,,ERROR: address2のデータは、address1のデータから推測されるデータに一致しません。（自動チェック機構が参照するデータセットに合致しないか、表記が異なります。  ,ERROR: prefectureの列の情報がありません。元データに都道府県情報が欠落している可能性があります。入力されたデータ形式は、自動チェック機構が推奨する形式ではありません。  ,
1404,三寺町294-2,,三寺町,,294-2,,,ERROR: address2のデータは、address1のデータから推測されるデータに一致しません。（自動チェック機構が参照するデータセットに合致しないか、表記が異なります。  ,ERROR: prefectureの列の情報がありません。元データに都道府県情報が欠落している可能性があります。入力されたデータ形式は、自動チェック機構が推奨する形式ではありません。  ,
1405,三寺町294-2,,三寺町,,294-2,,,ERROR: address2のデータは、address1のデータから推測されるデータに一致しません。（自動チェック機構が参照するデータセットに合致しないか、表記が異なります。  ,ERROR: prefectureの列の情報がありません。元データに都道府県情報が欠落している可能性があります。入力されたデータ形式は、自動チェック機構が推奨する形式ではありません。  ,
1406,三寺町294-2,,三寺町,,294-2,,,ERROR: address2のデータは、address1のデータから推測されるデータに一致しません。（自動チェック機構が参照するデータセットに合致しないか、表記が異なります。  ,ERROR: prefectureの列の情報がありません。元データに都道府県情報が欠落している可能性があります。入力されたデータ形式は、自動チェック機構が推奨する形式ではありません。  ,
1407,三寺町294-2,,三寺町,,294-2,,,ERROR: address2のデータは、address1のデータから推測されるデータに一致しません。（自動チェック機構が参照するデータセットに合致しないか、表記が異なります。  ,ERROR: prefectureの列の情報がありません。元データに都道府県情報が欠落している可能性があります。入力されたデータ形式は、自動チェック機構が推奨する形式ではありません。  ,
1408,三寺町294-2,,三寺町,,294-2,,,ERROR: address2のデータは、address1のデータから推測されるデータに一致しません。（自動チェック機構が参照するデータセットに合致しないか、表記が異なります。  ,ERROR: prefectureの列の情報がありません。元データに都道府県情報が欠落している可能性があります。入力されたデータ形式は、自動チェック機構が推奨する形式ではありません。  ,
1409,三寺町308,,三寺町,,308,,,ERROR: address2のデータは、address1のデータから推測されるデータに一致しません。（自動チェック機構が参照するデータセットに合致しないか、表記が異なります。  ,ERROR: prefectureの列の情報がありません。元データに都道府県情報が欠落している可能性があります。入力されたデータ形式は、自動チェック機構が推奨する形式ではありません。  ,
1410,三寺町308,,三寺町,,308,,,ERROR: address2のデータは、address1のデータから推測されるデータに一致しません。（自動チェック機構が参照するデータセットに合致しないか、表記が異なります。  ,ERROR: prefectureの列の情報がありません。元データに都道府県情報が欠落している可能性があります。入力されたデータ形式は、自動チェック機構が推奨する形式ではありません。  ,
1411,三寺町308,,三寺町,,308,,,ERROR: address2のデータは、address1のデータから推測されるデータに一致しません。（自動チェック機構が参照するデータセットに合致しないか、表記が異なります。  ,ERROR: prefectureの列の情報がありません。元データに都道府県情報が欠落している可能性があります。入力されたデータ形式は、自動チェック機構が推奨する形式ではありません。  ,
1412,三寺町308,,三寺町,,308,,,ERROR: address2のデータは、address1のデータから推測されるデータに一致しません。（自動チェック機構が参照するデータセットに合致しないか、表記が異なります。  ,ERROR: prefectureの列の情報がありません。元データに都道府県情報が欠落している可能性があります。入力されたデータ形式は、自動チェック機構が推奨する形式ではありません。  ,
1413,三寺町310,,三寺町,,310,,,ERROR: address2のデータは、address1のデータから推測されるデータに一致しません。（自動チェック機構が参照するデータセットに合致しないか、表記が異なります。  ,ERROR: prefectureの列の情報がありません。元データに都道府県情報が欠落している可能性があります。入力されたデータ形式は、自動チェック機構が推奨する形式ではありません。  ,
1414,三寺町310,,三寺町,,310,,,ERROR: address2のデータは、address1のデータから推測されるデータに一致しません。（自動チェック機構が参照するデータセットに合致しないか、表記が異なります。  ,ERROR: prefectureの列の情報がありません。元データに都道府県情報が欠落している可能性があります。入力されたデータ形式は、自動チェック機構が推奨する形式ではありません。  ,
1415,三寺町310,,三寺町,,310,,,ERROR: address2のデータは、address1のデータから推測されるデータに一致しません。（自動チェック機構が参照するデータセットに合致しないか、表記が異なります。  ,ERROR: prefectureの列の情報がありません。元データに都道府県情報が欠落している可能性があります。入力されたデータ形式は、自動チェック機構が推奨する形式ではありません。  ,
1416,三寺町330,,三寺町,,330,,,ERROR: address2のデータは、address1のデータから推測されるデータに一致しません。（自動チェック機構が参照するデータセットに合致しないか、表記が異なります。  ,ERROR: prefectureの列の情報がありません。元データに都道府県情報が欠落している可能性があります。入力されたデータ形式は、自動チェック機構が推奨する形式ではありません。  ,
1417,三寺町330,,三寺町,,330,,,ERROR: address2のデータは、address1のデータから推測されるデータに一致しません。（自動チェック機構が参照するデータセットに合致しないか、表記が異なります。  ,ERROR: prefectureの列の情報がありません。元データに都道府県情報が欠落している可能性があります。入力されたデータ形式は、自動チェック機構が推奨する形式ではありません。  ,
1418,三寺町35,,三寺町,,35,,,ERROR: address2のデータは、address1のデータから推測されるデータに一致しません。（自動チェック機構が参照するデータセットに合致しないか、表記が異なります。  ,ERROR: prefectureの列の情報がありません。元データに都道府県情報が欠落している可能性があります。入力されたデータ形式は、自動チェック機構が推奨する形式ではありません。  ,
1419,三寺町35,,三寺町,,35,,,ERROR: address2のデータは、address1のデータから推測されるデータに一致しません。（自動チェック機構が参照するデータセットに合致しないか、表記が異なります。  ,ERROR: prefectureの列の情報がありません。元データに都道府県情報が欠落している可能性があります。入力されたデータ形式は、自動チェック機構が推奨する形式ではありません。  ,
1420,三寺町40-1,,三寺町,,40-1,,,ERROR: address2のデータは、address1のデータから推測されるデータに一致しません。（自動チェック機構が参照するデータセットに合致しないか、表記が異なります。  ,ERROR: prefectureの列の情報がありません。元データに都道府県情報が欠落している可能性があります。入力されたデータ形式は、自動チェック機構が推奨する形式ではありません。  ,
1421,三寺町40-1,,三寺町,,40-1,,,ERROR: address2のデータは、address1のデータから推測されるデータに一致しません。（自動チェック機構が参照するデータセットに合致しないか、表記が異なります。  ,ERROR: prefectureの列の情報がありません。元データに都道府県情報が欠落している可能性があります。入力されたデータ形式は、自動チェック機構が推奨する形式ではありません。  ,
1422,三寺町40-1,,三寺町,,40-1,,,ERROR: address2のデータは、address1のデータから推測されるデータに一致しません。（自動チェック機構が参照するデータセットに合致しないか、表記が異なります。  ,ERROR: prefectureの列の情報がありません。元データに都道府県情報が欠落している可能性があります。入力されたデータ形式は、自動チェック機構が推奨する形式ではありません。  ,
1423,三寺町45,,三寺町,,45,,,ERROR: address2のデータは、address1のデータから推測されるデータに一致しません。（自動チェック機構が参照するデータセットに合致しないか、表記が異なります。  ,ERROR: prefectureの列の情報がありません。元データに都道府県情報が欠落している可能性があります。入力されたデータ形式は、自動チェック機構が推奨する形式ではありません。  ,
1424,三寺町45,,三寺町,,45,,,ERROR: address2のデータは、address1のデータから推測されるデータに一致しません。（自動チェック機構が参照するデータセットに合致しないか、表記が異なります。  ,ERROR: prefectureの列の情報がありません。元データに都道府県情報が欠落している可能性があります。入力されたデータ形式は、自動チェック機構が推奨する形式ではありません。  ,
1425,三寺町45,,三寺町,,45,,,ERROR: address2のデータは、address1のデータから推測されるデータに一致しません。（自動チェック機構が参照するデータセットに合致しないか、表記が異なります。  ,ERROR: prefectureの列の情報がありません。元データに都道府県情報が欠落している可能性があります。入力されたデータ形式は、自動チェック機構が推奨する形式ではありません。  ,
1426,三寺町45,,三寺町,,45,,,ERROR: address2のデータは、address1のデータから推測されるデータに一致しません。（自動チェック機構が参照するデータセットに合致しないか、表記が異なります。  ,ERROR: prefectureの列の情報がありません。元データに都道府県情報が欠落している可能性があります。入力されたデータ形式は、自動チェック機構が推奨する形式ではありません。  ,
1427,三寺町45,,三寺町,,45,,,ERROR: address2のデータは、address1のデータから推測されるデータに一致しません。（自動チェック機構が参照するデータセットに合致しないか、表記が異なります。  ,ERROR: prefectureの列の情報がありません。元データに都道府県情報が欠落している可能性があります。入力されたデータ形式は、自動チェック機構が推奨する形式ではありません。  ,
1428,三寺町46,,三寺町,,46,,,ERROR: address2のデータは、address1のデータから推測されるデータに一致しません。（自動チェック機構が参照するデータセットに合致しないか、表記が異なります。  ,ERROR: prefectureの列の情報がありません。元データに都道府県情報が欠落している可能性があります。入力されたデータ形式は、自動チェック機構が推奨する形式ではありません。  ,
1429,三寺町46,,三寺町,,46,,,ERROR: address2のデータは、address1のデータから推測されるデータに一致しません。（自動チェック機構が参照するデータセットに合致しないか、表記が異なります。  ,ERROR: prefectureの列の情報がありません。元データに都道府県情報が欠落している可能性があります。入力されたデータ形式は、自動チェック機構が推奨する形式ではありません。  ,
1430,三寺町47,,三寺町,,47,,,ERROR: address2のデータは、address1のデータから推測されるデータに一致しません。（自動チェック機構が参照するデータセットに合致しないか、表記が異なります。  ,ERROR: prefectureの列の情報がありません。元データに都道府県情報が欠落している可能性があります。入力されたデータ形式は、自動チェック機構が推奨する形式ではありません。  ,
1431,三寺町49,,三寺町,,49,,,ERROR: address2のデータは、address1のデータから推測されるデータに一致しません。（自動チェック機構が参照するデータセットに合致しないか、表記が異なります。  ,ERROR: prefectureの列の情報がありません。元データに都道府県情報が欠落している可能性があります。入力されたデータ形式は、自動チェック機構が推奨する形式ではありません。  ,
1432,三寺町49,,三寺町,,49,,,ERROR: address2のデータは、address1のデータから推測されるデータに一致しません。（自動チェック機構が参照するデータセットに合致しないか、表記が異なります。  ,ERROR: prefectureの列の情報がありません。元データに都道府県情報が欠落している可能性があります。入力されたデータ形式は、自動チェック機構が推奨する形式ではありません。  ,
1433,三寺町50,,三寺町,,50,,,ERROR: address2のデータは、address1のデータから推測されるデータに一致しません。（自動チェック機構が参照するデータセットに合致しないか、表記が異なります。  ,ERROR: prefectureの列の情報がありません。元データに都道府県情報が欠落している可能性があります。入力されたデータ形式は、自動チェック機構が推奨する形式ではありません。  ,
1434,三寺町51,,三寺町,,51,,,ERROR: address2のデータは、address1のデータから推測されるデータに一致しません。（自動チェック機構が参照するデータセットに合致しないか、表記が異なります。  ,ERROR: prefectureの列の情報がありません。元データに都道府県情報が欠落している可能性があります。入力されたデータ形式は、自動チェック機構が推奨する形式ではありません。  ,
1435,三寺町51,,三寺町,,51,,,ERROR: address2のデータは、address1のデータから推測されるデータに一致しません。（自動チェック機構が参照するデータセットに合致しないか、表記が異なります。  ,ERROR: prefectureの列の情報がありません。元データに都道府県情報が欠落している可能性があります。入力されたデータ形式は、自動チェック機構が推奨する形式ではありません。  ,
1436,三寺町55,,三寺町,,55,,,ERROR: address2のデータは、address1のデータから推測されるデータに一致しません。（自動チェック機構が参照するデータセットに合致しないか、表記が異なります。  ,ERROR: prefectureの列の情報がありません。元データに都道府県情報が欠落している可能性があります。入力されたデータ形式は、自動チェック機構が推奨する形式ではありません。  ,
1437,三寺町55,,三寺町,,55,,,ERROR: address2のデータは、address1のデータから推測されるデータに一致しません。（自動チェック機構が参照するデータセットに合致しないか、表記が異なります。  ,ERROR: prefectureの列の情報がありません。元データに都道府県情報が欠落している可能性があります。入力されたデータ形式は、自動チェック機構が推奨する形式ではありません。  ,
1438,三寺町55-1,,三寺町,,55-1,,,ERROR: address2のデータは、address1のデータから推測されるデータに一致しません。（自動チェック機構が参照するデータセットに合致しないか、表記が異なります。  ,ERROR: prefectureの列の情報がありません。元データに都道府県情報が欠落している可能性があります。入力されたデータ形式は、自動チェック機構が推奨する形式ではありません。  ,
1439,三寺町55-1,,三寺町,,55-1,,,ERROR: address2のデータは、address1のデータから推測されるデータに一致しません。（自動チェック機構が参照するデータセットに合致しないか、表記が異なります。  ,ERROR: prefectureの列の情報がありません。元データに都道府県情報が欠落している可能性があります。入力されたデータ形式は、自動チェック機構が推奨する形式ではありません。  ,
1440,三寺町60-1,,三寺町,,60-1,,,ERROR: address2のデータは、address1のデータから推測されるデータに一致しません。（自動チェック機構が参照するデータセットに合致しないか、表記が異なります。  ,ERROR: prefectureの列の情報がありません。元データに都道府県情報が欠落している可能性があります。入力されたデータ形式は、自動チェック機構が推奨する形式ではありません。  ,
1441,三寺町60-1,,三寺町,,60-1,,,ERROR: address2のデータは、address1のデータから推測されるデータに一致しません。（自動チェック機構が参照するデータセットに合致しないか、表記が異なります。  ,ERROR: prefectureの列の情報がありません。元データに都道府県情報が欠落している可能性があります。入力されたデータ形式は、自動チェック機構が推奨する形式ではありません。  ,
1442,三寺町68-1,,三寺町,,68-1,,,ERROR: address2のデータは、address1のデータから推測されるデータに一致しません。（自動チェック機構が参照するデータセットに合致しないか、表記が異なります。  ,ERROR: prefectureの列の情報がありません。元データに都道府県情報が欠落している可能性があります。入力されたデータ形式は、自動チェック機構が推奨する形式ではありません。  ,
1443,三寺町68-1,,三寺町,,68-1,,,ERROR: address2のデータは、address1のデータから推測されるデータに一致しません。（自動チェック機構が参照するデータセットに合致しないか、表記が異なります。  ,ERROR: prefectureの列の情報がありません。元データに都道府県情報が欠落している可能性があります。入力されたデータ形式は、自動チェック機構が推奨する形式ではありません。  ,
1444,三寺町68-1,,三寺町,,68-1,,,ERROR: address2のデータは、address1のデータから推測されるデータに一致しません。（自動チェック機構が参照するデータセットに合致しないか、表記が異なります。  ,ERROR: prefectureの列の情報がありません。元データに都道府県情報が欠落している可能性があります。入力されたデータ形式は、自動チェック機構が推奨する形式ではありません。  ,
1445,三寺町68-1,,三寺町,,68-1,,,ERROR: address2のデータは、address1のデータから推測されるデータに一致しません。（自動チェック機構が参照するデータセットに合致しないか、表記が異なります。  ,ERROR: prefectureの列の情報がありません。元データに都道府県情報が欠落している可能性があります。入力されたデータ形式は、自動チェック機構が推奨する形式ではありません。  ,
1446,三寺町732-1,,三寺町,,732-1,,,ERROR: address2のデータは、address1のデータから推測されるデータに一致しません。（自動チェック機構が参照するデータセットに合致しないか、表記が異なります。  ,ERROR: prefectureの列の情報がありません。元データに都道府県情報が欠落している可能性があります。入力されたデータ形式は、自動チェック機構が推奨する形式ではありません。  ,
1447,三寺町78,,三寺町,,78,,,ERROR: address2のデータは、address1のデータから推測されるデータに一致しません。（自動チェック機構が参照するデータセットに合致しないか、表記が異なります。  ,ERROR: prefectureの列の情報がありません。元データに都道府県情報が欠落している可能性があります。入力されたデータ形式は、自動チェック機構が推奨する形式ではありません。  ,
1448,三寺町78,,三寺町,,78,,,ERROR: address2のデータは、address1のデータから推測されるデータに一致しません。（自動チェック機構が参照するデータセットに合致しないか、表記が異なります。  ,ERROR: prefectureの列の情報がありません。元データに都道府県情報が欠落している可能性があります。入力されたデータ形式は、自動チェック機構が推奨する形式ではありません。  ,
1449,三寺町78,,三寺町,,78,,,ERROR: address2のデータは、address1のデータから推測されるデータに一致しません。（自動チェック機構が参照するデータセットに合致しないか、表記が異なります。  ,ERROR: prefectureの列の情報がありません。元データに都道府県情報が欠落している可能性があります。入力されたデータ形式は、自動チェック機構が推奨する形式ではありません。  ,
1450,三寺町78,,三寺町,,78,,,ERROR: address2のデータは、address1のデータから推測されるデータに一致しません。（自動チェック機構が参照するデータセットに合致しないか、表記が異なります。  ,ERROR: prefectureの列の情報がありません。元データに都道府県情報が欠落している可能性があります。入力されたデータ形式は、自動チェック機構が推奨する形式ではありません。  ,
1451,三寺町80,,三寺町,,80,,,ERROR: address2のデータは、address1のデータから推測されるデータに一致しません。（自動チェック機構が参照するデータセットに合致しないか、表記が異なります。  ,ERROR: prefectureの列の情報がありません。元データに都道府県情報が欠落している可能性があります。入力されたデータ形式は、自動チェック機構が推奨する形式ではありません。  ,
1452,三寺町80,,三寺町,,80,,,ERROR: address2のデータは、address1のデータから推測されるデータに一致しません。（自動チェック機構が参照するデータセットに合致しないか、表記が異なります。  ,ERROR: prefectureの列の情報がありません。元データに都道府県情報が欠落している可能性があります。入力されたデータ形式は、自動チェック機構が推奨する形式ではありません。  ,
1453,三寺町80,,三寺町,,80,,,ERROR: address2のデータは、address1のデータから推測されるデータに一致しません。（自動チェック機構が参照するデータセットに合致しないか、表記が異なります。  ,ERROR: prefectureの列の情報がありません。元データに都道府県情報が欠落している可能性があります。入力されたデータ形式は、自動チェック機構が推奨する形式ではありません。  ,
1454,三寺町80,,三寺町,,80,,,ERROR: address2のデータは、address1のデータから推測されるデータに一致しません。（自動チェック機構が参照するデータセットに合致しないか、表記が異なります。  ,ERROR: prefectureの列の情報がありません。元データに都道府県情報が欠落している可能性があります。入力されたデータ形式は、自動チェック機構が推奨する形式ではありません。  ,
1455,三寺町81,,三寺町,,81,,,ERROR: address2のデータは、address1のデータから推測されるデータに一致しません。（自動チェック機構が参照するデータセットに合致しないか、表記が異なります。  ,ERROR: prefectureの列の情報がありません。元データに都道府県情報が欠落している可能性があります。入力されたデータ形式は、自動チェック機構が推奨する形式ではありません。  ,
1456,三寺町81,,三寺町,,81,,,ERROR: address2のデータは、address1のデータから推測されるデータに一致しません。（自動チェック機構が参照するデータセットに合致しないか、表記が異なります。  ,ERROR: prefectureの列の情報がありません。元データに都道府県情報が欠落している可能性があります。入力されたデータ形式は、自動チェック機構が推奨する形式ではありません。  ,
1457,三寺町81,,三寺町,,81,,,ERROR: address2のデータは、address1のデータから推測されるデータに一致しません。（自動チェック機構が参照するデータセットに合致しないか、表記が異なります。  ,ERROR: prefectureの列の情報がありません。元データに都道府県情報が欠落している可能性があります。入力されたデータ形式は、自動チェック機構が推奨する形式ではありません。  ,
1458,三寺町9-1,,三寺町,,9-1,,,ERROR: address2のデータは、address1のデータから推測されるデータに一致しません。（自動チェック機構が参照するデータセットに合致しないか、表記が異なります。  ,ERROR: prefectureの列の情報がありません。元データに都道府県情報が欠落している可能性があります。入力されたデータ形式は、自動チェック機構が推奨する形式ではありません。  ,
1459,三寺町98,,三寺町,,98,,,ERROR: address2のデータは、address1のデータから推測されるデータに一致しません。（自動チェック機構が参照するデータセットに合致しないか、表記が異なります。  ,ERROR: prefectureの列の情報がありません。元データに都道府県情報が欠落している可能性があります。入力されたデータ形式は、自動チェック機構が推奨する形式ではありません。  ,
1460,田茂町135,,田茂町,,135,,,ERROR: address2のデータは、address1のデータから推測されるデータに一致しません。（自動チェック機構が参照するデータセットに合致しないか、表記が異なります。  ,ERROR: prefectureの列の情報がありません。元データに都道府県情報が欠落している可能性があります。入力されたデータ形式は、自動チェック機構が推奨する形式ではありません。  ,
1461,田茂町135,,田茂町,,135,,,ERROR: address2のデータは、address1のデータから推測されるデータに一致しません。（自動チェック機構が参照するデータセットに合致しないか、表記が異なります。  ,ERROR: prefectureの列の情報がありません。元データに都道府県情報が欠落している可能性があります。入力されたデータ形式は、自動チェック機構が推奨する形式ではありません。  ,
1462,田茂町135,,田茂町,,135,,,ERROR: address2のデータは、address1のデータから推測されるデータに一致しません。（自動チェック機構が参照するデータセットに合致しないか、表記が異なります。  ,ERROR: prefectureの列の情報がありません。元データに都道府県情報が欠落している可能性があります。入力されたデータ形式は、自動チェック機構が推奨する形式ではありません。  ,
1463,田茂町135,,田茂町,,135,,,ERROR: address2のデータは、address1のデータから推測されるデータに一致しません。（自動チェック機構が参照するデータセットに合致しないか、表記が異なります。  ,ERROR: prefectureの列の情報がありません。元データに都道府県情報が欠落している可能性があります。入力されたデータ形式は、自動チェック機構が推奨する形式ではありません。  ,
1464,田茂町146,,田茂町,,146,,,ERROR: address2のデータは、address1のデータから推測されるデータに一致しません。（自動チェック機構が参照するデータセットに合致しないか、表記が異なります。  ,ERROR: prefectureの列の情報がありません。元データに都道府県情報が欠落している可能性があります。入力されたデータ形式は、自動チェック機構が推奨する形式ではありません。  ,
1465,田茂町157,,田茂町,,157,,,ERROR: address2のデータは、address1のデータから推測されるデータに一致しません。（自動チェック機構が参照するデータセットに合致しないか、表記が異なります。  ,ERROR: prefectureの列の情報がありません。元データに都道府県情報が欠落している可能性があります。入力されたデータ形式は、自動チェック機構が推奨する形式ではありません。  ,
1466,阿野田町1001番地フラワータウン804,,阿野田町,,1001,フラワータウン,804,ERROR: address2のデータは、address1のデータから推測されるデータに一致しません。（自動チェック機構が参照するデータセットに合致しないか、表記が異なります。  ,ERROR: prefectureの列の情報がありません。元データに都道府県情報が欠落している可能性があります。入力されたデータ形式は、自動チェック機構が推奨する形式ではありません。  ERROR: address5の建物情報の箇所に番地と思しき情報が存在します,
1467,阿野田町1001番地フラワータウン804,,阿野田町,,1001,フラワータウン,804,ERROR: address2のデータは、address1のデータから推測されるデータに一致しません。（自動チェック機構が参照するデータセットに合致しないか、表記が異なります。  ,ERROR: prefectureの列の情報がありません。元データに都道府県情報が欠落している可能性があります。入力されたデータ形式は、自動チェック機構が推奨する形式ではありません。  ERROR: address5の建物情報の箇所に番地と思しき情報が存在します,
1468,阿野田町1009-7,,阿野田町,,1009-7,,,ERROR: address2のデータは、address1のデータから推測されるデータに一致しません。（自動チェック機構が参照するデータセットに合致しないか、表記が異なります。  ,ERROR: prefectureの列の情報がありません。元データに都道府県情報が欠落している可能性があります。入力されたデータ形式は、自動チェック機構が推奨する形式ではありません。  ,
1469,阿野田町1009-7,,阿野田町,,1009-7,,,ERROR: address2のデータは、address1のデータから推測されるデータに一致しません。（自動チェック機構が参照するデータセットに合致しないか、表記が異なります。  ,ERROR: prefectureの列の情報がありません。元データに都道府県情報が欠落している可能性があります。入力されたデータ形式は、自動チェック機構が推奨する形式ではありません。  ,
1470,阿野田町1052-7,,阿野田町,,1052-7,,,ERROR: address2のデータは、address1のデータから推測されるデータに一致しません。（自動チェック機構が参照するデータセットに合致しないか、表記が異なります。  ,ERROR: prefectureの列の情報がありません。元データに都道府県情報が欠落している可能性があります。入力されたデータ形式は、自動チェック機構が推奨する形式ではありません。  ,
1471,阿野田町1052-7,,阿野田町,,1052-7,,,ERROR: address2のデータは、address1のデータから推測されるデータに一致しません。（自動チェック機構が参照するデータセットに合致しないか、表記が異なります。  ,ERROR: prefectureの列の情報がありません。元データに都道府県情報が欠落している可能性があります。入力されたデータ形式は、自動チェック機構が推奨する形式ではありません。  ,
1472,阿野田町1061-20,,阿野田町,,1061-20,,,ERROR: address2のデータは、address1のデータから推測されるデータに一致しません。（自動チェック機構が参照するデータセットに合致しないか、表記が異なります。  ,ERROR: prefectureの列の情報がありません。元データに都道府県情報が欠落している可能性があります。入力されたデータ形式は、自動チェック機構が推奨する形式ではありません。  ,
1473,阿野田町1061-20,,阿野田町,,1061-20,,,ERROR: address2のデータは、address1のデータから推測されるデータに一致しません。（自動チェック機構が参照するデータセットに合致しないか、表記が異なります。  ,ERROR: prefectureの列の情報がありません。元データに都道府県情報が欠落している可能性があります。入力されたデータ形式は、自動チェック機構が推奨する形式ではありません。  ,
1474,阿野田町1061-31,,阿野田町,,1061-31,,,ERROR: address2のデータは、address1のデータから推測されるデータに一致しません。（自動チェック機構が参照するデータセットに合致しないか、表記が異なります。  ,ERROR: prefectureの列の情報がありません。元データに都道府県情報が欠落している可能性があります。入力されたデータ形式は、自動チェック機構が推奨する形式ではありません。  ,
1475,阿野田町1061-31,,阿野田町,,1061-31,,,ERROR: address2のデータは、address1のデータから推測されるデータに一致しません。（自動チェック機構が参照するデータセットに合致しないか、表記が異なります。  ,ERROR: prefectureの列の情報がありません。元データに都道府県情報が欠落している可能性があります。入力されたデータ形式は、自動チェック機構が推奨する形式ではありません。  ,
1476,阿野田町1061-48,,阿野田町,,1061-48,,,ERROR: address2のデータは、address1のデータから推測されるデータに一致しません。（自動チェック機構が参照するデータセットに合致しないか、表記が異なります。  ,ERROR: prefectureの列の情報がありません。元データに都道府県情報が欠落している可能性があります。入力されたデータ形式は、自動チェック機構が推奨する形式ではありません。  ,
1477,阿野田町1061-48,,阿野田町,,1061-48,,,ERROR: address2のデータは、address1のデータから推測されるデータに一致しません。（自動チェック機構が参照するデータセットに合致しないか、表記が異なります。  ,ERROR: prefectureの列の情報がありません。元データに都道府県情報が欠落している可能性があります。入力されたデータ形式は、自動チェック機構が推奨する形式ではありません。  ,
1478,阿野田町1061-51 グリーンヒルアノダ103,,阿野田町,,1061-51,グリーンヒルアノダ,103,ERROR: address2のデータは、address1のデータから推測されるデータに一致しません。（自動チェック機構が参照するデータセットに合致しないか、表記が異なります。  ,ERROR: prefectureの列の情報がありません。元データに都道府県情報が欠落している可能性があります。入力されたデータ形式は、自動チェック機構が推奨する形式ではありません。  ERROR: address5の建物情報の箇所に番地と思しき情報が存在します,
1479,阿野田町1061-51 グリーンヒルアノダ103,,阿野田町,,1061-51,グリーンヒルアノダ,103,ERROR: address2のデータは、address1のデータから推測されるデータに一致しません。（自動チェック機構が参照するデータセットに合致しないか、表記が異なります。  ,ERROR: prefectureの列の情報がありません。元データに都道府県情報が欠落している可能性があります。入力されたデータ形式は、自動チェック機構が推奨する形式ではありません。  ERROR: address5の建物情報の箇所に番地と思しき情報が存在します,
1480,阿野田町1061-52,,阿野田町,,1061-52,,,ERROR: address2のデータは、address1のデータから推測されるデータに一致しません。（自動チェック機構が参照するデータセットに合致しないか、表記が異なります。  ,ERROR: prefectureの列の情報がありません。元データに都道府県情報が欠落している可能性があります。入力されたデータ形式は、自動チェック機構が推奨する形式ではありません。  ,
1481,阿野田町1061-52,,阿野田町,,1061-52,,,ERROR: address2のデータは、address1のデータから推測されるデータに一致しません。（自動チェック機構が参照するデータセットに合致しないか、表記が異なります。  ,ERROR: prefectureの列の情報がありません。元データに都道府県情報が欠落している可能性があります。入力されたデータ形式は、自動チェック機構が推奨する形式ではありません。  ,
1482,阿野田町1061-6,,阿野田町,,1061-6,,,ERROR: address2のデータは、address1のデータから推測されるデータに一致しません。（自動チェック機構が参照するデータセットに合致しないか、表記が異なります。  ,ERROR: prefectureの列の情報がありません。元データに都道府県情報が欠落している可能性があります。入力されたデータ形式は、自動チェック機構が推奨する形式ではありません。  ,
1483,阿野田町1061-6,,阿野田町,,1061-6,,,ERROR: address2のデータは、address1のデータから推測されるデータに一致しません。（自動チェック機構が参照するデータセットに合致しないか、表記が異なります。  ,ERROR: prefectureの列の情報がありません。元データに都道府県情報が欠落している可能性があります。入力されたデータ形式は、自動チェック機構が推奨する形式ではありません。  ,
1484,阿野田町1061-62,,阿野田町,,1061-62,,,ERROR: address2のデータは、address1のデータから推測されるデータに一致しません。（自動チェック機構が参照するデータセットに合致しないか、表記が異なります。  ,ERROR: prefectureの列の情報がありません。元データに都道府県情報が欠落している可能性があります。入力されたデータ形式は、自動チェック機構が推奨する形式ではありません。  ,
1485,阿野田町1061-62,,阿野田町,,1061-62,,,ERROR: address2のデータは、address1のデータから推測されるデータに一致しません。（自動チェック機構が参照するデータセットに合致しないか、表記が異なります。  ,ERROR: prefectureの列の情報がありません。元データに都道府県情報が欠落している可能性があります。入力されたデータ形式は、自動チェック機構が推奨する形式ではありません。  ,
1486,阿野田町1061-62,,阿野田町,,1061-62,,,ERROR: address2のデータは、address1のデータから推測されるデータに一致しません。（自動チェック機構が参照するデータセットに合致しないか、表記が異なります。  ,ERROR: prefectureの列の情報がありません。元データに都道府県情報が欠落している可能性があります。入力されたデータ形式は、自動チェック機構が推奨する形式ではありません。  ,
1487,阿野田町1061-63,,阿野田町,,1061-63,,,ERROR: address2のデータは、address1のデータから推測されるデータに一致しません。（自動チェック機構が参照するデータセットに合致しないか、表記が異なります。  ,ERROR: prefectureの列の情報がありません。元データに都道府県情報が欠落している可能性があります。入力されたデータ形式は、自動チェック機構が推奨する形式ではありません。  ,
1488,阿野田町1061-93,,阿野田町,,1061-93,,,ERROR: address2のデータは、address1のデータから推測されるデータに一致しません。（自動チェック機構が参照するデータセットに合致しないか、表記が異なります。  ,ERROR: prefectureの列の情報がありません。元データに都道府県情報が欠落している可能性があります。入力されたデータ形式は、自動チェック機構が推奨する形式ではありません。  ,
1489,阿野田町1061-93,,阿野田町,,1061-93,,,ERROR: address2のデータは、address1のデータから推測されるデータに一致しません。（自動チェック機構が参照するデータセットに合致しないか、表記が異なります。  ,ERROR: prefectureの列の情報がありません。元データに都道府県情報が欠落している可能性があります。入力されたデータ形式は、自動チェック機構が推奨する形式ではありません。  ,
1490,阿野田町1095-10,,阿野田町,,1095-10,,,ERROR: address2のデータは、address1のデータから推測されるデータに一致しません。（自動チェック機構が参照するデータセットに合致しないか、表記が異なります。  ,ERROR: prefectureの列の情報がありません。元データに都道府県情報が欠落している可能性があります。入力されたデータ形式は、自動チェック機構が推奨する形式ではありません。  ,
1491,阿野田町1095-123,,阿野田町,,1095-123,,,ERROR: address2のデータは、address1のデータから推測されるデータに一致しません。（自動チェック機構が参照するデータセットに合致しないか、表記が異なります。  ,ERROR: prefectureの列の情報がありません。元データに都道府県情報が欠落している可能性があります。入力されたデータ形式は、自動チェック機構が推奨する形式ではありません。  ,
1492,阿野田町1095-123,,阿野田町,,1095-123,,,ERROR: address2のデータは、address1のデータから推測されるデータに一致しません。（自動チェック機構が参照するデータセットに合致しないか、表記が異なります。  ,ERROR: prefectureの列の情報がありません。元データに都道府県情報が欠落している可能性があります。入力されたデータ形式は、自動チェック機構が推奨する形式ではありません。  ,
1493,阿野田町1095-123,,阿野田町,,1095-123,,,ERROR: address2のデータは、address1のデータから推測されるデータに一致しません。（自動チェック機構が参照するデータセットに合致しないか、表記が異なります。  ,ERROR: prefectureの列の情報がありません。元データに都道府県情報が欠落している可能性があります。入力されたデータ形式は、自動チェック機構が推奨する形式ではありません。  ,
1494,阿野田町1095-13,,阿野田町,,1095-13,,,ERROR: address2のデータは、address1のデータから推測されるデータに一致しません。（自動チェック機構が参照するデータセットに合致しないか、表記が異なります。  ,ERROR: prefectureの列の情報がありません。元データに都道府県情報が欠落している可能性があります。入力されたデータ形式は、自動チェック機構が推奨する形式ではありません。  ,
1495,阿野田町1095-143,,阿野田町,,1095-143,,,ERROR: address2のデータは、address1のデータから推測されるデータに一致しません。（自動チェック機構が参照するデータセットに合致しないか、表記が異なります。  ,ERROR: prefectureの列の情報がありません。元データに都道府県情報が欠落している可能性があります。入力されたデータ形式は、自動チェック機構が推奨する形式ではありません。  ,
1496,阿野田町1095-143,,阿野田町,,1095-143,,,ERROR: address2のデータは、address1のデータから推測されるデータに一致しません。（自動チェック機構が参照するデータセットに合致しないか、表記が異なります。  ,ERROR: prefectureの列の情報がありません。元データに都道府県情報が欠落している可能性があります。入力されたデータ形式は、自動チェック機構が推奨する形式ではありません。  ,
1497,阿野田町1095-162,,阿野田町,,1095-162,,,ERROR: address2のデータは、address1のデータから推測されるデータに一致しません。（自動チェック機構が参照するデータセットに合致しないか、表記が異なります。  ,ERROR: prefectureの列の情報がありません。元データに都道府県情報が欠落している可能性があります。入力されたデータ形式は、自動チェック機構が推奨する形式ではありません。  ,
1498,阿野田町1095-17,,阿野田町,,1095-17,,,ERROR: address2のデータは、address1のデータから推測されるデータに一致しません。（自動チェック機構が参照するデータセットに合致しないか、表記が異なります。  ,ERROR: prefectureの列の情報がありません。元データに都道府県情報が欠落している可能性があります。入力されたデータ形式は、自動チェック機構が推奨する形式ではありません。  ,
1499,阿野田町1095-17,,阿野田町,,1095-17,,,ERROR: address2のデータは、address1のデータから推測されるデータに一致しません。（自動チェック機構が参照するデータセットに合致しないか、表記が異なります。  ,ERROR: prefectureの列の情報がありません。元データに都道府県情報が欠落している可能性があります。入力されたデータ形式は、自動チェック機構が推奨する形式ではありません。  ,
1500,阿野田町1095-20,,阿野田町,,1095-20,,,ERROR: address2のデータは、address1のデータから推測されるデータに一致しません。（自動チェック機構が参照するデータセットに合致しないか、表記が異なります。  ,ERROR: prefectureの列の情報がありません。元データに都道府県情報が欠落している可能性があります。入力されたデータ形式は、自動チェック機構が推奨する形式ではありません。  ,
1501,阿野田町1095-20,,阿野田町,,1095-20,,,ERROR: address2のデータは、address1のデータから推測されるデータに一致しません。（自動チェック機構が参照するデータセットに合致しないか、表記が異なります。  ,ERROR: prefectureの列の情報がありません。元データに都道府県情報が欠落している可能性があります。入力されたデータ形式は、自動チェック機構が推奨する形式ではありません。  ,
1502,阿野田町1095-29,,阿野田町,,1095-29,,,ERROR: address2のデータは、address1のデータから推測されるデータに一致しません。（自動チェック機構が参照するデータセットに合致しないか、表記が異なります。  ,ERROR: prefectureの列の情報がありません。元データに都道府県情報が欠落している可能性があります。入力されたデータ形式は、自動チェック機構が推奨する形式ではありません。  ,
1503,阿野田町1095-29,,阿野田町,,1095-29,,,ERROR: address2のデータは、address1のデータから推測されるデータに一致しません。（自動チェック機構が参照するデータセットに合致しないか、表記が異なります。  ,ERROR: prefectureの列の情報がありません。元データに都道府県情報が欠落している可能性があります。入力されたデータ形式は、自動チェック機構が推奨する形式ではありません。  ,
1504,阿野田町1095-30,,阿野田町,,1095-30,,,ERROR: address2のデータは、address1のデータから推測されるデータに一致しません。（自動チェック機構が参照するデータセットに合致しないか、表記が異なります。  ,ERROR: prefectureの列の情報がありません。元データに都道府県情報が欠落している可能性があります。入力されたデータ形式は、自動チェック機構が推奨する形式ではありません。  ,
1505,阿野田町1095-32,,阿野田町,,1095-32,,,ERROR: address2のデータは、address1のデータから推測されるデータに一致しません。（自動チェック機構が参照するデータセットに合致しないか、表記が異なります。  ,ERROR: prefectureの列の情報がありません。元データに都道府県情報が欠落している可能性があります。入力されたデータ形式は、自動チェック機構が推奨する形式ではありません。  ,
1506,阿野田町1095-32,,阿野田町,,1095-32,,,ERROR: address2のデータは、address1のデータから推測されるデータに一致しません。（自動チェック機構が参照するデータセットに合致しないか、表記が異なります。  ,ERROR: prefectureの列の情報がありません。元データに都道府県情報が欠落している可能性があります。入力されたデータ形式は、自動チェック機構が推奨する形式ではありません。  ,
1507,阿野田町1095-36,,阿野田町,,1095-36,,,ERROR: address2のデータは、address1のデータから推測されるデータに一致しません。（自動チェック機構が参照するデータセットに合致しないか、表記が異なります。  ,ERROR: prefectureの列の情報がありません。元データに都道府県情報が欠落している可能性があります。入力されたデータ形式は、自動チェック機構が推奨する形式ではありません。  ,
1508,阿野田町1095-36,,阿野田町,,1095-36,,,ERROR: address2のデータは、address1のデータから推測されるデータに一致しません。（自動チェック機構が参照するデータセットに合致しないか、表記が異なります。  ,ERROR: prefectureの列の情報がありません。元データに都道府県情報が欠落している可能性があります。入力されたデータ形式は、自動チェック機構が推奨する形式ではありません。  ,
1509,阿野田町1095-44,,阿野田町,,1095-44,,,ERROR: address2のデータは、address1のデータから推測されるデータに一致しません。（自動チェック機構が参照するデータセットに合致しないか、表記が異なります。  ,ERROR: prefectureの列の情報がありません。元データに都道府県情報が欠落している可能性があります。入力されたデータ形式は、自動チェック機構が推奨する形式ではありません。  ,
1510,阿野田町1095-44,,阿野田町,,1095-44,,,ERROR: address2のデータは、address1のデータから推測されるデータに一致しません。（自動チェック機構が参照するデータセットに合致しないか、表記が異なります。  ,ERROR: prefectureの列の情報がありません。元データに都道府県情報が欠落している可能性があります。入力されたデータ形式は、自動チェック機構が推奨する形式ではありません。  ,
1511,阿野田町1095-44,,阿野田町,,1095-44,,,ERROR: address2のデータは、address1のデータから推測されるデータに一致しません。（自動チェック機構が参照するデータセットに合致しないか、表記が異なります。  ,ERROR: prefectureの列の情報がありません。元データに都道府県情報が欠落している可能性があります。入力されたデータ形式は、自動チェック機構が推奨する形式ではありません。  ,
1512,阿野田町1095-46,,阿野田町,,1095-46,,,ERROR: address2のデータは、address1のデータから推測されるデータに一致しません。（自動チェック機構が参照するデータセットに合致しないか、表記が異なります。  ,ERROR: prefectureの列の情報がありません。元データに都道府県情報が欠落している可能性があります。入力されたデータ形式は、自動チェック機構が推奨する形式ではありません。  ,
1513,阿野田町1095-46,,阿野田町,,1095-46,,,ERROR: address2のデータは、address1のデータから推測されるデータに一致しません。（自動チェック機構が参照するデータセットに合致しないか、表記が異なります。  ,ERROR: prefectureの列の情報がありません。元データに都道府県情報が欠落している可能性があります。入力されたデータ形式は、自動チェック機構が推奨する形式ではありません。  ,
1514,阿野田町1095-46,,阿野田町,,1095-46,,,ERROR: address2のデータは、address1のデータから推測されるデータに一致しません。（自動チェック機構が参照するデータセットに合致しないか、表記が異なります。  ,ERROR: prefectureの列の情報がありません。元データに都道府県情報が欠落している可能性があります。入力されたデータ形式は、自動チェック機構が推奨する形式ではありません。  ,
1515,阿野田町1095-46,,阿野田町,,1095-46,,,ERROR: address2のデータは、address1のデータから推測されるデータに一致しません。（自動チェック機構が参照するデータセットに合致しないか、表記が異なります。  ,ERROR: prefectureの列の情報がありません。元データに都道府県情報が欠落している可能性があります。入力されたデータ形式は、自動チェック機構が推奨する形式ではありません。  ,
1516,阿野田町1095-50,,阿野田町,,1095-50,,,ERROR: address2のデータは、address1のデータから推測されるデータに一致しません。（自動チェック機構が参照するデータセットに合致しないか、表記が異なります。  ,ERROR: prefectureの列の情報がありません。元データに都道府県情報が欠落している可能性があります。入力されたデータ形式は、自動チェック機構が推奨する形式ではありません。  ,
1517,阿野田町1095-50,,阿野田町,,1095-50,,,ERROR: address2のデータは、address1のデータから推測されるデータに一致しません。（自動チェック機構が参照するデータセットに合致しないか、表記が異なります。  ,ERROR: prefectureの列の情報がありません。元データに都道府県情報が欠落している可能性があります。入力されたデータ形式は、自動チェック機構が推奨する形式ではありません。  ,
1518,阿野田町1095-54,,阿野田町,,1095-54,,,ERROR: address2のデータは、address1のデータから推測されるデータに一致しません。（自動チェック機構が参照するデータセットに合致しないか、表記が異なります。  ,ERROR: prefectureの列の情報がありません。元データに都道府県情報が欠落している可能性があります。入力されたデータ形式は、自動チェック機構が推奨する形式ではありません。  ,
1519,阿野田町1095-63,,阿野田町,,1095-63,,,ERROR: address2のデータは、address1のデータから推測されるデータに一致しません。（自動チェック機構が参照するデータセットに合致しないか、表記が異なります。  ,ERROR: prefectureの列の情報がありません。元データに都道府県情報が欠落している可能性があります。入力されたデータ形式は、自動チェック機構が推奨する形式ではありません。  ,
1520,阿野田町1095-63,,阿野田町,,1095-63,,,ERROR: address2のデータは、address1のデータから推測されるデータに一致しません。（自動チェック機構が参照するデータセットに合致しないか、表記が異なります。  ,ERROR: prefectureの列の情報がありません。元データに都道府県情報が欠落している可能性があります。入力されたデータ形式は、自動チェック機構が推奨する形式ではありません。  ,
1521,阿野田町1095-8,,阿野田町,,1095-8,,,ERROR: address2のデータは、address1のデータから推測されるデータに一致しません。（自動チェック機構が参照するデータセットに合致しないか、表記が異なります。  ,ERROR: prefectureの列の情報がありません。元データに都道府県情報が欠落している可能性があります。入力されたデータ形式は、自動チェック機構が推奨する形式ではありません。  ,
1522,阿野田町1095-8,,阿野田町,,1095-8,,,ERROR: address2のデータは、address1のデータから推測されるデータに一致しません。（自動チェック機構が参照するデータセットに合致しないか、表記が異なります。  ,ERROR: prefectureの列の情報がありません。元データに都道府県情報が欠落している可能性があります。入力されたデータ形式は、自動チェック機構が推奨する形式ではありません。  ,
1523,阿野田町1095-8,,阿野田町,,1095-8,,,ERROR: address2のデータは、address1のデータから推測されるデータに一致しません。（自動チェック機構が参照するデータセットに合致しないか、表記が異なります。  ,ERROR: prefectureの列の情報がありません。元データに都道府県情報が欠落している可能性があります。入力されたデータ形式は、自動チェック機構が推奨する形式ではありません。  ,
1524,阿野田町1095-80,,阿野田町,,1095-80,,,ERROR: address2のデータは、address1のデータから推測されるデータに一致しません。（自動チェック機構が参照するデータセットに合致しないか、表記が異なります。  ,ERROR: prefectureの列の情報がありません。元データに都道府県情報が欠落している可能性があります。入力されたデータ形式は、自動チェック機構が推奨する形式ではありません。  ,
1525,阿野田町1107-4,,阿野田町,,1107-4,,,ERROR: address2のデータは、address1のデータから推測されるデータに一致しません。（自動チェック機構が参照するデータセットに合致しないか、表記が異なります。  ,ERROR: prefectureの列の情報がありません。元データに都道府県情報が欠落している可能性があります。入力されたデータ形式は、自動チェック機構が推奨する形式ではありません。  ,
1526,阿野田町1107-4,,阿野田町,,1107-4,,,ERROR: address2のデータは、address1のデータから推測されるデータに一致しません。（自動チェック機構が参照するデータセットに合致しないか、表記が異なります。  ,ERROR: prefectureの列の情報がありません。元データに都道府県情報が欠落している可能性があります。入力されたデータ形式は、自動チェック機構が推奨する形式ではありません。  ,
1527,阿野田町1107-4,,阿野田町,,1107-4,,,ERROR: address2のデータは、address1のデータから推測されるデータに一致しません。（自動チェック機構が参照するデータセットに合致しないか、表記が異なります。  ,ERROR: prefectureの列の情報がありません。元データに都道府県情報が欠落している可能性があります。入力されたデータ形式は、自動チェック機構が推奨する形式ではありません。  ,
1528,阿野田町1148,,阿野田町,,1148,,,ERROR: address2のデータは、address1のデータから推測されるデータに一致しません。（自動チェック機構が参照するデータセットに合致しないか、表記が異なります。  ,ERROR: prefectureの列の情報がありません。元データに都道府県情報が欠落している可能性があります。入力されたデータ形式は、自動チェック機構が推奨する形式ではありません。  ,
1529,阿野田町1199-12,,阿野田町,,1199-12,,,ERROR: address2のデータは、address1のデータから推測されるデータに一致しません。（自動チェック機構が参照するデータセットに合致しないか、表記が異なります。  ,ERROR: prefectureの列の情報がありません。元データに都道府県情報が欠落している可能性があります。入力されたデータ形式は、自動チェック機構が推奨する形式ではありません。  ,
1530,阿野田町1199-12,,阿野田町,,1199-12,,,ERROR: address2のデータは、address1のデータから推測されるデータに一致しません。（自動チェック機構が参照するデータセットに合致しないか、表記が異なります。  ,ERROR: prefectureの列の情報がありません。元データに都道府県情報が欠落している可能性があります。入力されたデータ形式は、自動チェック機構が推奨する形式ではありません。  ,
1531,阿野田町1199-8,,阿野田町,,1199-8,,,ERROR: address2のデータは、address1のデータから推測されるデータに一致しません。（自動チェック機構が参照するデータセットに合致しないか、表記が異なります。  ,ERROR: prefectureの列の情報がありません。元データに都道府県情報が欠落している可能性があります。入力されたデータ形式は、自動チェック機構が推奨する形式ではありません。  ,
1532,阿野田町1199-8,,阿野田町,,1199-8,,,ERROR: address2のデータは、address1のデータから推測されるデータに一致しません。（自動チェック機構が参照するデータセットに合致しないか、表記が異なります。  ,ERROR: prefectureの列の情報がありません。元データに都道府県情報が欠落している可能性があります。入力されたデータ形式は、自動チェック機構が推奨する形式ではありません。  ,
1533,阿野田町1199-9,,阿野田町,,1199-9,,,ERROR: address2のデータは、address1のデータから推測されるデータに一致しません。（自動チェック機構が参照するデータセットに合致しないか、表記が異なります。  ,ERROR: prefectureの列の情報がありません。元データに都道府県情報が欠落している可能性があります。入力されたデータ形式は、自動チェック機構が推奨する形式ではありません。  ,
1534,阿野田町1200,,阿野田町,,1200,,,ERROR: address2のデータは、address1のデータから推測されるデータに一致しません。（自動チェック機構が参照するデータセットに合致しないか、表記が異なります。  ,ERROR: prefectureの列の情報がありません。元データに都道府県情報が欠落している可能性があります。入力されたデータ形式は、自動チェック機構が推奨する形式ではありません。  ,
1535,阿野田町1200,,阿野田町,,1200,,,ERROR: address2のデータは、address1のデータから推測されるデータに一致しません。（自動チェック機構が参照するデータセットに合致しないか、表記が異なります。  ,ERROR: prefectureの列の情報がありません。元データに都道府県情報が欠落している可能性があります。入力されたデータ形式は、自動チェック機構が推奨する形式ではありません。  ,
1536,阿野田町1200,,阿野田町,,1200,,,ERROR: address2のデータは、address1のデータから推測されるデータに一致しません。（自動チェック機構が参照するデータセットに合致しないか、表記が異なります。  ,ERROR: prefectureの列の情報がありません。元データに都道府県情報が欠落している可能性があります。入力されたデータ形式は、自動チェック機構が推奨する形式ではありません。  ,
1537,阿野田町1216-2,,阿野田町,,1216-2,,,ERROR: address2のデータは、address1のデータから推測されるデータに一致しません。（自動チェック機構が参照するデータセットに合致しないか、表記が異なります。  ,ERROR: prefectureの列の情報がありません。元データに都道府県情報が欠落している可能性があります。入力されたデータ形式は、自動チェック機構が推奨する形式ではありません。  ,
1538,阿野田町1303,,阿野田町,,1303,,,ERROR: address2のデータは、address1のデータから推測されるデータに一致しません。（自動チェック機構が参照するデータセットに合致しないか、表記が異なります。  ,ERROR: prefectureの列の情報がありません。元データに都道府県情報が欠落している可能性があります。入力されたデータ形式は、自動チェック機構が推奨する形式ではありません。  ,
1539,阿野田町1357,,阿野田町,,1357,,,ERROR: address2のデータは、address1のデータから推測されるデータに一致しません。（自動チェック機構が参照するデータセットに合致しないか、表記が異なります。  ,ERROR: prefectureの列の情報がありません。元データに都道府県情報が欠落している可能性があります。入力されたデータ形式は、自動チェック機構が推奨する形式ではありません。  ,
1540,阿野田町1357,,阿野田町,,1357,,,ERROR: address2のデータは、address1のデータから推測されるデータに一致しません。（自動チェック機構が参照するデータセットに合致しないか、表記が異なります。  ,ERROR: prefectureの列の情報がありません。元データに都道府県情報が欠落している可能性があります。入力されたデータ形式は、自動チェック機構が推奨する形式ではありません。  ,
1541,阿野田町1374,,阿野田町,,1374,,,ERROR: address2のデータは、address1のデータから推測されるデータに一致しません。（自動チェック機構が参照するデータセットに合致しないか、表記が異なります。  ,ERROR: prefectureの列の情報がありません。元データに都道府県情報が欠落している可能性があります。入力されたデータ形式は、自動チェック機構が推奨する形式ではありません。  ,
1542,阿野田町1374,,阿野田町,,1374,,,ERROR: address2のデータは、address1のデータから推測されるデータに一致しません。（自動チェック機構が参照するデータセットに合致しないか、表記が異なります。  ,ERROR: prefectureの列の情報がありません。元データに都道府県情報が欠落している可能性があります。入力されたデータ形式は、自動チェック機構が推奨する形式ではありません。  ,
1543,阿野田町1377,,阿野田町,,1377,,,ERROR: address2のデータは、address1のデータから推測されるデータに一致しません。（自動チェック機構が参照するデータセットに合致しないか、表記が異なります。  ,ERROR: prefectureの列の情報がありません。元データに都道府県情報が欠落している可能性があります。入力されたデータ形式は、自動チェック機構が推奨する形式ではありません。  ,
1544,阿野田町1377,,阿野田町,,1377,,,ERROR: address2のデータは、address1のデータから推測されるデータに一致しません。（自動チェック機構が参照するデータセットに合致しないか、表記が異なります。  ,ERROR: prefectureの列の情報がありません。元データに都道府県情報が欠落している可能性があります。入力されたデータ形式は、自動チェック機構が推奨する形式ではありません。  ,
1545,阿野田町1389,,阿野田町,,1389,,,ERROR: address2のデータは、address1のデータから推測されるデータに一致しません。（自動チェック機構が参照するデータセットに合致しないか、表記が異なります。  ,ERROR: prefectureの列の情報がありません。元データに都道府県情報が欠落している可能性があります。入力されたデータ形式は、自動チェック機構が推奨する形式ではありません。  ,
1546,阿野田町1389,,阿野田町,,1389,,,ERROR: address2のデータは、address1のデータから推測されるデータに一致しません。（自動チェック機構が参照するデータセットに合致しないか、表記が異なります。  ,ERROR: prefectureの列の情報がありません。元データに都道府県情報が欠落している可能性があります。入力されたデータ形式は、自動チェック機構が推奨する形式ではありません。  ,
1547,阿野田町1425,,阿野田町,,1425,,,ERROR: address2のデータは、address1のデータから推測されるデータに一致しません。（自動チェック機構が参照するデータセットに合致しないか、表記が異なります。  ,ERROR: prefectureの列の情報がありません。元データに都道府県情報が欠落している可能性があります。入力されたデータ形式は、自動チェック機構が推奨する形式ではありません。  ,
1548,阿野田町1425,,阿野田町,,1425,,,ERROR: address2のデータは、address1のデータから推測されるデータに一致しません。（自動チェック機構が参照するデータセットに合致しないか、表記が異なります。  ,ERROR: prefectureの列の情報がありません。元データに都道府県情報が欠落している可能性があります。入力されたデータ形式は、自動チェック機構が推奨する形式ではありません。  ,
1549,阿野田町1599,,阿野田町,,1599,,,ERROR: address2のデータは、address1のデータから推測されるデータに一致しません。（自動チェック機構が参照するデータセットに合致しないか、表記が異なります。  ,ERROR: prefectureの列の情報がありません。元データに都道府県情報が欠落している可能性があります。入力されたデータ形式は、自動チェック機構が推奨する形式ではありません。  ,
1550,阿野田町1599,,阿野田町,,1599,,,ERROR: address2のデータは、address1のデータから推測されるデータに一致しません。（自動チェック機構が参照するデータセットに合致しないか、表記が異なります。  ,ERROR: prefectureの列の情報がありません。元データに都道府県情報が欠落している可能性があります。入力されたデータ形式は、自動チェック機構が推奨する形式ではありません。  ,
1551,阿野田町1630-3,,阿野田町,,1630-3,,,ERROR: address2のデータは、address1のデータから推測されるデータに一致しません。（自動チェック機構が参照するデータセットに合致しないか、表記が異なります。  ,ERROR: prefectureの列の情報がありません。元データに都道府県情報が欠落している可能性があります。入力されたデータ形式は、自動チェック機構が推奨する形式ではありません。  ,
1552,阿野田町1630-3,,阿野田町,,1630-3,,,ERROR: address2のデータは、address1のデータから推測されるデータに一致しません。（自動チェック機構が参照するデータセットに合致しないか、表記が異なります。  ,ERROR: prefectureの列の情報がありません。元データに都道府県情報が欠落している可能性があります。入力されたデータ形式は、自動チェック機構が推奨する形式ではありません。  ,
1553,阿野田町1762-2,,阿野田町,,1762-2,,,ERROR: address2のデータは、address1のデータから推測されるデータに一致しません。（自動チェック機構が参照するデータセットに合致しないか、表記が異なります。  ,ERROR: prefectureの列の情報がありません。元データに都道府県情報が欠落している可能性があります。入力されたデータ形式は、自動チェック機構が推奨する形式ではありません。  ,
1554,阿野田町2141-2,,阿野田町,,2141-2,,,ERROR: address2のデータは、address1のデータから推測されるデータに一致しません。（自動チェック機構が参照するデータセットに合致しないか、表記が異なります。  ,ERROR: prefectureの列の情報がありません。元データに都道府県情報が欠落している可能性があります。入力されたデータ形式は、自動チェック機構が推奨する形式ではありません。  ,
1555,阿野田町2141-2,,阿野田町,,2141-2,,,ERROR: address2のデータは、address1のデータから推測されるデータに一致しません。（自動チェック機構が参照するデータセットに合致しないか、表記が異なります。  ,ERROR: prefectureの列の情報がありません。元データに都道府県情報が欠落している可能性があります。入力されたデータ形式は、自動チェック機構が推奨する形式ではありません。  ,
1556,阿野田町2141-2,,阿野田町,,2141-2,,,ERROR: address2のデータは、address1のデータから推測されるデータに一致しません。（自動チェック機構が参照するデータセットに合致しないか、表記が異なります。  ,ERROR: prefectureの列の情報がありません。元データに都道府県情報が欠落している可能性があります。入力されたデータ形式は、自動チェック機構が推奨する形式ではありません。  ,
1557,阿野田町2141-2,,阿野田町,,2141-2,,,ERROR: address2のデータは、address1のデータから推測されるデータに一致しません。（自動チェック機構が参照するデータセットに合致しないか、表記が異なります。  ,ERROR: prefectureの列の情報がありません。元データに都道府県情報が欠落している可能性があります。入力されたデータ形式は、自動チェック機構が推奨する形式ではありません。  ,
1558,阿野田町2141-2,,阿野田町,,2141-2,,,ERROR: address2のデータは、address1のデータから推測されるデータに一致しません。（自動チェック機構が参照するデータセットに合致しないか、表記が異なります。  ,ERROR: prefectureの列の情報がありません。元データに都道府県情報が欠落している可能性があります。入力されたデータ形式は、自動チェック機構が推奨する形式ではありません。  ,
1559,阿野田町2144,,阿野田町,,2144,,,ERROR: address2のデータは、address1のデータから推測されるデータに一致しません。（自動チェック機構が参照するデータセットに合致しないか、表記が異なります。  ,ERROR: prefectureの列の情報がありません。元データに都道府県情報が欠落している可能性があります。入力されたデータ形式は、自動チェック機構が推奨する形式ではありません。  ,
1560,阿野田町2144,,阿野田町,,2144,,,ERROR: address2のデータは、address1のデータから推測されるデータに一致しません。（自動チェック機構が参照するデータセットに合致しないか、表記が異なります。  ,ERROR: prefectureの列の情報がありません。元データに都道府県情報が欠落している可能性があります。入力されたデータ形式は、自動チェック機構が推奨する形式ではありません。  ,
1561,阿野田町2144,,阿野田町,,2144,,,ERROR: address2のデータは、address1のデータから推測されるデータに一致しません。（自動チェック機構が参照するデータセットに合致しないか、表記が異なります。  ,ERROR: prefectureの列の情報がありません。元データに都道府県情報が欠落している可能性があります。入力されたデータ形式は、自動チェック機構が推奨する形式ではありません。  ,
1562,阿野田町2144,,阿野田町,,2144,,,ERROR: address2のデータは、address1のデータから推測されるデータに一致しません。（自動チェック機構が参照するデータセットに合致しないか、表記が異なります。  ,ERROR: prefectureの列の情報がありません。元データに都道府県情報が欠落している可能性があります。入力されたデータ形式は、自動チェック機構が推奨する形式ではありません。  ,
1563,阿野田町2171,,阿野田町,,2171,,,ERROR: address2のデータは、address1のデータから推測されるデータに一致しません。（自動チェック機構が参照するデータセットに合致しないか、表記が異なります。  ,ERROR: prefectureの列の情報がありません。元データに都道府県情報が欠落している可能性があります。入力されたデータ形式は、自動チェック機構が推奨する形式ではありません。  ,
1564,阿野田町2171,,阿野田町,,2171,,,ERROR: address2のデータは、address1のデータから推測されるデータに一致しません。（自動チェック機構が参照するデータセットに合致しないか、表記が異なります。  ,ERROR: prefectureの列の情報がありません。元データに都道府県情報が欠落している可能性があります。入力されたデータ形式は、自動チェック機構が推奨する形式ではありません。  ,
1565,阿野田町2182,,阿野田町,,2182,,,ERROR: address2のデータは、address1のデータから推測されるデータに一致しません。（自動チェック機構が参照するデータセットに合致しないか、表記が異なります。  ,ERROR: prefectureの列の情報がありません。元データに都道府県情報が欠落している可能性があります。入力されたデータ形式は、自動チェック機構が推奨する形式ではありません。  ,
1566,阿野田町2219,,阿野田町,,2219,,,ERROR: address2のデータは、address1のデータから推測されるデータに一致しません。（自動チェック機構が参照するデータセットに合致しないか、表記が異なります。  ,ERROR: prefectureの列の情報がありません。元データに都道府県情報が欠落している可能性があります。入力されたデータ形式は、自動チェック機構が推奨する形式ではありません。  ,
1567,阿野田町2237,,阿野田町,,2237,,,ERROR: address2のデータは、address1のデータから推測されるデータに一致しません。（自動チェック機構が参照するデータセットに合致しないか、表記が異なります。  ,ERROR: prefectureの列の情報がありません。元データに都道府県情報が欠落している可能性があります。入力されたデータ形式は、自動チェック機構が推奨する形式ではありません。  ,
1568,阿野田町2237,,阿野田町,,2237,,,ERROR: address2のデータは、address1のデータから推測されるデータに一致しません。（自動チェック機構が参照するデータセットに合致しないか、表記が異なります。  ,ERROR: prefectureの列の情報がありません。元データに都道府県情報が欠落している可能性があります。入力されたデータ形式は、自動チェック機構が推奨する形式ではありません。  ,
1569,阿野田町2239,,阿野田町,,2239,,,ERROR: address2のデータは、address1のデータから推測されるデータに一致しません。（自動チェック機構が参照するデータセットに合致しないか、表記が異なります。  ,ERROR: prefectureの列の情報がありません。元データに都道府県情報が欠落している可能性があります。入力されたデータ形式は、自動チェック機構が推奨する形式ではありません。  ,
1570,阿野田町2239,,阿野田町,,2239,,,ERROR: address2のデータは、address1のデータから推測されるデータに一致しません。（自動チェック機構が参照するデータセットに合致しないか、表記が異なります。  ,ERROR: prefectureの列の情報がありません。元データに都道府県情報が欠落している可能性があります。入力されたデータ形式は、自動チェック機構が推奨する形式ではありません。  ,
1571,阿野田町2239,,阿野田町,,2239,,,ERROR: address2のデータは、address1のデータから推測されるデータに一致しません。（自動チェック機構が参照するデータセットに合致しないか、表記が異なります。  ,ERROR: prefectureの列の情報がありません。元データに都道府県情報が欠落している可能性があります。入力されたデータ形式は、自動チェック機構が推奨する形式ではありません。  ,
1572,阿野田町2239,,阿野田町,,2239,,,ERROR: address2のデータは、address1のデータから推測されるデータに一致しません。（自動チェック機構が参照するデータセットに合致しないか、表記が異なります。  ,ERROR: prefectureの列の情報がありません。元データに都道府県情報が欠落している可能性があります。入力されたデータ形式は、自動チェック機構が推奨する形式ではありません。  ,
1573,阿野田町2269-9,,阿野田町,,2269-9,,,ERROR: address2のデータは、address1のデータから推測されるデータに一致しません。（自動チェック機構が参照するデータセットに合致しないか、表記が異なります。  ,ERROR: prefectureの列の情報がありません。元データに都道府県情報が欠落している可能性があります。入力されたデータ形式は、自動チェック機構が推奨する形式ではありません。  ,
1574,阿野田町2269-9,,阿野田町,,2269-9,,,ERROR: address2のデータは、address1のデータから推測されるデータに一致しません。（自動チェック機構が参照するデータセットに合致しないか、表記が異なります。  ,ERROR: prefectureの列の情報がありません。元データに都道府県情報が欠落している可能性があります。入力されたデータ形式は、自動チェック機構が推奨する形式ではありません。  ,
1575,阿野田町2276-2,,阿野田町,,2276-2,,,ERROR: address2のデータは、address1のデータから推測されるデータに一致しません。（自動チェック機構が参照するデータセットに合致しないか、表記が異なります。  ,ERROR: prefectureの列の情報がありません。元データに都道府県情報が欠落している可能性があります。入力されたデータ形式は、自動チェック機構が推奨する形式ではありません。  ,
1576,阿野田町2276-2,,阿野田町,,2276-2,,,ERROR: address2のデータは、address1のデータから推測されるデータに一致しません。（自動チェック機構が参照するデータセットに合致しないか、表記が異なります。  ,ERROR: prefectureの列の情報がありません。元データに都道府県情報が欠落している可能性があります。入力されたデータ形式は、自動チェック機構が推奨する形式ではありません。  ,
1577,阿野田町2277-3,,阿野田町,,2277-3,,,ERROR: address2のデータは、address1のデータから推測されるデータに一致しません。（自動チェック機構が参照するデータセットに合致しないか、表記が異なります。  ,ERROR: prefectureの列の情報がありません。元データに都道府県情報が欠落している可能性があります。入力されたデータ形式は、自動チェック機構が推奨する形式ではありません。  ,
1578,阿野田町2277-3,,阿野田町,,2277-3,,,ERROR: address2のデータは、address1のデータから推測されるデータに一致しません。（自動チェック機構が参照するデータセットに合致しないか、表記が異なります。  ,ERROR: prefectureの列の情報がありません。元データに都道府県情報が欠落している可能性があります。入力されたデータ形式は、自動チェック機構が推奨する形式ではありません。  ,
1579,阿野田町2428-1,,阿野田町,,2428-1,,,ERROR: address2のデータは、address1のデータから推測されるデータに一致しません。（自動チェック機構が参照するデータセットに合致しないか、表記が異なります。  ,ERROR: prefectureの列の情報がありません。元データに都道府県情報が欠落している可能性があります。入力されたデータ形式は、自動チェック機構が推奨する形式ではありません。  ,
1580,阿野田町2428-1,,阿野田町,,2428-1,,,ERROR: address2のデータは、address1のデータから推測されるデータに一致しません。（自動チェック機構が参照するデータセットに合致しないか、表記が異なります。  ,ERROR: prefectureの列の情報がありません。元データに都道府県情報が欠落している可能性があります。入力されたデータ形式は、自動チェック機構が推奨する形式ではありません。  ,
1581,阿野田町3200,,阿野田町,,3200,,,ERROR: address2のデータは、address1のデータから推測されるデータに一致しません。（自動チェック機構が参照するデータセットに合致しないか、表記が異なります。  ,ERROR: prefectureの列の情報がありません。元データに都道府県情報が欠落している可能性があります。入力されたデータ形式は、自動チェック機構が推奨する形式ではありません。  ,
1582,阿野田町3200,,阿野田町,,3200,,,ERROR: address2のデータは、address1のデータから推測されるデータに一致しません。（自動チェック機構が参照するデータセットに合致しないか、表記が異なります。  ,ERROR: prefectureの列の情報がありません。元データに都道府県情報が欠落している可能性があります。入力されたデータ形式は、自動チェック機構が推奨する形式ではありません。  ,
1583,阿野田町801-19,,阿野田町,,801-19,,,ERROR: address2のデータは、address1のデータから推測されるデータに一致しません。（自動チェック機構が参照するデータセットに合致しないか、表記が異なります。  ,ERROR: prefectureの列の情報がありません。元データに都道府県情報が欠落している可能性があります。入力されたデータ形式は、自動チェック機構が推奨する形式ではありません。  ,
1584,阿野田町801-19,,阿野田町,,801-19,,,ERROR: address2のデータは、address1のデータから推測されるデータに一致しません。（自動チェック機構が参照するデータセットに合致しないか、表記が異なります。  ,ERROR: prefectureの列の情報がありません。元データに都道府県情報が欠落している可能性があります。入力されたデータ形式は、自動チェック機構が推奨する形式ではありません。  ,
1585,阿野田町882-2,,阿野田町,,882-2,,,ERROR: address2のデータは、address1のデータから推測されるデータに一致しません。（自動チェック機構が参照するデータセットに合致しないか、表記が異なります。  ,ERROR: prefectureの列の情報がありません。元データに都道府県情報が欠落している可能性があります。入力されたデータ形式は、自動チェック機構が推奨する形式ではありません。  ,
1586,阿野田町882-2,,阿野田町,,882-2,,,ERROR: address2のデータは、address1のデータから推測されるデータに一致しません。（自動チェック機構が参照するデータセットに合致しないか、表記が異なります。  ,ERROR: prefectureの列の情報がありません。元データに都道府県情報が欠落している可能性があります。入力されたデータ形式は、自動チェック機構が推奨する形式ではありません。  ,
1587,阿野田町908-5,,阿野田町,,908-5,,,ERROR: address2のデータは、address1のデータから推測されるデータに一致しません。（自動チェック機構が参照するデータセットに合致しないか、表記が異なります。  ,ERROR: prefectureの列の情報がありません。元データに都道府県情報が欠落している可能性があります。入力されたデータ形式は、自動チェック機構が推奨する形式ではありません。  ,
1588,阿野田町923,,阿野田町,,923,,,ERROR: address2のデータは、address1のデータから推測されるデータに一致しません。（自動チェック機構が参照するデータセットに合致しないか、表記が異なります。  ,ERROR: prefectureの列の情報がありません。元データに都道府県情報が欠落している可能性があります。入力されたデータ形式は、自動チェック機構が推奨する形式ではありません。  ,
1589,阿野田町923,,阿野田町,,923,,,ERROR: address2のデータは、address1のデータから推測されるデータに一致しません。（自動チェック機構が参照するデータセットに合致しないか、表記が異なります。  ,ERROR: prefectureの列の情報がありません。元データに都道府県情報が欠落している可能性があります。入力されたデータ形式は、自動チェック機構が推奨する形式ではありません。  ,
1590,阿野田町935-11,,阿野田町,,935-11,,,ERROR: address2のデータは、address1のデータから推測されるデータに一致しません。（自動チェック機構が参照するデータセットに合致しないか、表記が異なります。  ,ERROR: prefectureの列の情報がありません。元データに都道府県情報が欠落している可能性があります。入力されたデータ形式は、自動チェック機構が推奨する形式ではありません。  ,
1591,阿野田町935-11,,阿野田町,,935-11,,,ERROR: address2のデータは、address1のデータから推測されるデータに一致しません。（自動チェック機構が参照するデータセットに合致しないか、表記が異なります。  ,ERROR: prefectureの列の情報がありません。元データに都道府県情報が欠落している可能性があります。入力されたデータ形式は、自動チェック機構が推奨する形式ではありません。  ,
1592,阿野田町945-3,,阿野田町,,945-3,,,ERROR: address2のデータは、address1のデータから推測されるデータに一致しません。（自動チェック機構が参照するデータセットに合致しないか、表記が異なります。  ,ERROR: prefectureの列の情報がありません。元データに都道府県情報が欠落している可能性があります。入力されたデータ形式は、自動チェック機構が推奨する形式ではありません。  ,
1593,阿野田町945-3,,阿野田町,,945-3,,,ERROR: address2のデータは、address1のデータから推測されるデータに一致しません。（自動チェック機構が参照するデータセットに合致しないか、表記が異なります。  ,ERROR: prefectureの列の情報がありません。元データに都道府県情報が欠落している可能性があります。入力されたデータ形式は、自動チェック機構が推奨する形式ではありません。  ,
1594,阿野田町947-1,,阿野田町,,947-1,,,ERROR: address2のデータは、address1のデータから推測されるデータに一致しません。（自動チェック機構が参照するデータセットに合致しないか、表記が異なります。  ,ERROR: prefectureの列の情報がありません。元データに都道府県情報が欠落している可能性があります。入力されたデータ形式は、自動チェック機構が推奨する形式ではありません。  ,
1595,阿野田町947-1,,阿野田町,,947-1,,,ERROR: address2のデータは、address1のデータから推測されるデータに一致しません。（自動チェック機構が参照するデータセットに合致しないか、表記が異なります。  ,ERROR: prefectureの列の情報がありません。元データに都道府県情報が欠落している可能性があります。入力されたデータ形式は、自動チェック機構が推奨する形式ではありません。  ,
1596,阿野田町947-1,,阿野田町,,947-1,,,ERROR: address2のデータは、address1のデータから推測されるデータに一致しません。（自動チェック機構が参照するデータセットに合致しないか、表記が異なります。  ,ERROR: prefectureの列の情報がありません。元データに都道府県情報が欠落している可能性があります。入力されたデータ形式は、自動チェック機構が推奨する形式ではありません。  ,
1597,阿野田町947-12,,阿野田町,,947-12,,,ERROR: address2のデータは、address1のデータから推測されるデータに一致しません。（自動チェック機構が参照するデータセットに合致しないか、表記が異なります。  ,ERROR: prefectureの列の情報がありません。元データに都道府県情報が欠落している可能性があります。入力されたデータ形式は、自動チェック機構が推奨する形式ではありません。  ,
1598,阿野田町947-12,,阿野田町,,947-12,,,ERROR: address2のデータは、address1のデータから推測されるデータに一致しません。（自動チェック機構が参照するデータセットに合致しないか、表記が異なります。  ,ERROR: prefectureの列の情報がありません。元データに都道府県情報が欠落している可能性があります。入力されたデータ形式は、自動チェック機構が推奨する形式ではありません。  ,
1599,阿野田町947-12,,阿野田町,,947-12,,,ERROR: address2のデータは、address1のデータから推測されるデータに一致しません。（自動チェック機構が参照するデータセットに合致しないか、表記が異なります。  ,ERROR: prefectureの列の情報がありません。元データに都道府県情報が欠落している可能性があります。入力されたデータ形式は、自動チェック機構が推奨する形式ではありません。  ,
1600,阿野田町947-3,,阿野田町,,947-3,,,ERROR: address2のデータは、address1のデータから推測されるデータに一致しません。（自動チェック機構が参照するデータセットに合致しないか、表記が異なります。  ,ERROR: prefectureの列の情報がありません。元データに都道府県情報が欠落している可能性があります。入力されたデータ形式は、自動チェック機構が推奨する形式ではありません。  ,
1601,阿野田町1216-2,,阿野田町,,1216-2,,,ERROR: address2のデータは、address1のデータから推測されるデータに一致しません。（自動チェック機構が参照するデータセットに合致しないか、表記が異なります。  ,ERROR: prefectureの列の情報がありません。元データに都道府県情報が欠落している可能性があります。入力されたデータ形式は、自動チェック機構が推奨する形式ではありません。  ,
1602,阿野田町1762-2,,阿野田町,,1762-2,,,ERROR: address2のデータは、address1のデータから推測されるデータに一致しません。（自動チェック機構が参照するデータセットに合致しないか、表記が異なります。  ,ERROR: prefectureの列の情報がありません。元データに都道府県情報が欠落している可能性があります。入力されたデータ形式は、自動チェック機構が推奨する形式ではありません。  ,
1603,天神1-1-12,,,天神,1-1-12,,,,ERROR: prefectureの列の情報がありません。元データに都道府県情報が欠落している可能性があります。入力されたデータ形式は、自動チェック機構が推奨する形式ではありません。  ERROR: address1の列の情報がありません。市区町村以降の自動チェック機構はこの行には働きません。  ,
1604,天神1-1-12,,,天神,1-1-12,,,,ERROR: prefectureの列の情報がありません。元データに都道府県情報が欠落している可能性があります。入力されたデータ形式は、自動チェック機構が推奨する形式ではありません。  ERROR: address1の列の情報がありません。市区町村以降の自動チェック機構はこの行には働きません。  ,
1605,天神1-1-12,,,天神,1-1-12,,,,ERROR: prefectureの列の情報がありません。元データに都道府県情報が欠落している可能性があります。入力されたデータ形式は、自動チェック機構が推奨する形式ではありません。  ERROR: address1の列の情報がありません。市区町村以降の自動チェック機構はこの行には働きません。  ,
1606,天神1-1-12,,,天神,1-1-12,,,,ERROR: prefectureの列の情報がありません。元データに都道府県情報が欠落している可能性があります。入力されたデータ形式は、自動チェック機構が推奨する形式ではありません。  ERROR: address1の列の情報がありません。市区町村以降の自動チェック機構はこの行には働きません。  ,
1607,天神1-2-22,,,天神,1-2-22,,,,ERROR: prefectureの列の情報がありません。元データに都道府県情報が欠落している可能性があります。入力されたデータ形式は、自動チェック機構が推奨する形式ではありません。  ERROR: address1の列の情報がありません。市区町村以降の自動チェック機構はこの行には働きません。  ,
1608,天神1-2-4,,,天神,1-2-4,,,,ERROR: prefectureの列の情報がありません。元データに都道府県情報が欠落している可能性があります。入力されたデータ形式は、自動チェック機構が推奨する形式ではありません。  ERROR: address1の列の情報がありません。市区町村以降の自動チェック機構はこの行には働きません。  ,
1609,天神1-2-4,,,天神,1-2-4,,,,ERROR: prefectureの列の情報がありません。元データに都道府県情報が欠落している可能性があります。入力されたデータ形式は、自動チェック機構が推奨する形式ではありません。  ERROR: address1の列の情報がありません。市区町村以降の自動チェック機構はこの行には働きません。  ,
1610,天神1-2-5,,,天神,1-2-5,,,,ERROR: prefectureの列の情報がありません。元データに都道府県情報が欠落している可能性があります。入力されたデータ形式は、自動チェック機構が推奨する形式ではありません。  ERROR: address1の列の情報がありません。市区町村以降の自動チェック機構はこの行には働きません。  ,
1611,天神2-10-10,,,天神,2-10-10,,,,ERROR: prefectureの列の情報がありません。元データに都道府県情報が欠落している可能性があります。入力されたデータ形式は、自動チェック機構が推奨する形式ではありません。  ERROR: address1の列の情報がありません。市区町村以降の自動チェック機構はこの行には働きません。  ,
1612,天神2-10-10,,,天神,2-10-10,,,,ERROR: prefectureの列の情報がありません。元データに都道府県情報が欠落している可能性があります。入力されたデータ形式は、自動チェック機構が推奨する形式ではありません。  ERROR: address1の列の情報がありません。市区町村以降の自動チェック機構はこの行には働きません。  ,
1613,天神2-10-7,,,天神,2-10-7,,,,ERROR: prefectureの列の情報がありません。元データに都道府県情報が欠落している可能性があります。入力されたデータ形式は、自動チェック機構が推奨する形式ではありません。  ERROR: address1の列の情報がありません。市区町村以降の自動チェック機構はこの行には働きません。  ,
1614,天神2-11-2,,,天神,2-11-2,,,,ERROR: prefectureの列の情報がありません。元データに都道府県情報が欠落している可能性があります。入力されたデータ形式は、自動チェック機構が推奨する形式ではありません。  ERROR: address1の列の情報がありません。市区町村以降の自動チェック機構はこの行には働きません。  ,
1615,天神2-11-2,,,天神,2-11-2,,,,ERROR: prefectureの列の情報がありません。元データに都道府県情報が欠落している可能性があります。入力されたデータ形式は、自動チェック機構が推奨する形式ではありません。  ERROR: address1の列の情報がありません。市区町村以降の自動チェック機構はこの行には働きません。  ,
1616,天神2-1-3,,,天神,2-1-3,,,,ERROR: prefectureの列の情報がありません。元データに都道府県情報が欠落している可能性があります。入力されたデータ形式は、自動チェック機構が推奨する形式ではありません。  ERROR: address1の列の情報がありません。市区町村以降の自動チェック機構はこの行には働きません。  ,
1617,天神2-1-3,,,天神,2-1-3,,,,ERROR: prefectureの列の情報がありません。元データに都道府県情報が欠落している可能性があります。入力されたデータ形式は、自動チェック機構が推奨する形式ではありません。  ERROR: address1の列の情報がありません。市区町村以降の自動チェック機構はこの行には働きません。  ,
1618,天神2-1-3,,,天神,2-1-3,,,,ERROR: prefectureの列の情報がありません。元データに都道府県情報が欠落している可能性があります。入力されたデータ形式は、自動チェック機構が推奨する形式ではありません。  ERROR: address1の列の情報がありません。市区町村以降の自動チェック機構はこの行には働きません。  ,
1619,天神2-20-4,,,天神,2-20-4,,,,ERROR: prefectureの列の情報がありません。元データに都道府県情報が欠落している可能性があります。入力されたデータ形式は、自動チェック機構が推奨する形式ではありません。  ERROR: address1の列の情報がありません。市区町村以降の自動チェック機構はこの行には働きません。  ,
1620,天神2-3-16,,,天神,2-3-16,,,,ERROR: prefectureの列の情報がありません。元データに都道府県情報が欠落している可能性があります。入力されたデータ形式は、自動チェック機構が推奨する形式ではありません。  ERROR: address1の列の情報がありません。市区町村以降の自動チェック機構はこの行には働きません。  ,
1621,天神2-3-16,,,天神,2-3-16,,,,ERROR: prefectureの列の情報がありません。元データに都道府県情報が欠落している可能性があります。入力されたデータ形式は、自動チェック機構が推奨する形式ではありません。  ERROR: address1の列の情報がありません。市区町村以降の自動チェック機構はこの行には働きません。  ,
1622,天神2-3-16,,,天神,2-3-16,,,,ERROR: prefectureの列の情報がありません。元データに都道府県情報が欠落している可能性があります。入力されたデータ形式は、自動チェック機構が推奨する形式ではありません。  ERROR: address1の列の情報がありません。市区町村以降の自動チェック機構はこの行には働きません。  ,
1623,天神2-3-16,,,天神,2-3-16,,,,ERROR: prefectureの列の情報がありません。元データに都道府県情報が欠落している可能性があります。入力されたデータ形式は、自動チェック機構が推奨する形式ではありません。  ERROR: address1の列の情報がありません。市区町村以降の自動チェック機構はこの行には働きません。  ,
1624,天神2-3-19,,,天神,2-3-19,,,,ERROR: prefectureの列の情報がありません。元データに都道府県情報が欠落している可能性があります。入力されたデータ形式は、自動チェック機構が推奨する形式ではありません。  ERROR: address1の列の情報がありません。市区町村以降の自動チェック機構はこの行には働きません。  ,
1625,天神2-3-19,,,天神,2-3-19,,,,ERROR: prefectureの列の情報がありません。元データに都道府県情報が欠落している可能性があります。入力されたデータ形式は、自動チェック機構が推奨する形式ではありません。  ERROR: address1の列の情報がありません。市区町村以降の自動チェック機構はこの行には働きません。  ,
1626,天神2-3-19,,,天神,2-3-19,,,,ERROR: prefectureの列の情報がありません。元データに都道府県情報が欠落している可能性があります。入力されたデータ形式は、自動チェック機構が推奨する形式ではありません。  ERROR: address1の列の情報がありません。市区町村以降の自動チェック機構はこの行には働きません。  ,
1627,天神2-3-19,,,天神,2-3-19,,,,ERROR: prefectureの列の情報がありません。元データに都道府県情報が欠落している可能性があります。入力されたデータ形式は、自動チェック機構が推奨する形式ではありません。  ERROR: address1の列の情報がありません。市区町村以降の自動チェック機構はこの行には働きません。  ,
1628,天神2-3-19,,,天神,2-3-19,,,,ERROR: prefectureの列の情報がありません。元データに都道府県情報が欠落している可能性があります。入力されたデータ形式は、自動チェック機構が推奨する形式ではありません。  ERROR: address1の列の情報がありません。市区町村以降の自動チェック機構はこの行には働きません。  ,
1629,天神2-3-45 102,,,天神,2-3-45,,102,,ERROR: prefectureの列の情報がありません。元データに都道府県情報が欠落している可能性があります。入力されたデータ形式は、自動チェック機構が推奨する形式ではありません。  ERROR: address5の建物情報の箇所に番地と思しき情報が存在しますERROR: address1の列の情報がありません。市区町村以降の自動チェック機構はこの行には働きません。  ,
1630,天神2-3-45 102,,,天神,2-3-45,,102,,ERROR: prefectureの列の情報がありません。元データに都道府県情報が欠落している可能性があります。入力されたデータ形式は、自動チェック機構が推奨する形式ではありません。  ERROR: address5の建物情報の箇所に番地と思しき情報が存在しますERROR: address1の列の情報がありません。市区町村以降の自動チェック機構はこの行には働きません。  ,
1631,天神2-3-51,,,天神,2-3-51,,,,ERROR: prefectureの列の情報がありません。元データに都道府県情報が欠落している可能性があります。入力されたデータ形式は、自動チェック機構が推奨する形式ではありません。  ERROR: address1の列の情報がありません。市区町村以降の自動チェック機構はこの行には働きません。  ,
1632,天神2-3-51,,,天神,2-3-51,,,,ERROR: prefectureの列の情報がありません。元データに都道府県情報が欠落している可能性があります。入力されたデータ形式は、自動チェック機構が推奨する形式ではありません。  ERROR: address1の列の情報がありません。市区町村以降の自動チェック機構はこの行には働きません。  ,
1633,天神2-3-52,,,天神,2-3-52,,,,ERROR: prefectureの列の情報がありません。元データに都道府県情報が欠落している可能性があります。入力されたデータ形式は、自動チェック機構が推奨する形式ではありません。  ERROR: address1の列の情報がありません。市区町村以降の自動チェック機構はこの行には働きません。  ,
1634,天神2-3-52,,,天神,2-3-52,,,,ERROR: prefectureの列の情報がありません。元データに都道府県情報が欠落している可能性があります。入力されたデータ形式は、自動チェック機構が推奨する形式ではありません。  ERROR: address1の列の情報がありません。市区町村以降の自動チェック機構はこの行には働きません。  ,
1635,天神2-4-29,,,天神,2-4-29,,,,ERROR: prefectureの列の情報がありません。元データに都道府県情報が欠落している可能性があります。入力されたデータ形式は、自動チェック機構が推奨する形式ではありません。  ERROR: address1の列の情報がありません。市区町村以降の自動チェック機構はこの行には働きません。  ,
1636,天神2-4-29,,,天神,2-4-29,,,,ERROR: prefectureの列の情報がありません。元データに都道府県情報が欠落している可能性があります。入力されたデータ形式は、自動チェック機構が推奨する形式ではありません。  ERROR: address1の列の情報がありません。市区町村以降の自動チェック機構はこの行には働きません。  ,
1637,天神2-4-31,,,天神,2-4-31,,,,ERROR: prefectureの列の情報がありません。元データに都道府県情報が欠落している可能性があります。入力されたデータ形式は、自動チェック機構が推奨する形式ではありません。  ERROR: address1の列の情報がありません。市区町村以降の自動チェック機構はこの行には働きません。  ,
1638,天神2-4-31,,,天神,2-4-31,,,,ERROR: prefectureの列の情報がありません。元データに都道府県情報が欠落している可能性があります。入力されたデータ形式は、自動チェック機構が推奨する形式ではありません。  ERROR: address1の列の情報がありません。市区町村以降の自動チェック機構はこの行には働きません。  ,
1639,天神2-4-38,,,天神,2-4-38,,,,ERROR: prefectureの列の情報がありません。元データに都道府県情報が欠落している可能性があります。入力されたデータ形式は、自動チェック機構が推奨する形式ではありません。  ERROR: address1の列の情報がありません。市区町村以降の自動チェック機構はこの行には働きません。  ,
1640,天神2-4-38,,,天神,2-4-38,,,,ERROR: prefectureの列の情報がありません。元データに都道府県情報が欠落している可能性があります。入力されたデータ形式は、自動チェック機構が推奨する形式ではありません。  ERROR: address1の列の情報がありません。市区町村以降の自動チェック機構はこの行には働きません。  ,
1641,天神2-6-16,,,天神,2-6-16,,,,ERROR: prefectureの列の情報がありません。元データに都道府県情報が欠落している可能性があります。入力されたデータ形式は、自動チェック機構が推奨する形式ではありません。  ERROR: address1の列の情報がありません。市区町村以降の自動チェック機構はこの行には働きません。  ,
1642,天神2-6-16,,,天神,2-6-16,,,,ERROR: prefectureの列の情報がありません。元データに都道府県情報が欠落している可能性があります。入力されたデータ形式は、自動チェック機構が推奨する形式ではありません。  ERROR: address1の列の情報がありません。市区町村以降の自動チェック機構はこの行には働きません。  ,
1643,天神2-6-20,,,天神,2-6-20,,,,ERROR: prefectureの列の情報がありません。元データに都道府県情報が欠落している可能性があります。入力されたデータ形式は、自動チェック機構が推奨する形式ではありません。  ERROR: address1の列の情報がありません。市区町村以降の自動チェック機構はこの行には働きません。  ,
1644,天神2-7-16,,,天神,2-7-16,,,,ERROR: prefectureの列の情報がありません。元データに都道府県情報が欠落している可能性があります。入力されたデータ形式は、自動チェック機構が推奨する形式ではありません。  ERROR: address1の列の情報がありません。市区町村以降の自動チェック機構はこの行には働きません。  ,
1645,天神2-7-16,,,天神,2-7-16,,,,ERROR: prefectureの列の情報がありません。元データに都道府県情報が欠落している可能性があります。入力されたデータ形式は、自動チェック機構が推奨する形式ではありません。  ERROR: address1の列の情報がありません。市区町村以降の自動チェック機構はこの行には働きません。  ,
1646,天神2-7-16,,,天神,2-7-16,,,,ERROR: prefectureの列の情報がありません。元データに都道府県情報が欠落している可能性があります。入力されたデータ形式は、自動チェック機構が推奨する形式ではありません。  ERROR: address1の列の情報がありません。市区町村以降の自動チェック機構はこの行には働きません。  ,
1647,天神2-7-16,,,天神,2-7-16,,,,ERROR: prefectureの列の情報がありません。元データに都道府県情報が欠落している可能性があります。入力されたデータ形式は、自動チェック機構が推奨する形式ではありません。  ERROR: address1の列の情報がありません。市区町村以降の自動チェック機構はこの行には働きません。  ,
1648,天神2-7-21,,,天神,2-7-21,,,,ERROR: prefectureの列の情報がありません。元データに都道府県情報が欠落している可能性があります。入力されたデータ形式は、自動チェック機構が推奨する形式ではありません。  ERROR: address1の列の情報がありません。市区町村以降の自動チェック機構はこの行には働きません。  ,
1649,天神2-7-5,,,天神,2-7-5,,,,ERROR: prefectureの列の情報がありません。元データに都道府県情報が欠落している可能性があります。入力されたデータ形式は、自動チェック機構が推奨する形式ではありません。  ERROR: address1の列の情報がありません。市区町村以降の自動チェック機構はこの行には働きません。  ,
1650,天神2-8-11,,,天神,2-8-11,,,,ERROR: prefectureの列の情報がありません。元データに都道府県情報が欠落している可能性があります。入力されたデータ形式は、自動チェック機構が推奨する形式ではありません。  ERROR: address1の列の情報がありません。市区町村以降の自動チェック機構はこの行には働きません。  ,
1651,天神2-8-27,,,天神,2-8-27,,,,ERROR: prefectureの列の情報がありません。元データに都道府県情報が欠落している可能性があります。入力されたデータ形式は、自動チェック機構が推奨する形式ではありません。  ERROR: address1の列の情報がありません。市区町村以降の自動チェック機構はこの行には働きません。  ,
1652,天神2-8-27,,,天神,2-8-27,,,,ERROR: prefectureの列の情報がありません。元データに都道府県情報が欠落している可能性があります。入力されたデータ形式は、自動チェック機構が推奨する形式ではありません。  ERROR: address1の列の情報がありません。市区町村以降の自動チェック機構はこの行には働きません。  ,
1653,天神3-4-1,,,天神,3-4-1,,,,ERROR: prefectureの列の情報がありません。元データに都道府県情報が欠落している可能性があります。入力されたデータ形式は、自動チェック機構が推奨する形式ではありません。  ERROR: address1の列の情報がありません。市区町村以降の自動チェック機構はこの行には働きません。  ,
1654,天神3-4-1,,,天神,3-4-1,,,,ERROR: prefectureの列の情報がありません。元データに都道府県情報が欠落している可能性があります。入力されたデータ形式は、自動チェック機構が推奨する形式ではありません。  ERROR: address1の列の情報がありません。市区町村以降の自動チェック機構はこの行には働きません。  ,
1655,天神3-5-6-1,,,天神,3-5-6-1,,,,ERROR: prefectureの列の情報がありません。元データに都道府県情報が欠落している可能性があります。入力されたデータ形式は、自動チェック機構が推奨する形式ではありません。  ERROR: address1の列の情報がありません。市区町村以降の自動チェック機構はこの行には働きません。  ,CAUTION: 番地の中に、部屋番号が含まれている可能性があります。 
1656,天神3-9-25,,,天神,3-9-25,,,,ERROR: prefectureの列の情報がありません。元データに都道府県情報が欠落している可能性があります。入力されたデータ形式は、自動チェック機構が推奨する形式ではありません。  ERROR: address1の列の情報がありません。市区町村以降の自動チェック機構はこの行には働きません。  ,
1657,天神3-9-25,,,天神,3-9-25,,,,ERROR: prefectureの列の情報がありません。元データに都道府県情報が欠落している可能性があります。入力されたデータ形式は、自動チェック機構が推奨する形式ではありません。  ERROR: address1の列の情報がありません。市区町村以降の自動チェック機構はこの行には働きません。  ,
1658,天神3-9-25,,,天神,3-9-25,,,,ERROR: prefectureの列の情報がありません。元データに都道府県情報が欠落している可能性があります。入力されたデータ形式は、自動チェック機構が推奨する形式ではありません。  ERROR: address1の列の情報がありません。市区町村以降の自動チェック機構はこの行には働きません。  ,
1659,天神3-9-25,,,天神,3-9-25,,,,ERROR: prefectureの列の情報がありません。元データに都道府県情報が欠落している可能性があります。入力されたデータ形式は、自動チェック機構が推奨する形式ではありません。  ERROR: address1の列の情報がありません。市区町村以降の自動チェック機構はこの行には働きません。  ,
1660,天神3-9-25,,,天神,3-9-25,,,,ERROR: prefectureの列の情報がありません。元データに都道府県情報が欠落している可能性があります。入力されたデータ形式は、自動チェック機構が推奨する形式ではありません。  ERROR: address1の列の情報がありません。市区町村以降の自動チェック機構はこの行には働きません。  ,
1661,天神3-9-25,,,天神,3-9-25,,,,ERROR: prefectureの列の情報がありません。元データに都道府県情報が欠落している可能性があります。入力されたデータ形式は、自動チェック機構が推奨する形式ではありません。  ERROR: address1の列の情報がありません。市区町村以降の自動チェック機構はこの行には働きません。  ,
1662,天神3-9-4,,,天神,3-9-4,,,,ERROR: prefectureの列の情報がありません。元データに都道府県情報が欠落している可能性があります。入力されたデータ形式は、自動チェック機構が推奨する形式ではありません。  ERROR: address1の列の情報がありません。市区町村以降の自動チェック機構はこの行には働きません。  ,
1663,天神4-10-14,,,天神,4-10-14,,,,ERROR: prefectureの列の情報がありません。元データに都道府県情報が欠落している可能性があります。入力されたデータ形式は、自動チェック機構が推奨する形式ではありません。  ERROR: address1の列の情報がありません。市区町村以降の自動チェック機構はこの行には働きません。  ,
1664,天神4-10-14,,,天神,4-10-14,,,,ERROR: prefectureの列の情報がありません。元データに都道府県情報が欠落している可能性があります。入力されたデータ形式は、自動チェック機構が推奨する形式ではありません。  ERROR: address1の列の情報がありません。市区町村以降の自動チェック機構はこの行には働きません。  ,
1665,天神4-10-14,,,天神,4-10-14,,,,ERROR: prefectureの列の情報がありません。元データに都道府県情報が欠落している可能性があります。入力されたデータ形式は、自動チェック機構が推奨する形式ではありません。  ERROR: address1の列の情報がありません。市区町村以降の自動チェック機構はこの行には働きません。  ,
1666,天神4-10-14,,,天神,4-10-14,,,,ERROR: prefectureの列の情報がありません。元データに都道府県情報が欠落している可能性があります。入力されたデータ形式は、自動チェック機構が推奨する形式ではありません。  ERROR: address1の列の情報がありません。市区町村以降の自動チェック機構はこの行には働きません。  ,
1667,天神4-11-11,,,天神,4-11-11,,,,ERROR: prefectureの列の情報がありません。元データに都道府県情報が欠落している可能性があります。入力されたデータ形式は、自動チェック機構が推奨する形式ではありません。  ERROR: address1の列の情報がありません。市区町村以降の自動チェック機構はこの行には働きません。  ,
1668,天神4-11-11,,,天神,4-11-11,,,,ERROR: prefectureの列の情報がありません。元データに都道府県情報が欠落している可能性があります。入力されたデータ形式は、自動チェック機構が推奨する形式ではありません。  ERROR: address1の列の情報がありません。市区町村以降の自動チェック機構はこの行には働きません。  ,
1669,天神4-12-14,,,天神,4-12-14,,,,ERROR: prefectureの列の情報がありません。元データに都道府県情報が欠落している可能性があります。入力されたデータ形式は、自動チェック機構が推奨する形式ではありません。  ERROR: address1の列の情報がありません。市区町村以降の自動チェック機構はこの行には働きません。  ,
1670,天神4-12-14,,,天神,4-12-14,,,,ERROR: prefectureの列の情報がありません。元データに都道府県情報が欠落している可能性があります。入力されたデータ形式は、自動チェック機構が推奨する形式ではありません。  ERROR: address1の列の情報がありません。市区町村以降の自動チェック機構はこの行には働きません。  ,
1671,天神4-12-32-1,,,天神,4-12-32-1,,,,ERROR: prefectureの列の情報がありません。元データに都道府県情報が欠落している可能性があります。入力されたデータ形式は、自動チェック機構が推奨する形式ではありません。  ERROR: address1の列の情報がありません。市区町村以降の自動チェック機構はこの行には働きません。  ,CAUTION: 番地の中に、部屋番号が含まれている可能性があります。 
1672,天神4-12-32-12,,,天神,4-12-32-12,,,,ERROR: prefectureの列の情報がありません。元データに都道府県情報が欠落している可能性があります。入力されたデータ形式は、自動チェック機構が推奨する形式ではありません。  ERROR: address1の列の情報がありません。市区町村以降の自動チェック機構はこの行には働きません。  ,CAUTION: 番地の中に、部屋番号が含まれている可能性があります。 
1673,天神4-12-32-12,,,天神,4-12-32-12,,,,ERROR: prefectureの列の情報がありません。元データに都道府県情報が欠落している可能性があります。入力されたデータ形式は、自動チェック機構が推奨する形式ではありません。  ERROR: address1の列の情報がありません。市区町村以降の自動チェック機構はこの行には働きません。  ,CAUTION: 番地の中に、部屋番号が含まれている可能性があります。 
1674,天神4-12-32-13,,,天神,4-12-32-13,,,,ERROR: prefectureの列の情報がありません。元データに都道府県情報が欠落している可能性があります。入力されたデータ形式は、自動チェック機構が推奨する形式ではありません。  ERROR: address1の列の情報がありません。市区町村以降の自動チェック機構はこの行には働きません。  ,CAUTION: 番地の中に、部屋番号が含まれている可能性があります。 
1675,天神4-12-44,,,天神,4-12-44,,,,ERROR: prefectureの列の情報がありません。元データに都道府県情報が欠落している可能性があります。入力されたデータ形式は、自動チェック機構が推奨する形式ではありません。  ERROR: address1の列の情報がありません。市区町村以降の自動チェック機構はこの行には働きません。  ,
1676,天神4-13-9,,,天神,4-13-9,,,,ERROR: prefectureの列の情報がありません。元データに都道府県情報が欠落している可能性があります。入力されたデータ形式は、自動チェック機構が推奨する形式ではありません。  ERROR: address1の列の情報がありません。市区町村以降の自動チェック機構はこの行には働きません。  ,
1677,天神4-3-22,,,天神,4-3-22,,,,ERROR: prefectureの列の情報がありません。元データに都道府県情報が欠落している可能性があります。入力されたデータ形式は、自動チェック機構が推奨する形式ではありません。  ERROR: address1の列の情報がありません。市区町村以降の自動チェック機構はこの行には働きません。  ,
1678,天神4-4-14,,,天神,4-4-14,,,,ERROR: prefectureの列の情報がありません。元データに都道府県情報が欠落している可能性があります。入力されたデータ形式は、自動チェック機構が推奨する形式ではありません。  ERROR: address1の列の情報がありません。市区町村以降の自動チェック機構はこの行には働きません。  ,
1679,天神4-4-7,,,天神,4-4-7,,,,ERROR: prefectureの列の情報がありません。元データに都道府県情報が欠落している可能性があります。入力されたデータ形式は、自動チェック機構が推奨する形式ではありません。  ERROR: address1の列の情報がありません。市区町村以降の自動チェック機構はこの行には働きません。  ,
1680,天神4-9-5,,,天神,4-9-5,,,,ERROR: prefectureの列の情報がありません。元データに都道府県情報が欠落している可能性があります。入力されたデータ形式は、自動チェック機構が推奨する形式ではありません。  ERROR: address1の列の情報がありません。市区町村以降の自動チェック機構はこの行には働きません。  ,
1681,天神4-9-5,,,天神,4-9-5,,,,ERROR: prefectureの列の情報がありません。元データに都道府県情報が欠落している可能性があります。入力されたデータ形式は、自動チェック機構が推奨する形式ではありません。  ERROR: address1の列の情報がありません。市区町村以降の自動チェック機構はこの行には働きません。  ,
1682,天神町3-11-23,,天神町,,3-11-23,,,ERROR: address2のデータは、address1のデータから推測されるデータに一致しません。（自動チェック機構が参照するデータセットに合致しないか、表記が異なります。  ,ERROR: prefectureの列の情報がありません。元データに都道府県情報が欠落している可能性があります。入力されたデータ形式は、自動チェック機構が推奨する形式ではありません。  ,
1683,天神町3-3405-5,,天神町,,3-3405-5,,,ERROR: address2のデータは、address1のデータから推測されるデータに一致しません。（自動チェック機構が参照するデータセットに合致しないか、表記が異なります。  ,ERROR: prefectureの列の情報がありません。元データに都道府県情報が欠落している可能性があります。入力されたデータ形式は、自動チェック機構が推奨する形式ではありません。  ,
1684,天神町3-3405-5,,天神町,,3-3405-5,,,ERROR: address2のデータは、address1のデータから推測されるデータに一致しません。（自動チェック機構が参照するデータセットに合致しないか、表記が異なります。  ,ERROR: prefectureの列の情報がありません。元データに都道府県情報が欠落している可能性があります。入力されたデータ形式は、自動チェック機構が推奨する形式ではありません。  ,
1685,天神町3-6-7,,天神町,,3-6-7,,,ERROR: address2のデータは、address1のデータから推測されるデータに一致しません。（自動チェック機構が参照するデータセットに合致しないか、表記が異なります。  ,ERROR: prefectureの列の情報がありません。元データに都道府県情報が欠落している可能性があります。入力されたデータ形式は、自動チェック機構が推奨する形式ではありません。  ,
1686,天神町3-6-7,,天神町,,3-6-7,,,ERROR: address2のデータは、address1のデータから推測されるデータに一致しません。（自動チェック機構が参照するデータセットに合致しないか、表記が異なります。  ,ERROR: prefectureの列の情報がありません。元データに都道府県情報が欠落している可能性があります。入力されたデータ形式は、自動チェック機構が推奨する形式ではありません。  ,
1687,安知本町1009,,安知本町,,1009,,,ERROR: address2のデータは、address1のデータから推測されるデータに一致しません。（自動チェック機構が参照するデータセットに合致しないか、表記が異なります。  ,ERROR: prefectureの列の情報がありません。元データに都道府県情報が欠落している可能性があります。入力されたデータ形式は、自動チェック機構が推奨する形式ではありません。  ,
1688,安知本町1858-21,,安知本町,,1858-21,,,ERROR: address2のデータは、address1のデータから推測されるデータに一致しません。（自動チェック機構が参照するデータセットに合致しないか、表記が異なります。  ,ERROR: prefectureの列の情報がありません。元データに都道府県情報が欠落している可能性があります。入力されたデータ形式は、自動チェック機構が推奨する形式ではありません。  ,
1689,安知本町1858-21,,安知本町,,1858-21,,,ERROR: address2のデータは、address1のデータから推測されるデータに一致しません。（自動チェック機構が参照するデータセットに合致しないか、表記が異なります。  ,ERROR: prefectureの列の情報がありません。元データに都道府県情報が欠落している可能性があります。入力されたデータ形式は、自動チェック機構が推奨する形式ではありません。  ,
1690,安知本町1858-21,,安知本町,,1858-21,,,ERROR: address2のデータは、address1のデータから推測されるデータに一致しません。（自動チェック機構が参照するデータセットに合致しないか、表記が異なります。  ,ERROR: prefectureの列の情報がありません。元データに都道府県情報が欠落している可能性があります。入力されたデータ形式は、自動チェック機構が推奨する形式ではありません。  ,
1691,安知本町1858-46,,安知本町,,1858-46,,,ERROR: address2のデータは、address1のデータから推測されるデータに一致しません。（自動チェック機構が参照するデータセットに合致しないか、表記が異なります。  ,ERROR: prefectureの列の情報がありません。元データに都道府県情報が欠落している可能性があります。入力されたデータ形式は、自動チェック機構が推奨する形式ではありません。  ,
1692,安知本町1858-46,,安知本町,,1858-46,,,ERROR: address2のデータは、address1のデータから推測されるデータに一致しません。（自動チェック機構が参照するデータセットに合致しないか、表記が異なります。  ,ERROR: prefectureの列の情報がありません。元データに都道府県情報が欠落している可能性があります。入力されたデータ形式は、自動チェック機構が推奨する形式ではありません。  ,
1693,安知本町1858-46,,安知本町,,1858-46,,,ERROR: address2のデータは、address1のデータから推測されるデータに一致しません。（自動チェック機構が参照するデータセットに合致しないか、表記が異なります。  ,ERROR: prefectureの列の情報がありません。元データに都道府県情報が欠落している可能性があります。入力されたデータ形式は、自動チェック機構が推奨する形式ではありません。  ,
1694,安知本町1858-46,,安知本町,,1858-46,,,ERROR: address2のデータは、address1のデータから推測されるデータに一致しません。（自動チェック機構が参照するデータセットに合致しないか、表記が異なります。  ,ERROR: prefectureの列の情報がありません。元データに都道府県情報が欠落している可能性があります。入力されたデータ形式は、自動チェック機構が推奨する形式ではありません。  ,
1695,安知本町1858-46,,安知本町,,1858-46,,,ERROR: address2のデータは、address1のデータから推測されるデータに一致しません。（自動チェック機構が参照するデータセットに合致しないか、表記が異なります。  ,ERROR: prefectureの列の情報がありません。元データに都道府県情報が欠落している可能性があります。入力されたデータ形式は、自動チェック機構が推奨する形式ではありません。  ,
1696,安知本町1858-74,,安知本町,,1858-74,,,ERROR: address2のデータは、address1のデータから推測されるデータに一致しません。（自動チェック機構が参照するデータセットに合致しないか、表記が異なります。  ,ERROR: prefectureの列の情報がありません。元データに都道府県情報が欠落している可能性があります。入力されたデータ形式は、自動チェック機構が推奨する形式ではありません。  ,
1697,安知本町1858-74,,安知本町,,1858-74,,,ERROR: address2のデータは、address1のデータから推測されるデータに一致しません。（自動チェック機構が参照するデータセットに合致しないか、表記が異なります。  ,ERROR: prefectureの列の情報がありません。元データに都道府県情報が欠落している可能性があります。入力されたデータ形式は、自動チェック機構が推奨する形式ではありません。  ,
1698,安知本町1858-74,,安知本町,,1858-74,,,ERROR: address2のデータは、address1のデータから推測されるデータに一致しません。（自動チェック機構が参照するデータセットに合致しないか、表記が異なります。  ,ERROR: prefectureの列の情報がありません。元データに都道府県情報が欠落している可能性があります。入力されたデータ形式は、自動チェック機構が推奨する形式ではありません。  ,
1699,安知本町1858-74,,安知本町,,1858-74,,,ERROR: address2のデータは、address1のデータから推測されるデータに一致しません。（自動チェック機構が参照するデータセットに合致しないか、表記が異なります。  ,ERROR: prefectureの列の情報がありません。元データに都道府県情報が欠落している可能性があります。入力されたデータ形式は、自動チェック機構が推奨する形式ではありません。  ,
1700,安知本町260-1,,安知本町,,260-1,,,ERROR: address2のデータは、address1のデータから推測されるデータに一致しません。（自動チェック機構が参照するデータセットに合致しないか、表記が異なります。  ,ERROR: prefectureの列の情報がありません。元データに都道府県情報が欠落している可能性があります。入力されたデータ形式は、自動チェック機構が推奨する形式ではありません。  ,
1701,安知本町260-1,,安知本町,,260-1,,,ERROR: address2のデータは、address1のデータから推測されるデータに一致しません。（自動チェック機構が参照するデータセットに合致しないか、表記が異なります。  ,ERROR: prefectureの列の情報がありません。元データに都道府県情報が欠落している可能性があります。入力されたデータ形式は、自動チェック機構が推奨する形式ではありません。  ,
1702,安知本町266-3,,安知本町,,266-3,,,ERROR: address2のデータは、address1のデータから推測されるデータに一致しません。（自動チェック機構が参照するデータセットに合致しないか、表記が異なります。  ,ERROR: prefectureの列の情報がありません。元データに都道府県情報が欠落している可能性があります。入力されたデータ形式は、自動チェック機構が推奨する形式ではありません。  ,
1703,安知本町266-3,,安知本町,,266-3,,,ERROR: address2のデータは、address1のデータから推測されるデータに一致しません。（自動チェック機構が参照するデータセットに合致しないか、表記が異なります。  ,ERROR: prefectureの列の情報がありません。元データに都道府県情報が欠落している可能性があります。入力されたデータ形式は、自動チェック機構が推奨する形式ではありません。  ,
1704,安知本町295,,安知本町,,295,,,ERROR: address2のデータは、address1のデータから推測されるデータに一致しません。（自動チェック機構が参照するデータセットに合致しないか、表記が異なります。  ,ERROR: prefectureの列の情報がありません。元データに都道府県情報が欠落している可能性があります。入力されたデータ形式は、自動チェック機構が推奨する形式ではありません。  ,
1705,安知本町448,,安知本町,,448,,,ERROR: address2のデータは、address1のデータから推測されるデータに一致しません。（自動チェック機構が参照するデータセットに合致しないか、表記が異なります。  ,ERROR: prefectureの列の情報がありません。元データに都道府県情報が欠落している可能性があります。入力されたデータ形式は、自動チェック機構が推奨する形式ではありません。  ,
1706,安知本町448,,安知本町,,448,,,ERROR: address2のデータは、address1のデータから推測されるデータに一致しません。（自動チェック機構が参照するデータセットに合致しないか、表記が異なります。  ,ERROR: prefectureの列の情報がありません。元データに都道府県情報が欠落している可能性があります。入力されたデータ形式は、自動チェック機構が推奨する形式ではありません。  ,
1707,安知本町449-2,,安知本町,,449-2,,,ERROR: address2のデータは、address1のデータから推測されるデータに一致しません。（自動チェック機構が参照するデータセットに合致しないか、表記が異なります。  ,ERROR: prefectureの列の情報がありません。元データに都道府県情報が欠落している可能性があります。入力されたデータ形式は、自動チェック機構が推奨する形式ではありません。  ,
1708,安知本町449-2,,安知本町,,449-2,,,ERROR: address2のデータは、address1のデータから推測されるデータに一致しません。（自動チェック機構が参照するデータセットに合致しないか、表記が異なります。  ,ERROR: prefectureの列の情報がありません。元データに都道府県情報が欠落している可能性があります。入力されたデータ形式は、自動チェック機構が推奨する形式ではありません。  ,
1709,安知本町524,,安知本町,,524,,,ERROR: address2のデータは、address1のデータから推測されるデータに一致しません。（自動チェック機構が参照するデータセットに合致しないか、表記が異なります。  ,ERROR: prefectureの列の情報がありません。元データに都道府県情報が欠落している可能性があります。入力されたデータ形式は、自動チェック機構が推奨する形式ではありません。  ,
1710,安知本町524,,安知本町,,524,,,ERROR: address2のデータは、address1のデータから推測されるデータに一致しません。（自動チェック機構が参照するデータセットに合致しないか、表記が異なります。  ,ERROR: prefectureの列の情報がありません。元データに都道府県情報が欠落している可能性があります。入力されたデータ形式は、自動チェック機構が推奨する形式ではありません。  ,
1711,安知本町534,,安知本町,,534,,,ERROR: address2のデータは、address1のデータから推測されるデータに一致しません。（自動チェック機構が参照するデータセットに合致しないか、表記が異なります。  ,ERROR: prefectureの列の情報がありません。元データに都道府県情報が欠落している可能性があります。入力されたデータ形式は、自動チェック機構が推奨する形式ではありません。  ,
1712,安知本町552,,安知本町,,552,,,ERROR: address2のデータは、address1のデータから推測されるデータに一致しません。（自動チェック機構が参照するデータセットに合致しないか、表記が異なります。  ,ERROR: prefectureの列の情報がありません。元データに都道府県情報が欠落している可能性があります。入力されたデータ形式は、自動チェック機構が推奨する形式ではありません。  ,
1713,安知本町552,,安知本町,,552,,,ERROR: address2のデータは、address1のデータから推測されるデータに一致しません。（自動チェック機構が参照するデータセットに合致しないか、表記が異なります。  ,ERROR: prefectureの列の情報がありません。元データに都道府県情報が欠落している可能性があります。入力されたデータ形式は、自動チェック機構が推奨する形式ではありません。  ,
1714,安知本町552,,安知本町,,552,,,ERROR: address2のデータは、address1のデータから推測されるデータに一致しません。（自動チェック機構が参照するデータセットに合致しないか、表記が異なります。  ,ERROR: prefectureの列の情報がありません。元データに都道府県情報が欠落している可能性があります。入力されたデータ形式は、自動チェック機構が推奨する形式ではありません。  ,
1715,安知本町552,,安知本町,,552,,,ERROR: address2のデータは、address1のデータから推測されるデータに一致しません。（自動チェック機構が参照するデータセットに合致しないか、表記が異なります。  ,ERROR: prefectureの列の情報がありません。元データに都道府県情報が欠落している可能性があります。入力されたデータ形式は、自動チェック機構が推奨する形式ではありません。  ,
1716,安知本町552,,安知本町,,552,,,ERROR: address2のデータは、address1のデータから推測されるデータに一致しません。（自動チェック機構が参照するデータセットに合致しないか、表記が異なります。  ,ERROR: prefectureの列の情報がありません。元データに都道府県情報が欠落している可能性があります。入力されたデータ形式は、自動チェック機構が推奨する形式ではありません。  ,
1717,安知本町599,,安知本町,,599,,,ERROR: address2のデータは、address1のデータから推測されるデータに一致しません。（自動チェック機構が参照するデータセットに合致しないか、表記が異なります。  ,ERROR: prefectureの列の情報がありません。元データに都道府県情報が欠落している可能性があります。入力されたデータ形式は、自動チェック機構が推奨する形式ではありません。  ,
1718,安知本町599,,安知本町,,599,,,ERROR: address2のデータは、address1のデータから推測されるデータに一致しません。（自動チェック機構が参照するデータセットに合致しないか、表記が異なります。  ,ERROR: prefectureの列の情報がありません。元データに都道府県情報が欠落している可能性があります。入力されたデータ形式は、自動チェック機構が推奨する形式ではありません。  ,
1719,楠平尾町118-1,,楠平尾町,,118-1,,,ERROR: address2のデータは、address1のデータから推測されるデータに一致しません。（自動チェック機構が参照するデータセットに合致しないか、表記が異なります。  ,ERROR: prefectureの列の情報がありません。元データに都道府県情報が欠落している可能性があります。入力されたデータ形式は、自動チェック機構が推奨する形式ではありません。  ,
1720,楠平尾町118-1,,楠平尾町,,118-1,,,ERROR: address2のデータは、address1のデータから推測されるデータに一致しません。（自動チェック機構が参照するデータセットに合致しないか、表記が異なります。  ,ERROR: prefectureの列の情報がありません。元データに都道府県情報が欠落している可能性があります。入力されたデータ形式は、自動チェック機構が推奨する形式ではありません。  ,
1721,楠平尾町118-1,,楠平尾町,,118-1,,,ERROR: address2のデータは、address1のデータから推測されるデータに一致しません。（自動チェック機構が参照するデータセットに合致しないか、表記が異なります。  ,ERROR: prefectureの列の情報がありません。元データに都道府県情報が欠落している可能性があります。入力されたデータ形式は、自動チェック機構が推奨する形式ではありません。  ,
1722,楠平尾町17-3,,楠平尾町,,17-3,,,ERROR: address2のデータは、address1のデータから推測されるデータに一致しません。（自動チェック機構が参照するデータセットに合致しないか、表記が異なります。  ,ERROR: prefectureの列の情報がありません。元データに都道府県情報が欠落している可能性があります。入力されたデータ形式は、自動チェック機構が推奨する形式ではありません。  ,
1723,楠平尾町23,,楠平尾町,,23,,,ERROR: address2のデータは、address1のデータから推測されるデータに一致しません。（自動チェック機構が参照するデータセットに合致しないか、表記が異なります。  ,ERROR: prefectureの列の情報がありません。元データに都道府県情報が欠落している可能性があります。入力されたデータ形式は、自動チェック機構が推奨する形式ではありません。  ,
1724,楠平尾町31-1,,楠平尾町,,31-1,,,ERROR: address2のデータは、address1のデータから推測されるデータに一致しません。（自動チェック機構が参照するデータセットに合致しないか、表記が異なります。  ,ERROR: prefectureの列の情報がありません。元データに都道府県情報が欠落している可能性があります。入力されたデータ形式は、自動チェック機構が推奨する形式ではありません。  ,
1725,楠平尾町31-1,,楠平尾町,,31-1,,,ERROR: address2のデータは、address1のデータから推測されるデータに一致しません。（自動チェック機構が参照するデータセットに合致しないか、表記が異なります。  ,ERROR: prefectureの列の情報がありません。元データに都道府県情報が欠落している可能性があります。入力されたデータ形式は、自動チェック機構が推奨する形式ではありません。  ,
1726,楠平尾町31-1,,楠平尾町,,31-1,,,ERROR: address2のデータは、address1のデータから推測されるデータに一致しません。（自動チェック機構が参照するデータセットに合致しないか、表記が異なります。  ,ERROR: prefectureの列の情報がありません。元データに都道府県情報が欠落している可能性があります。入力されたデータ形式は、自動チェック機構が推奨する形式ではありません。  ,
1727,楠平尾町45,,楠平尾町,,45,,,ERROR: address2のデータは、address1のデータから推測されるデータに一致しません。（自動チェック機構が参照するデータセットに合致しないか、表記が異なります。  ,ERROR: prefectureの列の情報がありません。元データに都道府県情報が欠落している可能性があります。入力されたデータ形式は、自動チェック機構が推奨する形式ではありません。  ,
1728,楠平尾町45,,楠平尾町,,45,,,ERROR: address2のデータは、address1のデータから推測されるデータに一致しません。（自動チェック機構が参照するデータセットに合致しないか、表記が異なります。  ,ERROR: prefectureの列の情報がありません。元データに都道府県情報が欠落している可能性があります。入力されたデータ形式は、自動チェック機構が推奨する形式ではありません。  ,
1729,楠平尾町47-1,,楠平尾町,,47-1,,,ERROR: address2のデータは、address1のデータから推測されるデータに一致しません。（自動チェック機構が参照するデータセットに合致しないか、表記が異なります。  ,ERROR: prefectureの列の情報がありません。元データに都道府県情報が欠落している可能性があります。入力されたデータ形式は、自動チェック機構が推奨する形式ではありません。  ,
1730,楠平尾町47-2,,楠平尾町,,47-2,,,ERROR: address2のデータは、address1のデータから推測されるデータに一致しません。（自動チェック機構が参照するデータセットに合致しないか、表記が異なります。  ,ERROR: prefectureの列の情報がありません。元データに都道府県情報が欠落している可能性があります。入力されたデータ形式は、自動チェック機構が推奨する形式ではありません。  ,
1731,楠平尾町47-2,,楠平尾町,,47-2,,,ERROR: address2のデータは、address1のデータから推測されるデータに一致しません。（自動チェック機構が参照するデータセットに合致しないか、表記が異なります。  ,ERROR: prefectureの列の情報がありません。元データに都道府県情報が欠落している可能性があります。入力されたデータ形式は、自動チェック機構が推奨する形式ではありません。  ,
1732,楠平尾町48-2,,楠平尾町,,48-2,,,ERROR: address2のデータは、address1のデータから推測されるデータに一致しません。（自動チェック機構が参照するデータセットに合致しないか、表記が異なります。  ,ERROR: prefectureの列の情報がありません。元データに都道府県情報が欠落している可能性があります。入力されたデータ形式は、自動チェック機構が推奨する形式ではありません。  ,
1733,楠平尾町48-2,,楠平尾町,,48-2,,,ERROR: address2のデータは、address1のデータから推測されるデータに一致しません。（自動チェック機構が参照するデータセットに合致しないか、表記が異なります。  ,ERROR: prefectureの列の情報がありません。元データに都道府県情報が欠落している可能性があります。入力されたデータ形式は、自動チェック機構が推奨する形式ではありません。  ,
1734,楠平尾町58,,楠平尾町,,58,,,ERROR: address2のデータは、address1のデータから推測されるデータに一致しません。（自動チェック機構が参照するデータセットに合致しないか、表記が異なります。  ,ERROR: prefectureの列の情報がありません。元データに都道府県情報が欠落している可能性があります。入力されたデータ形式は、自動チェック機構が推奨する形式ではありません。  ,
1735,楠平尾町58,,楠平尾町,,58,,,ERROR: address2のデータは、address1のデータから推測されるデータに一致しません。（自動チェック機構が参照するデータセットに合致しないか、表記が異なります。  ,ERROR: prefectureの列の情報がありません。元データに都道府県情報が欠落している可能性があります。入力されたデータ形式は、自動チェック機構が推奨する形式ではありません。  ,
1736,楠平尾町63,,楠平尾町,,63,,,ERROR: address2のデータは、address1のデータから推測されるデータに一致しません。（自動チェック機構が参照するデータセットに合致しないか、表記が異なります。  ,ERROR: prefectureの列の情報がありません。元データに都道府県情報が欠落している可能性があります。入力されたデータ形式は、自動チェック機構が推奨する形式ではありません。  ,
1737,楠平尾町63,,楠平尾町,,63,,,ERROR: address2のデータは、address1のデータから推測されるデータに一致しません。（自動チェック機構が参照するデータセットに合致しないか、表記が異なります。  ,ERROR: prefectureの列の情報がありません。元データに都道府県情報が欠落している可能性があります。入力されたデータ形式は、自動チェック機構が推奨する形式ではありません。  ,
1738,楠平尾町64,,楠平尾町,,64,,,ERROR: address2のデータは、address1のデータから推測されるデータに一致しません。（自動チェック機構が参照するデータセットに合致しないか、表記が異なります。  ,ERROR: prefectureの列の情報がありません。元データに都道府県情報が欠落している可能性があります。入力されたデータ形式は、自動チェック機構が推奨する形式ではありません。  ,
1739,楠平尾町64,,楠平尾町,,64,,,ERROR: address2のデータは、address1のデータから推測されるデータに一致しません。（自動チェック機構が参照するデータセットに合致しないか、表記が異なります。  ,ERROR: prefectureの列の情報がありません。元データに都道府県情報が欠落している可能性があります。入力されたデータ形式は、自動チェック機構が推奨する形式ではありません。  ,
1740,楠平尾町72-1,,楠平尾町,,72-1,,,ERROR: address2のデータは、address1のデータから推測されるデータに一致しません。（自動チェック機構が参照するデータセットに合致しないか、表記が異なります。  ,ERROR: prefectureの列の情報がありません。元データに都道府県情報が欠落している可能性があります。入力されたデータ形式は、自動チェック機構が推奨する形式ではありません。  ,
1741,楠平尾町84,,楠平尾町,,84,,,ERROR: address2のデータは、address1のデータから推測されるデータに一致しません。（自動チェック機構が参照するデータセットに合致しないか、表記が異なります。  ,ERROR: prefectureの列の情報がありません。元データに都道府県情報が欠落している可能性があります。入力されたデータ形式は、自動チェック機構が推奨する形式ではありません。  ,
1742,楠平尾町854-6,,楠平尾町,,854-6,,,ERROR: address2のデータは、address1のデータから推測されるデータに一致しません。（自動チェック機構が参照するデータセットに合致しないか、表記が異なります。  ,ERROR: prefectureの列の情報がありません。元データに都道府県情報が欠落している可能性があります。入力されたデータ形式は、自動チェック機構が推奨する形式ではありません。  ,
1743,楠平尾町89-1,,楠平尾町,,89-1,,,ERROR: address2のデータは、address1のデータから推測されるデータに一致しません。（自動チェック機構が参照するデータセットに合致しないか、表記が異なります。  ,ERROR: prefectureの列の情報がありません。元データに都道府県情報が欠落している可能性があります。入力されたデータ形式は、自動チェック機構が推奨する形式ではありません。  ,
1744,楠平尾町89-1,,楠平尾町,,89-1,,,ERROR: address2のデータは、address1のデータから推測されるデータに一致しません。（自動チェック機構が参照するデータセットに合致しないか、表記が異なります。  ,ERROR: prefectureの列の情報がありません。元データに都道府県情報が欠落している可能性があります。入力されたデータ形式は、自動チェック機構が推奨する形式ではありません。  ,
1745,楠平尾町89-1,,楠平尾町,,89-1,,,ERROR: address2のデータは、address1のデータから推測されるデータに一致しません。（自動チェック機構が参照するデータセットに合致しないか、表記が異なります。  ,ERROR: prefectureの列の情報がありません。元データに都道府県情報が欠落している可能性があります。入力されたデータ形式は、自動チェック機構が推奨する形式ではありません。  ,
1746,楠平尾町89-1,,楠平尾町,,89-1,,,ERROR: address2のデータは、address1のデータから推測されるデータに一致しません。（自動チェック機構が参照するデータセットに合致しないか、表記が異なります。  ,ERROR: prefectureの列の情報がありません。元データに都道府県情報が欠落している可能性があります。入力されたデータ形式は、自動チェック機構が推奨する形式ではありません。  ,
1747,楠平尾町932-2,,楠平尾町,,932-2,,,ERROR: address2のデータは、address1のデータから推測されるデータに一致しません。（自動チェック機構が参照するデータセットに合致しないか、表記が異なります。  ,ERROR: prefectureの列の情報がありません。元データに都道府県情報が欠落している可能性があります。入力されたデータ形式は、自動チェック機構が推奨する形式ではありません。  ,
1748,楠平尾町932-2,,楠平尾町,,932-2,,,ERROR: address2のデータは、address1のデータから推測されるデータに一致しません。（自動チェック機構が参照するデータセットに合致しないか、表記が異なります。  ,ERROR: prefectureの列の情報がありません。元データに都道府県情報が欠落している可能性があります。入力されたデータ形式は、自動チェック機構が推奨する形式ではありません。  ,
1749,楠平尾町932-2,,楠平尾町,,932-2,,,ERROR: address2のデータは、address1のデータから推測されるデータに一致しません。（自動チェック機構が参照するデータセットに合致しないか、表記が異なります。  ,ERROR: prefectureの列の情報がありません。元データに都道府県情報が欠落している可能性があります。入力されたデータ形式は、自動チェック機構が推奨する形式ではありません。  ,
1750,和賀町12-11,,和賀町,,12-11,,,ERROR: address2のデータは、address1のデータから推測されるデータに一致しません。（自動チェック機構が参照するデータセットに合致しないか、表記が異なります。  ,ERROR: prefectureの列の情報がありません。元データに都道府県情報が欠落している可能性があります。入力されたデータ形式は、自動チェック機構が推奨する形式ではありません。  ,
1751,和賀町17-12,,和賀町,,17-12,,,ERROR: address2のデータは、address1のデータから推測されるデータに一致しません。（自動チェック機構が参照するデータセットに合致しないか、表記が異なります。  ,ERROR: prefectureの列の情報がありません。元データに都道府県情報が欠落している可能性があります。入力されたデータ形式は、自動チェック機構が推奨する形式ではありません。  ,
1752,和賀町17-12,,和賀町,,17-12,,,ERROR: address2のデータは、address1のデータから推測されるデータに一致しません。（自動チェック機構が参照するデータセットに合致しないか、表記が異なります。  ,ERROR: prefectureの列の情報がありません。元データに都道府県情報が欠落している可能性があります。入力されたデータ形式は、自動チェック機構が推奨する形式ではありません。  ,
1753,和賀町2-12,,和賀町,,2-12,,,ERROR: address2のデータは、address1のデータから推測されるデータに一致しません。（自動チェック機構が参照するデータセットに合致しないか、表記が異なります。  ,ERROR: prefectureの列の情報がありません。元データに都道府県情報が欠落している可能性があります。入力されたデータ形式は、自動チェック機構が推奨する形式ではありません。  ,
1754,和賀町2-12,,和賀町,,2-12,,,ERROR: address2のデータは、address1のデータから推測されるデータに一致しません。（自動チェック機構が参照するデータセットに合致しないか、表記が異なります。  ,ERROR: prefectureの列の情報がありません。元データに都道府県情報が欠落している可能性があります。入力されたデータ形式は、自動チェック機構が推奨する形式ではありません。  ,
1755,和賀町2-12,,和賀町,,2-12,,,ERROR: address2のデータは、address1のデータから推測されるデータに一致しません。（自動チェック機構が参照するデータセットに合致しないか、表記が異なります。  ,ERROR: prefectureの列の情報がありません。元データに都道府県情報が欠落している可能性があります。入力されたデータ形式は、自動チェック機構が推奨する形式ではありません。  ,
1756,和賀町6-13,,和賀町,,6-13,,,ERROR: address2のデータは、address1のデータから推測されるデータに一致しません。（自動チェック機構が参照するデータセットに合致しないか、表記が異なります。  ,ERROR: prefectureの列の情報がありません。元データに都道府県情報が欠落している可能性があります。入力されたデータ形式は、自動チェック機構が推奨する形式ではありません。  ,
1757,和賀町7-6,,和賀町,,7-6,,,ERROR: address2のデータは、address1のデータから推測されるデータに一致しません。（自動チェック機構が参照するデータセットに合致しないか、表記が異なります。  ,ERROR: prefectureの列の情報がありません。元データに都道府県情報が欠落している可能性があります。入力されたデータ形式は、自動チェック機構が推奨する形式ではありません。  ,
1758,和賀町7-6,,和賀町,,7-6,,,ERROR: address2のデータは、address1のデータから推測されるデータに一致しません。（自動チェック機構が参照するデータセットに合致しないか、表記が異なります。  ,ERROR: prefectureの列の情報がありません。元データに都道府県情報が欠落している可能性があります。入力されたデータ形式は、自動チェック機構が推奨する形式ではありません。  ,
1759,和賀町17-17,,和賀町,,17-17,,,ERROR: address2のデータは、address1のデータから推測されるデータに一致しません。（自動チェック機構が参照するデータセットに合致しないか、表記が異なります。  ,ERROR: prefectureの列の情報がありません。元データに都道府県情報が欠落している可能性があります。入力されたデータ形式は、自動チェック機構が推奨する形式ではありません。  ,
1760,和賀町17-17,,和賀町,,17-17,,,ERROR: address2のデータは、address1のデータから推測されるデータに一致しません。（自動チェック機構が参照するデータセットに合致しないか、表記が異なります。  ,ERROR: prefectureの列の情報がありません。元データに都道府県情報が欠落している可能性があります。入力されたデータ形式は、自動チェック機構が推奨する形式ではありません。  ,
1761,和賀町17-18,,和賀町,,17-18,,,ERROR: address2のデータは、address1のデータから推測されるデータに一致しません。（自動チェック機構が参照するデータセットに合致しないか、表記が異なります。  ,ERROR: prefectureの列の情報がありません。元データに都道府県情報が欠落している可能性があります。入力されたデータ形式は、自動チェック機構が推奨する形式ではありません。  ,
1762,和賀町17-22,,和賀町,,17-22,,,ERROR: address2のデータは、address1のデータから推測されるデータに一致しません。（自動チェック機構が参照するデータセットに合致しないか、表記が異なります。  ,ERROR: prefectureの列の情報がありません。元データに都道府県情報が欠落している可能性があります。入力されたデータ形式は、自動チェック機構が推奨する形式ではありません。  ,
1763,和賀町17-22,,和賀町,,17-22,,,ERROR: address2のデータは、address1のデータから推測されるデータに一致しません。（自動チェック機構が参照するデータセットに合致しないか、表記が異なります。  ,ERROR: prefectureの列の情報がありません。元データに都道府県情報が欠落している可能性があります。入力されたデータ形式は、自動チェック機構が推奨する形式ではありません。  ,
1764,和賀町6-1,,和賀町,,6-1,,,ERROR: address2のデータは、address1のデータから推測されるデータに一致しません。（自動チェック機構が参照するデータセットに合致しないか、表記が異なります。  ,ERROR: prefectureの列の情報がありません。元データに都道府県情報が欠落している可能性があります。入力されたデータ形式は、自動チェック機構が推奨する形式ではありません。  ,
1765,和賀町6-1,,和賀町,,6-1,,,ERROR: address2のデータは、address1のデータから推測されるデータに一致しません。（自動チェック機構が参照するデータセットに合致しないか、表記が異なります。  ,ERROR: prefectureの列の情報がありません。元データに都道府県情報が欠落している可能性があります。入力されたデータ形式は、自動チェック機構が推奨する形式ではありません。  ,
1766,和賀町6-1,,和賀町,,6-1,,,ERROR: address2のデータは、address1のデータから推測されるデータに一致しません。（自動チェック機構が参照するデータセットに合致しないか、表記が異なります。  ,ERROR: prefectureの列の情報がありません。元データに都道府県情報が欠落している可能性があります。入力されたデータ形式は、自動チェック機構が推奨する形式ではありません。  ,
1767,和賀町6-1,,和賀町,,6-1,,,ERROR: address2のデータは、address1のデータから推測されるデータに一致しません。（自動チェック機構が参照するデータセットに合致しないか、表記が異なります。  ,ERROR: prefectureの列の情報がありません。元データに都道府県情報が欠落している可能性があります。入力されたデータ形式は、自動チェック機構が推奨する形式ではありません。  ,
1768,和賀町6-1,,和賀町,,6-1,,,ERROR: address2のデータは、address1のデータから推測されるデータに一致しません。（自動チェック機構が参照するデータセットに合致しないか、表記が異なります。  ,ERROR: prefectureの列の情報がありません。元データに都道府県情報が欠落している可能性があります。入力されたデータ形式は、自動チェック機構が推奨する形式ではありません。  ,
1769,野村町29-22-3,,野村町,,29-22-3,,,ERROR: address2のデータは、address1のデータから推測されるデータに一致しません。（自動チェック機構が参照するデータセットに合致しないか、表記が異なります。  ,ERROR: prefectureの列の情報がありません。元データに都道府県情報が欠落している可能性があります。入力されたデータ形式は、自動チェック機構が推奨する形式ではありません。  ,
1770,野村町29-22-3,,野村町,,29-22-3,,,ERROR: address2のデータは、address1のデータから推測されるデータに一致しません。（自動チェック機構が参照するデータセットに合致しないか、表記が異なります。  ,ERROR: prefectureの列の情報がありません。元データに都道府県情報が欠落している可能性があります。入力されたデータ形式は、自動チェック機構が推奨する形式ではありません。  ,
1771,山下町100,,山下町,,100,,,ERROR: address2のデータは、address1のデータから推測されるデータに一致しません。（自動チェック機構が参照するデータセットに合致しないか、表記が異なります。  ,ERROR: prefectureの列の情報がありません。元データに都道府県情報が欠落している可能性があります。入力されたデータ形式は、自動チェック機構が推奨する形式ではありません。  ,
1772,山下町100,,山下町,,100,,,ERROR: address2のデータは、address1のデータから推測されるデータに一致しません。（自動チェック機構が参照するデータセットに合致しないか、表記が異なります。  ,ERROR: prefectureの列の情報がありません。元データに都道府県情報が欠落している可能性があります。入力されたデータ形式は、自動チェック機構が推奨する形式ではありません。  ,
1773,山下町20-1,,山下町,,20-1,,,ERROR: address2のデータは、address1のデータから推測されるデータに一致しません。（自動チェック機構が参照するデータセットに合致しないか、表記が異なります。  ,ERROR: prefectureの列の情報がありません。元データに都道府県情報が欠落している可能性があります。入力されたデータ形式は、自動チェック機構が推奨する形式ではありません。  ,
1774,山下町20-1,,山下町,,20-1,,,ERROR: address2のデータは、address1のデータから推測されるデータに一致しません。（自動チェック機構が参照するデータセットに合致しないか、表記が異なります。  ,ERROR: prefectureの列の情報がありません。元データに都道府県情報が欠落している可能性があります。入力されたデータ形式は、自動チェック機構が推奨する形式ではありません。  ,
1775,山下町21,,山下町,,21,,,ERROR: address2のデータは、address1のデータから推測されるデータに一致しません。（自動チェック機構が参照するデータセットに合致しないか、表記が異なります。  ,ERROR: prefectureの列の情報がありません。元データに都道府県情報が欠落している可能性があります。入力されたデータ形式は、自動チェック機構が推奨する形式ではありません。  ,
1776,山下町21,,山下町,,21,,,ERROR: address2のデータは、address1のデータから推測されるデータに一致しません。（自動チェック機構が参照するデータセットに合致しないか、表記が異なります。  ,ERROR: prefectureの列の情報がありません。元データに都道府県情報が欠落している可能性があります。入力されたデータ形式は、自動チェック機構が推奨する形式ではありません。  ,
1777,山下町24,,山下町,,24,,,ERROR: address2のデータは、address1のデータから推測されるデータに一致しません。（自動チェック機構が参照するデータセットに合致しないか、表記が異なります。  ,ERROR: prefectureの列の情報がありません。元データに都道府県情報が欠落している可能性があります。入力されたデータ形式は、自動チェック機構が推奨する形式ではありません。  ,
1778,山下町24,,山下町,,24,,,ERROR: address2のデータは、address1のデータから推測されるデータに一致しません。（自動チェック機構が参照するデータセットに合致しないか、表記が異なります。  ,ERROR: prefectureの列の情報がありません。元データに都道府県情報が欠落している可能性があります。入力されたデータ形式は、自動チェック機構が推奨する形式ではありません。  ,
1779,山下町311,,山下町,,311,,,ERROR: address2のデータは、address1のデータから推測されるデータに一致しません。（自動チェック機構が参照するデータセットに合致しないか、表記が異なります。  ,ERROR: prefectureの列の情報がありません。元データに都道府県情報が欠落している可能性があります。入力されたデータ形式は、自動チェック機構が推奨する形式ではありません。  ,
1780,山下町311,,山下町,,311,,,ERROR: address2のデータは、address1のデータから推測されるデータに一致しません。（自動チェック機構が参照するデータセットに合致しないか、表記が異なります。  ,ERROR: prefectureの列の情報がありません。元データに都道府県情報が欠落している可能性があります。入力されたデータ形式は、自動チェック機構が推奨する形式ではありません。  ,
1781,山下町311,,山下町,,311,,,ERROR: address2のデータは、address1のデータから推測されるデータに一致しません。（自動チェック機構が参照するデータセットに合致しないか、表記が異なります。  ,ERROR: prefectureの列の情報がありません。元データに都道府県情報が欠落している可能性があります。入力されたデータ形式は、自動チェック機構が推奨する形式ではありません。  ,
1782,山下町311,,山下町,,311,,,ERROR: address2のデータは、address1のデータから推測されるデータに一致しません。（自動チェック機構が参照するデータセットに合致しないか、表記が異なります。  ,ERROR: prefectureの列の情報がありません。元データに都道府県情報が欠落している可能性があります。入力されたデータ形式は、自動チェック機構が推奨する形式ではありません。  ,
1783,山下町311,,山下町,,311,,,ERROR: address2のデータは、address1のデータから推測されるデータに一致しません。（自動チェック機構が参照するデータセットに合致しないか、表記が異なります。  ,ERROR: prefectureの列の情報がありません。元データに都道府県情報が欠落している可能性があります。入力されたデータ形式は、自動チェック機構が推奨する形式ではありません。  ,
1784,山下町314-20,,山下町,,314-20,,,ERROR: address2のデータは、address1のデータから推測されるデータに一致しません。（自動チェック機構が参照するデータセットに合致しないか、表記が異なります。  ,ERROR: prefectureの列の情報がありません。元データに都道府県情報が欠落している可能性があります。入力されたデータ形式は、自動チェック機構が推奨する形式ではありません。  ,
1785,山下町314-20,,山下町,,314-20,,,ERROR: address2のデータは、address1のデータから推測されるデータに一致しません。（自動チェック機構が参照するデータセットに合致しないか、表記が異なります。  ,ERROR: prefectureの列の情報がありません。元データに都道府県情報が欠落している可能性があります。入力されたデータ形式は、自動チェック機構が推奨する形式ではありません。  ,
1786,山下町314-20,,山下町,,314-20,,,ERROR: address2のデータは、address1のデータから推測されるデータに一致しません。（自動チェック機構が参照するデータセットに合致しないか、表記が異なります。  ,ERROR: prefectureの列の情報がありません。元データに都道府県情報が欠落している可能性があります。入力されたデータ形式は、自動チェック機構が推奨する形式ではありません。  ,
1787,山下町33,,山下町,,33,,,ERROR: address2のデータは、address1のデータから推測されるデータに一致しません。（自動チェック機構が参照するデータセットに合致しないか、表記が異なります。  ,ERROR: prefectureの列の情報がありません。元データに都道府県情報が欠落している可能性があります。入力されたデータ形式は、自動チェック機構が推奨する形式ではありません。  ,
1788,山下町33,,山下町,,33,,,ERROR: address2のデータは、address1のデータから推測されるデータに一致しません。（自動チェック機構が参照するデータセットに合致しないか、表記が異なります。  ,ERROR: prefectureの列の情報がありません。元データに都道府県情報が欠落している可能性があります。入力されたデータ形式は、自動チェック機構が推奨する形式ではありません。  ,
1789,山下町33,,山下町,,33,,,ERROR: address2のデータは、address1のデータから推測されるデータに一致しません。（自動チェック機構が参照するデータセットに合致しないか、表記が異なります。  ,ERROR: prefectureの列の情報がありません。元データに都道府県情報が欠落している可能性があります。入力されたデータ形式は、自動チェック機構が推奨する形式ではありません。  ,
1790,山下町33,,山下町,,33,,,ERROR: address2のデータは、address1のデータから推測されるデータに一致しません。（自動チェック機構が参照するデータセットに合致しないか、表記が異なります。  ,ERROR: prefectureの列の情報がありません。元データに都道府県情報が欠落している可能性があります。入力されたデータ形式は、自動チェック機構が推奨する形式ではありません。  ,
1791,山下町384-2,,山下町,,384-2,,,ERROR: address2のデータは、address1のデータから推測されるデータに一致しません。（自動チェック機構が参照するデータセットに合致しないか、表記が異なります。  ,ERROR: prefectureの列の情報がありません。元データに都道府県情報が欠落している可能性があります。入力されたデータ形式は、自動チェック機構が推奨する形式ではありません。  ,
1792,山下町4,,山下町,,4,,,ERROR: address2のデータは、address1のデータから推測されるデータに一致しません。（自動チェック機構が参照するデータセットに合致しないか、表記が異なります。  ,ERROR: prefectureの列の情報がありません。元データに都道府県情報が欠落している可能性があります。入力されたデータ形式は、自動チェック機構が推奨する形式ではありません。  ,CAUTION: 町域名に含まれる漢数字が不正に分割されている恐れがあります。 
1793,山下町404-1,,山下町,,404-1,,,ERROR: address2のデータは、address1のデータから推測されるデータに一致しません。（自動チェック機構が参照するデータセットに合致しないか、表記が異なります。  ,ERROR: prefectureの列の情報がありません。元データに都道府県情報が欠落している可能性があります。入力されたデータ形式は、自動チェック機構が推奨する形式ではありません。  ,
1794,山下町404-1,,山下町,,404-1,,,ERROR: address2のデータは、address1のデータから推測されるデータに一致しません。（自動チェック機構が参照するデータセットに合致しないか、表記が異なります。  ,ERROR: prefectureの列の情報がありません。元データに都道府県情報が欠落している可能性があります。入力されたデータ形式は、自動チェック機構が推奨する形式ではありません。  ,
1795,山下町41,,山下町,,41,,,ERROR: address2のデータは、address1のデータから推測されるデータに一致しません。（自動チェック機構が参照するデータセットに合致しないか、表記が異なります。  ,ERROR: prefectureの列の情報がありません。元データに都道府県情報が欠落している可能性があります。入力されたデータ形式は、自動チェック機構が推奨する形式ではありません。  ,
1796,山下町418-12,,山下町,,418-12,,,ERROR: address2のデータは、address1のデータから推測されるデータに一致しません。（自動チェック機構が参照するデータセットに合致しないか、表記が異なります。  ,ERROR: prefectureの列の情報がありません。元データに都道府県情報が欠落している可能性があります。入力されたデータ形式は、自動チェック機構が推奨する形式ではありません。  ,
1797,山下町418-24,,山下町,,418-24,,,ERROR: address2のデータは、address1のデータから推測されるデータに一致しません。（自動チェック機構が参照するデータセットに合致しないか、表記が異なります。  ,ERROR: prefectureの列の情報がありません。元データに都道府県情報が欠落している可能性があります。入力されたデータ形式は、自動チェック機構が推奨する形式ではありません。  ,
1798,山下町418-47,,山下町,,418-47,,,ERROR: address2のデータは、address1のデータから推測されるデータに一致しません。（自動チェック機構が参照するデータセットに合致しないか、表記が異なります。  ,ERROR: prefectureの列の情報がありません。元データに都道府県情報が欠落している可能性があります。入力されたデータ形式は、自動チェック機構が推奨する形式ではありません。  ,
1799,山下町418-47,,山下町,,418-47,,,ERROR: address2のデータは、address1のデータから推測されるデータに一致しません。（自動チェック機構が参照するデータセットに合致しないか、表記が異なります。  ,ERROR: prefectureの列の情報がありません。元データに都道府県情報が欠落している可能性があります。入力されたデータ形式は、自動チェック機構が推奨する形式ではありません。  ,
1800,山下町418-47,,山下町,,418-47,,,ERROR: address2のデータは、address1のデータから推測されるデータに一致しません。（自動チェック機構が参照するデータセットに合致しないか、表記が異なります。  ,ERROR: prefectureの列の情報がありません。元データに都道府県情報が欠落している可能性があります。入力されたデータ形式は、自動チェック機構が推奨する形式ではありません。  ,
1801,山下町418-47,,山下町,,418-47,,,ERROR: address2のデータは、address1のデータから推測されるデータに一致しません。（自動チェック機構が参照するデータセットに合致しないか、表記が異なります。  ,ERROR: prefectureの列の情報がありません。元データに都道府県情報が欠落している可能性があります。入力されたデータ形式は、自動チェック機構が推奨する形式ではありません。  ,
1802,山下町418-48,,山下町,,418-48,,,ERROR: address2のデータは、address1のデータから推測されるデータに一致しません。（自動チェック機構が参照するデータセットに合致しないか、表記が異なります。  ,ERROR: prefectureの列の情報がありません。元データに都道府県情報が欠落している可能性があります。入力されたデータ形式は、自動チェック機構が推奨する形式ではありません。  ,
1803,山下町418-53,,山下町,,418-53,,,ERROR: address2のデータは、address1のデータから推測されるデータに一致しません。（自動チェック機構が参照するデータセットに合致しないか、表記が異なります。  ,ERROR: prefectureの列の情報がありません。元データに都道府県情報が欠落している可能性があります。入力されたデータ形式は、自動チェック機構が推奨する形式ではありません。  ,
1804,山下町418-53,,山下町,,418-53,,,ERROR: address2のデータは、address1のデータから推測されるデータに一致しません。（自動チェック機構が参照するデータセットに合致しないか、表記が異なります。  ,ERROR: prefectureの列の情報がありません。元データに都道府県情報が欠落している可能性があります。入力されたデータ形式は、自動チェック機構が推奨する形式ではありません。  ,
1805,山下町439-18,,山下町,,439-18,,,ERROR: address2のデータは、address1のデータから推測されるデータに一致しません。（自動チェック機構が参照するデータセットに合致しないか、表記が異なります。  ,ERROR: prefectureの列の情報がありません。元データに都道府県情報が欠落している可能性があります。入力されたデータ形式は、自動チェック機構が推奨する形式ではありません。  ,
1806,山下町439-4,,山下町,,439-4,,,ERROR: address2のデータは、address1のデータから推測されるデータに一致しません。（自動チェック機構が参照するデータセットに合致しないか、表記が異なります。  ,ERROR: prefectureの列の情報がありません。元データに都道府県情報が欠落している可能性があります。入力されたデータ形式は、自動チェック機構が推奨する形式ではありません。  ,
1807,山下町439-4,,山下町,,439-4,,,ERROR: address2のデータは、address1のデータから推測されるデータに一致しません。（自動チェック機構が参照するデータセットに合致しないか、表記が異なります。  ,ERROR: prefectureの列の情報がありません。元データに都道府県情報が欠落している可能性があります。入力されたデータ形式は、自動チェック機構が推奨する形式ではありません。  ,
1808,山下町439-4,,山下町,,439-4,,,ERROR: address2のデータは、address1のデータから推測されるデータに一致しません。（自動チェック機構が参照するデータセットに合致しないか、表記が異なります。  ,ERROR: prefectureの列の情報がありません。元データに都道府県情報が欠落している可能性があります。入力されたデータ形式は、自動チェック機構が推奨する形式ではありません。  ,
1809,山下町479,,山下町,,479,,,ERROR: address2のデータは、address1のデータから推測されるデータに一致しません。（自動チェック機構が参照するデータセットに合致しないか、表記が異なります。  ,ERROR: prefectureの列の情報がありません。元データに都道府県情報が欠落している可能性があります。入力されたデータ形式は、自動チェック機構が推奨する形式ではありません。  ,
1810,山下町492,,山下町,,492,,,ERROR: address2のデータは、address1のデータから推測されるデータに一致しません。（自動チェック機構が参照するデータセットに合致しないか、表記が異なります。  ,ERROR: prefectureの列の情報がありません。元データに都道府県情報が欠落している可能性があります。入力されたデータ形式は、自動チェック機構が推奨する形式ではありません。  ,
1811,山下町492,,山下町,,492,,,ERROR: address2のデータは、address1のデータから推測されるデータに一致しません。（自動チェック機構が参照するデータセットに合致しないか、表記が異なります。  ,ERROR: prefectureの列の情報がありません。元データに都道府県情報が欠落している可能性があります。入力されたデータ形式は、自動チェック機構が推奨する形式ではありません。  ,
1812,山下町492,,山下町,,492,,,ERROR: address2のデータは、address1のデータから推測されるデータに一致しません。（自動チェック機構が参照するデータセットに合致しないか、表記が異なります。  ,ERROR: prefectureの列の情報がありません。元データに都道府県情報が欠落している可能性があります。入力されたデータ形式は、自動チェック機構が推奨する形式ではありません。  ,
1813,山下町492,,山下町,,492,,,ERROR: address2のデータは、address1のデータから推測されるデータに一致しません。（自動チェック機構が参照するデータセットに合致しないか、表記が異なります。  ,ERROR: prefectureの列の情報がありません。元データに都道府県情報が欠落している可能性があります。入力されたデータ形式は、自動チェック機構が推奨する形式ではありません。  ,
1814,山下町492,,山下町,,492,,,ERROR: address2のデータは、address1のデータから推測されるデータに一致しません。（自動チェック機構が参照するデータセットに合致しないか、表記が異なります。  ,ERROR: prefectureの列の情報がありません。元データに都道府県情報が欠落している可能性があります。入力されたデータ形式は、自動チェック機構が推奨する形式ではありません。  ,
1815,山下町492,,山下町,,492,,,ERROR: address2のデータは、address1のデータから推測されるデータに一致しません。（自動チェック機構が参照するデータセットに合致しないか、表記が異なります。  ,ERROR: prefectureの列の情報がありません。元データに都道府県情報が欠落している可能性があります。入力されたデータ形式は、自動チェック機構が推奨する形式ではありません。  ,
1816,山下町499-2,,山下町,,499-2,,,ERROR: address2のデータは、address1のデータから推測されるデータに一致しません。（自動チェック機構が参照するデータセットに合致しないか、表記が異なります。  ,ERROR: prefectureの列の情報がありません。元データに都道府県情報が欠落している可能性があります。入力されたデータ形式は、自動チェック機構が推奨する形式ではありません。  ,
1817,山下町518,,山下町,,518,,,ERROR: address2のデータは、address1のデータから推測されるデータに一致しません。（自動チェック機構が参照するデータセットに合致しないか、表記が異なります。  ,ERROR: prefectureの列の情報がありません。元データに都道府県情報が欠落している可能性があります。入力されたデータ形式は、自動チェック機構が推奨する形式ではありません。  ,
1818,山下町81-2,,山下町,,81-2,,,ERROR: address2のデータは、address1のデータから推測されるデータに一致しません。（自動チェック機構が参照するデータセットに合致しないか、表記が異なります。  ,ERROR: prefectureの列の情報がありません。元データに都道府県情報が欠落している可能性があります。入力されたデータ形式は、自動チェック機構が推奨する形式ではありません。  ,
1819,山下町81-2,,山下町,,81-2,,,ERROR: address2のデータは、address1のデータから推測されるデータに一致しません。（自動チェック機構が参照するデータセットに合致しないか、表記が異なります。  ,ERROR: prefectureの列の情報がありません。元データに都道府県情報が欠落している可能性があります。入力されたデータ形式は、自動チェック機構が推奨する形式ではありません。  ,
1820,山下町92,,山下町,,92,,,ERROR: address2のデータは、address1のデータから推測されるデータに一致しません。（自動チェック機構が参照するデータセットに合致しないか、表記が異なります。  ,ERROR: prefectureの列の情報がありません。元データに都道府県情報が欠落している可能性があります。入力されたデータ形式は、自動チェック機構が推奨する形式ではありません。  ,
1821,山下町92,,山下町,,92,,,ERROR: address2のデータは、address1のデータから推測されるデータに一致しません。（自動チェック機構が参照するデータセットに合致しないか、表記が異なります。  ,ERROR: prefectureの列の情報がありません。元データに都道府県情報が欠落している可能性があります。入力されたデータ形式は、自動チェック機構が推奨する形式ではありません。  ,
1822,山下町92,,山下町,,92,,,ERROR: address2のデータは、address1のデータから推測されるデータに一致しません。（自動チェック機構が参照するデータセットに合致しないか、表記が異なります。  ,ERROR: prefectureの列の情報がありません。元データに都道府県情報が欠落している可能性があります。入力されたデータ形式は、自動チェック機構が推奨する形式ではありません。  ,
1823,山下町97,,山下町,,97,,,ERROR: address2のデータは、address1のデータから推測されるデータに一致しません。（自動チェック機構が参照するデータセットに合致しないか、表記が異なります。  ,ERROR: prefectureの列の情報がありません。元データに都道府県情報が欠落している可能性があります。入力されたデータ形式は、自動チェック機構が推奨する形式ではありません。  ,
1824,山下町97,,山下町,,97,,,ERROR: address2のデータは、address1のデータから推測されるデータに一致しません。（自動チェック機構が参照するデータセットに合致しないか、表記が異なります。  ,ERROR: prefectureの列の情報がありません。元データに都道府県情報が欠落している可能性があります。入力されたデータ形式は、自動チェック機構が推奨する形式ではありません。  ,
1825,山下町92,,山下町,,92,,,ERROR: address2のデータは、address1のデータから推測されるデータに一致しません。（自動チェック機構が参照するデータセットに合致しないか、表記が異なります。  ,ERROR: prefectureの列の情報がありません。元データに都道府県情報が欠落している可能性があります。入力されたデータ形式は、自動チェック機構が推奨する形式ではありません。  ,
1826,木下町520-1,,木下町,,520-1,,,ERROR: address2のデータは、address1のデータから推測されるデータに一致しません。（自動チェック機構が参照するデータセットに合致しないか、表記が異なります。  ,ERROR: prefectureの列の情報がありません。元データに都道府県情報が欠落している可能性があります。入力されたデータ形式は、自動チェック機構が推奨する形式ではありません。  ,
1827,木下町520-1,,木下町,,520-1,,,ERROR: address2のデータは、address1のデータから推測されるデータに一致しません。（自動チェック機構が参照するデータセットに合致しないか、表記が異なります。  ,ERROR: prefectureの列の情報がありません。元データに都道府県情報が欠落している可能性があります。入力されたデータ形式は、自動チェック機構が推奨する形式ではありません。  ,
1828,木下町181,,木下町,,181,,,ERROR: address2のデータは、address1のデータから推測されるデータに一致しません。（自動チェック機構が参照するデータセットに合致しないか、表記が異なります。  ,ERROR: prefectureの列の情報がありません。元データに都道府県情報が欠落している可能性があります。入力されたデータ形式は、自動チェック機構が推奨する形式ではありません。  ,
1829,木下町393,,木下町,,393,,,ERROR: address2のデータは、address1のデータから推測されるデータに一致しません。（自動チェック機構が参照するデータセットに合致しないか、表記が異なります。  ,ERROR: prefectureの列の情報がありません。元データに都道府県情報が欠落している可能性があります。入力されたデータ形式は、自動チェック機構が推奨する形式ではありません。  ,
1830,木下町393,,木下町,,393,,,ERROR: address2のデータは、address1のデータから推測されるデータに一致しません。（自動チェック機構が参照するデータセットに合致しないか、表記が異なります。  ,ERROR: prefectureの列の情報がありません。元データに都道府県情報が欠落している可能性があります。入力されたデータ形式は、自動チェック機構が推奨する形式ではありません。  ,
1831,木下町447,,木下町,,447,,,ERROR: address2のデータは、address1のデータから推測されるデータに一致しません。（自動チェック機構が参照するデータセットに合致しないか、表記が異なります。  ,ERROR: prefectureの列の情報がありません。元データに都道府県情報が欠落している可能性があります。入力されたデータ形式は、自動チェック機構が推奨する形式ではありません。  ,
1832,木下町515,,木下町,,515,,,ERROR: address2のデータは、address1のデータから推測されるデータに一致しません。（自動チェック機構が参照するデータセットに合致しないか、表記が異なります。  ,ERROR: prefectureの列の情報がありません。元データに都道府県情報が欠落している可能性があります。入力されたデータ形式は、自動チェック機構が推奨する形式ではありません。  ,
1833,若山町1-35,,若山町,,1-35,,,ERROR: address2のデータは、address1のデータから推測されるデータに一致しません。（自動チェック機構が参照するデータセットに合致しないか、表記が異なります。  ,ERROR: prefectureの列の情報がありません。元データに都道府県情報が欠落している可能性があります。入力されたデータ形式は、自動チェック機構が推奨する形式ではありません。  ,
1834,若山町1-35,,若山町,,1-35,,,ERROR: address2のデータは、address1のデータから推測されるデータに一致しません。（自動チェック機構が参照するデータセットに合致しないか、表記が異なります。  ,ERROR: prefectureの列の情報がありません。元データに都道府県情報が欠落している可能性があります。入力されたデータ形式は、自動チェック機構が推奨する形式ではありません。  ,
1835,西町375,,西町,,375,,,ERROR: address2のデータは、address1のデータから推測されるデータに一致しません。（自動チェック機構が参照するデータセットに合致しないか、表記が異なります。  ,ERROR: prefectureの列の情報がありません。元データに都道府県情報が欠落している可能性があります。入力されたデータ形式は、自動チェック機構が推奨する形式ではありません。  ,
1836,西町386,,西町,,386,,,ERROR: address2のデータは、address1のデータから推測されるデータに一致しません。（自動チェック機構が参照するデータセットに合致しないか、表記が異なります。  ,ERROR: prefectureの列の情報がありません。元データに都道府県情報が欠落している可能性があります。入力されたデータ形式は、自動チェック機構が推奨する形式ではありません。  ,
1837,西町386,,西町,,386,,,ERROR: address2のデータは、address1のデータから推測されるデータに一致しません。（自動チェック機構が参照するデータセットに合致しないか、表記が異なります。  ,ERROR: prefectureの列の情報がありません。元データに都道府県情報が欠落している可能性があります。入力されたデータ形式は、自動チェック機構が推奨する形式ではありません。  ,
1838,西町386,,西町,,386,,,ERROR: address2のデータは、address1のデータから推測されるデータに一致しません。（自動チェック機構が参照するデータセットに合致しないか、表記が異なります。  ,ERROR: prefectureの列の情報がありません。元データに都道府県情報が欠落している可能性があります。入力されたデータ形式は、自動チェック機構が推奨する形式ではありません。  ,
1839,西町415,,西町,,415,,,ERROR: address2のデータは、address1のデータから推測されるデータに一致しません。（自動チェック機構が参照するデータセットに合致しないか、表記が異なります。  ,ERROR: prefectureの列の情報がありません。元データに都道府県情報が欠落している可能性があります。入力されたデータ形式は、自動チェック機構が推奨する形式ではありません。  ,
1840,西町425,,西町,,425,,,ERROR: address2のデータは、address1のデータから推測されるデータに一致しません。（自動チェック機構が参照するデータセットに合致しないか、表記が異なります。  ,ERROR: prefectureの列の情報がありません。元データに都道府県情報が欠落している可能性があります。入力されたデータ形式は、自動チェック機構が推奨する形式ではありません。  ,
1841,西町500-6,,西町,,500-6,,,ERROR: address2のデータは、address1のデータから推測されるデータに一致しません。（自動チェック機構が参照するデータセットに合致しないか、表記が異なります。  ,ERROR: prefectureの列の情報がありません。元データに都道府県情報が欠落している可能性があります。入力されたデータ形式は、自動チェック機構が推奨する形式ではありません。  ,
1842,西町504,,西町,,504,,,ERROR: address2のデータは、address1のデータから推測されるデータに一致しません。（自動チェック機構が参照するデータセットに合致しないか、表記が異なります。  ,ERROR: prefectureの列の情報がありません。元データに都道府県情報が欠落している可能性があります。入力されたデータ形式は、自動チェック機構が推奨する形式ではありません。  ,
1843,西町513,,西町,,513,,,ERROR: address2のデータは、address1のデータから推測されるデータに一致しません。（自動チェック機構が参照するデータセットに合致しないか、表記が異なります。  ,ERROR: prefectureの列の情報がありません。元データに都道府県情報が欠落している可能性があります。入力されたデータ形式は、自動チェック機構が推奨する形式ではありません。  ,
1844,西町588,,西町,,588,,,ERROR: address2のデータは、address1のデータから推測されるデータに一致しません。（自動チェック機構が参照するデータセットに合致しないか、表記が異なります。  ,ERROR: prefectureの列の情報がありません。元データに都道府県情報が欠落している可能性があります。入力されたデータ形式は、自動チェック機構が推奨する形式ではありません。  ,
1845,西町588,,西町,,588,,,ERROR: address2のデータは、address1のデータから推測されるデータに一致しません。（自動チェック機構が参照するデータセットに合致しないか、表記が異なります。  ,ERROR: prefectureの列の情報がありません。元データに都道府県情報が欠落している可能性があります。入力されたデータ形式は、自動チェック機構が推奨する形式ではありません。  ,
1846,西町702,,西町,,702,,,ERROR: address2のデータは、address1のデータから推測されるデータに一致しません。（自動チェック機構が参照するデータセットに合致しないか、表記が異なります。  ,ERROR: prefectureの列の情報がありません。元データに都道府県情報が欠落している可能性があります。入力されたデータ形式は、自動チェック機構が推奨する形式ではありません。  ,
1847,南崎町741-7,,南崎町,,741-7,,,ERROR: address2のデータは、address1のデータから推測されるデータに一致しません。（自動チェック機構が参照するデータセットに合致しないか、表記が異なります。  ,ERROR: prefectureの列の情報がありません。元データに都道府県情報が欠落している可能性があります。入力されたデータ形式は、自動チェック機構が推奨する形式ではありません。  ,
1848,南崎町741-7,,南崎町,,741-7,,,ERROR: address2のデータは、address1のデータから推測されるデータに一致しません。（自動チェック機構が参照するデータセットに合致しないか、表記が異なります。  ,ERROR: prefectureの列の情報がありません。元データに都道府県情報が欠落している可能性があります。入力されたデータ形式は、自動チェック機構が推奨する形式ではありません。  ,
1849,御幸町174-4,,御幸町,,174-4,,,ERROR: address2のデータは、address1のデータから推測されるデータに一致しません。（自動チェック機構が参照するデータセットに合致しないか、表記が異なります。  ,ERROR: prefectureの列の情報がありません。元データに都道府県情報が欠落している可能性があります。入力されたデータ形式は、自動チェック機構が推奨する形式ではありません。  ,
1850,御幸町174-4,,御幸町,,174-4,,,ERROR: address2のデータは、address1のデータから推測されるデータに一致しません。（自動チェック機構が参照するデータセットに合致しないか、表記が異なります。  ,ERROR: prefectureの列の情報がありません。元データに都道府県情報が欠落している可能性があります。入力されたデータ形式は、自動チェック機構が推奨する形式ではありません。  ,
1851,御幸町187-6,,御幸町,,187-6,,,ERROR: address2のデータは、address1のデータから推測されるデータに一致しません。（自動チェック機構が参照するデータセットに合致しないか、表記が異なります。  ,ERROR: prefectureの列の情報がありません。元データに都道府県情報が欠落している可能性があります。入力されたデータ形式は、自動チェック機構が推奨する形式ではありません。  ,
1852,御幸町187-6,,御幸町,,187-6,,,ERROR: address2のデータは、address1のデータから推測されるデータに一致しません。（自動チェック機構が参照するデータセットに合致しないか、表記が異なります。  ,ERROR: prefectureの列の情報がありません。元データに都道府県情報が欠落している可能性があります。入力されたデータ形式は、自動チェック機構が推奨する形式ではありません。  ,
1853,御幸町231-70,,御幸町,,231-70,,,ERROR: address2のデータは、address1のデータから推測されるデータに一致しません。（自動チェック機構が参照するデータセットに合致しないか、表記が異なります。  ,ERROR: prefectureの列の情報がありません。元データに都道府県情報が欠落している可能性があります。入力されたデータ形式は、自動チェック機構が推奨する形式ではありません。  ,
1854,御幸町295-3,,御幸町,,295-3,,,ERROR: address2のデータは、address1のデータから推測されるデータに一致しません。（自動チェック機構が参照するデータセットに合致しないか、表記が異なります。  ,ERROR: prefectureの列の情報がありません。元データに都道府県情報が欠落している可能性があります。入力されたデータ形式は、自動チェック機構が推奨する形式ではありません。  ,
1855,御幸町295-3,,御幸町,,295-3,,,ERROR: address2のデータは、address1のデータから推測されるデータに一致しません。（自動チェック機構が参照するデータセットに合致しないか、表記が異なります。  ,ERROR: prefectureの列の情報がありません。元データに都道府県情報が欠落している可能性があります。入力されたデータ形式は、自動チェック機構が推奨する形式ではありません。  ,
1856,御幸町295-3,,御幸町,,295-3,,,ERROR: address2のデータは、address1のデータから推測されるデータに一致しません。（自動チェック機構が参照するデータセットに合致しないか、表記が異なります。  ,ERROR: prefectureの列の情報がありません。元データに都道府県情報が欠落している可能性があります。入力されたデータ形式は、自動チェック機構が推奨する形式ではありません。  ,
1857,御幸町295-3,,御幸町,,295-3,,,ERROR: address2のデータは、address1のデータから推測されるデータに一致しません。（自動チェック機構が参照するデータセットに合致しないか、表記が異なります。  ,ERROR: prefectureの列の情報がありません。元データに都道府県情報が欠落している可能性があります。入力されたデータ形式は、自動チェック機構が推奨する形式ではありません。  ,
1858,御幸町295-3,,御幸町,,295-3,,,ERROR: address2のデータは、address1のデータから推測されるデータに一致しません。（自動チェック機構が参照するデータセットに合致しないか、表記が異なります。  ,ERROR: prefectureの列の情報がありません。元データに都道府県情報が欠落している可能性があります。入力されたデータ形式は、自動チェック機構が推奨する形式ではありません。  ,
1859,御幸町297-16,,御幸町,,297-16,,,ERROR: address2のデータは、address1のデータから推測されるデータに一致しません。（自動チェック機構が参照するデータセットに合致しないか、表記が異なります。  ,ERROR: prefectureの列の情報がありません。元データに都道府県情報が欠落している可能性があります。入力されたデータ形式は、自動チェック機構が推奨する形式ではありません。  ,
1860,御幸町297-16,,御幸町,,297-16,,,ERROR: address2のデータは、address1のデータから推測されるデータに一致しません。（自動チェック機構が参照するデータセットに合致しないか、表記が異なります。  ,ERROR: prefectureの列の情報がありません。元データに都道府県情報が欠落している可能性があります。入力されたデータ形式は、自動チェック機構が推奨する形式ではありません。  ,
1861,御幸町87-7,,御幸町,,87-7,,,ERROR: address2のデータは、address1のデータから推測されるデータに一致しません。（自動チェック機構が参照するデータセットに合致しないか、表記が異なります。  ,ERROR: prefectureの列の情報がありません。元データに都道府県情報が欠落している可能性があります。入力されたデータ形式は、自動チェック機構が推奨する形式ではありません。  ,
1862,御幸町87-7,,御幸町,,87-7,,,ERROR: address2のデータは、address1のデータから推測されるデータに一致しません。（自動チェック機構が参照するデータセットに合致しないか、表記が異なります。  ,ERROR: prefectureの列の情報がありません。元データに都道府県情報が欠落している可能性があります。入力されたデータ形式は、自動チェック機構が推奨する形式ではありません。  ,
1863,南野町1-17,,南野町,,1-17,,,ERROR: address2のデータは、address1のデータから推測されるデータに一致しません。（自動チェック機構が参照するデータセットに合致しないか、表記が異なります。  ,ERROR: prefectureの列の情報がありません。元データに都道府県情報が欠落している可能性があります。入力されたデータ形式は、自動チェック機構が推奨する形式ではありません。  ,
1864,南野町1-17,,南野町,,1-17,,,ERROR: address2のデータは、address1のデータから推測されるデータに一致しません。（自動チェック機構が参照するデータセットに合致しないか、表記が異なります。  ,ERROR: prefectureの列の情報がありません。元データに都道府県情報が欠落している可能性があります。入力されたデータ形式は、自動チェック機構が推奨する形式ではありません。  ,
1865,南野町12-1-1,,南野町,,12-1-1,,,ERROR: address2のデータは、address1のデータから推測されるデータに一致しません。（自動チェック機構が参照するデータセットに合致しないか、表記が異なります。  ,ERROR: prefectureの列の情報がありません。元データに都道府県情報が欠落している可能性があります。入力されたデータ形式は、自動チェック機構が推奨する形式ではありません。  ,
1866,南野町12-1-1,,南野町,,12-1-1,,,ERROR: address2のデータは、address1のデータから推測されるデータに一致しません。（自動チェック機構が参照するデータセットに合致しないか、表記が異なります。  ,ERROR: prefectureの列の情報がありません。元データに都道府県情報が欠落している可能性があります。入力されたデータ形式は、自動チェック機構が推奨する形式ではありません。  ,
1867,南野町12-2,,南野町,,12-2,,,ERROR: address2のデータは、address1のデータから推測されるデータに一致しません。（自動チェック機構が参照するデータセットに合致しないか、表記が異なります。  ,ERROR: prefectureの列の情報がありません。元データに都道府県情報が欠落している可能性があります。入力されたデータ形式は、自動チェック機構が推奨する形式ではありません。  ,
1868,南野町12-2,,南野町,,12-2,,,ERROR: address2のデータは、address1のデータから推測されるデータに一致しません。（自動チェック機構が参照するデータセットに合致しないか、表記が異なります。  ,ERROR: prefectureの列の情報がありません。元データに都道府県情報が欠落している可能性があります。入力されたデータ形式は、自動チェック機構が推奨する形式ではありません。  ,
1869,南野町6-20,,南野町,,6-20,,,ERROR: address2のデータは、address1のデータから推測されるデータに一致しません。（自動チェック機構が参照するデータセットに合致しないか、表記が異なります。  ,ERROR: prefectureの列の情報がありません。元データに都道府県情報が欠落している可能性があります。入力されたデータ形式は、自動チェック機構が推奨する形式ではありません。  ,
1870,南野町7-30,,南野町,,7-30,,,ERROR: address2のデータは、address1のデータから推測されるデータに一致しません。（自動チェック機構が参照するデータセットに合致しないか、表記が異なります。  ,ERROR: prefectureの列の情報がありません。元データに都道府県情報が欠落している可能性があります。入力されたデータ形式は、自動チェック機構が推奨する形式ではありません。  ,
1871,南野町7-33,,南野町,,7-33,,,ERROR: address2のデータは、address1のデータから推測されるデータに一致しません。（自動チェック機構が参照するデータセットに合致しないか、表記が異なります。  ,ERROR: prefectureの列の情報がありません。元データに都道府県情報が欠落している可能性があります。入力されたデータ形式は、自動チェック機構が推奨する形式ではありません。  ,
1872,南野町7-33,,南野町,,7-33,,,ERROR: address2のデータは、address1のデータから推測されるデータに一致しません。（自動チェック機構が参照するデータセットに合致しないか、表記が異なります。  ,ERROR: prefectureの列の情報がありません。元データに都道府県情報が欠落している可能性があります。入力されたデータ形式は、自動チェック機構が推奨する形式ではありません。  ,
1873,南野町7-33-1,,南野町,,7-33-1,,,ERROR: address2のデータは、address1のデータから推測されるデータに一致しません。（自動チェック機構が参照するデータセットに合致しないか、表記が異なります。  ,ERROR: prefectureの列の情報がありません。元データに都道府県情報が欠落している可能性があります。入力されたデータ形式は、自動チェック機構が推奨する形式ではありません。  ,
1874,南野町7-33-1,,南野町,,7-33-1,,,ERROR: address2のデータは、address1のデータから推測されるデータに一致しません。（自動チェック機構が参照するデータセットに合致しないか、表記が異なります。  ,ERROR: prefectureの列の情報がありません。元データに都道府県情報が欠落している可能性があります。入力されたデータ形式は、自動チェック機構が推奨する形式ではありません。  ,
1875,南野町6-41-1,,南野町,,6-41-1,,,ERROR: address2のデータは、address1のデータから推測されるデータに一致しません。（自動チェック機構が参照するデータセットに合致しないか、表記が異なります。  ,ERROR: prefectureの列の情報がありません。元データに都道府県情報が欠落している可能性があります。入力されたデータ形式は、自動チェック機構が推奨する形式ではありません。  ,
1876,北野町4-5,,北野町,,4-5,,,ERROR: address2のデータは、address1のデータから推測されるデータに一致しません。（自動チェック機構が参照するデータセットに合致しないか、表記が異なります。  ,ERROR: prefectureの列の情報がありません。元データに都道府県情報が欠落している可能性があります。入力されたデータ形式は、自動チェック機構が推奨する形式ではありません。  ,
1877,北野町4-5,,北野町,,4-5,,,ERROR: address2のデータは、address1のデータから推測されるデータに一致しません。（自動チェック機構が参照するデータセットに合致しないか、表記が異なります。  ,ERROR: prefectureの列の情報がありません。元データに都道府県情報が欠落している可能性があります。入力されたデータ形式は、自動チェック機構が推奨する形式ではありません。  ,
1878,市ケ坂町646,,市ケ坂町,,646,,,ERROR: address2のデータは、address1のデータから推測されるデータに一致しません。（自動チェック機構が参照するデータセットに合致しないか、表記が異なります。  ,ERROR: prefectureの列の情報がありません。元データに都道府県情報が欠落している可能性があります。入力されたデータ形式は、自動チェック機構が推奨する形式ではありません。  ,
1879,西丸町541-3,,西丸町,,541-3,,,ERROR: address2のデータは、address1のデータから推測されるデータに一致しません。（自動チェック機構が参照するデータセットに合致しないか、表記が異なります。  ,ERROR: prefectureの列の情報がありません。元データに都道府県情報が欠落している可能性があります。入力されたデータ形式は、自動チェック機構が推奨する形式ではありません。  ,
1880,西丸町546,,西丸町,,546,,,ERROR: address2のデータは、address1のデータから推測されるデータに一致しません。（自動チェック機構が参照するデータセットに合致しないか、表記が異なります。  ,ERROR: prefectureの列の情報がありません。元データに都道府県情報が欠落している可能性があります。入力されたデータ形式は、自動チェック機構が推奨する形式ではありません。  ,
1881,西丸町546,,西丸町,,546,,,ERROR: address2のデータは、address1のデータから推測されるデータに一致しません。（自動チェック機構が参照するデータセットに合致しないか、表記が異なります。  ,ERROR: prefectureの列の情報がありません。元データに都道府県情報が欠落している可能性があります。入力されたデータ形式は、自動チェック機構が推奨する形式ではありません。  ,
1882,小川町1317,,小川町,,1317,,,ERROR: address2のデータは、address1のデータから推測されるデータに一致しません。（自動チェック機構が参照するデータセットに合致しないか、表記が異なります。  ,ERROR: prefectureの列の情報がありません。元データに都道府県情報が欠落している可能性があります。入力されたデータ形式は、自動チェック機構が推奨する形式ではありません。  ,
1883,小川町1326,,小川町,,1326,,,ERROR: address2のデータは、address1のデータから推測されるデータに一致しません。（自動チェック機構が参照するデータセットに合致しないか、表記が異なります。  ,ERROR: prefectureの列の情報がありません。元データに都道府県情報が欠落している可能性があります。入力されたデータ形式は、自動チェック機構が推奨する形式ではありません。  ,
1884,小川町1326,,小川町,,1326,,,ERROR: address2のデータは、address1のデータから推測されるデータに一致しません。（自動チェック機構が参照するデータセットに合致しないか、表記が異なります。  ,ERROR: prefectureの列の情報がありません。元データに都道府県情報が欠落している可能性があります。入力されたデータ形式は、自動チェック機構が推奨する形式ではありません。  ,
1885,小川町1326,,小川町,,1326,,,ERROR: address2のデータは、address1のデータから推測されるデータに一致しません。（自動チェック機構が参照するデータセットに合致しないか、表記が異なります。  ,ERROR: prefectureの列の情報がありません。元データに都道府県情報が欠落している可能性があります。入力されたデータ形式は、自動チェック機構が推奨する形式ではありません。  ,
1886,小川町1326,,小川町,,1326,,,ERROR: address2のデータは、address1のデータから推測されるデータに一致しません。（自動チェック機構が参照するデータセットに合致しないか、表記が異なります。  ,ERROR: prefectureの列の情報がありません。元データに都道府県情報が欠落している可能性があります。入力されたデータ形式は、自動チェック機構が推奨する形式ではありません。  ,
1887,小川町1326,,小川町,,1326,,,ERROR: address2のデータは、address1のデータから推測されるデータに一致しません。（自動チェック機構が参照するデータセットに合致しないか、表記が異なります。  ,ERROR: prefectureの列の情報がありません。元データに都道府県情報が欠落している可能性があります。入力されたデータ形式は、自動チェック機構が推奨する形式ではありません。  ,
1888,小川町1375,,小川町,,1375,,,ERROR: address2のデータは、address1のデータから推測されるデータに一致しません。（自動チェック機構が参照するデータセットに合致しないか、表記が異なります。  ,ERROR: prefectureの列の情報がありません。元データに都道府県情報が欠落している可能性があります。入力されたデータ形式は、自動チェック機構が推奨する形式ではありません。  ,
1889,小川町1375,,小川町,,1375,,,ERROR: address2のデータは、address1のデータから推測されるデータに一致しません。（自動チェック機構が参照するデータセットに合致しないか、表記が異なります。  ,ERROR: prefectureの列の情報がありません。元データに都道府県情報が欠落している可能性があります。入力されたデータ形式は、自動チェック機構が推奨する形式ではありません。  ,
1890,小川町1375,,小川町,,1375,,,ERROR: address2のデータは、address1のデータから推測されるデータに一致しません。（自動チェック機構が参照するデータセットに合致しないか、表記が異なります。  ,ERROR: prefectureの列の情報がありません。元データに都道府県情報が欠落している可能性があります。入力されたデータ形式は、自動チェック機構が推奨する形式ではありません。  ,
1891,小川町2168,,小川町,,2168,,,ERROR: address2のデータは、address1のデータから推測されるデータに一致しません。（自動チェック機構が参照するデータセットに合致しないか、表記が異なります。  ,ERROR: prefectureの列の情報がありません。元データに都道府県情報が欠落している可能性があります。入力されたデータ形式は、自動チェック機構が推奨する形式ではありません。  ,
1892,小川町2329,,小川町,,2329,,,ERROR: address2のデータは、address1のデータから推測されるデータに一致しません。（自動チェック機構が参照するデータセットに合致しないか、表記が異なります。  ,ERROR: prefectureの列の情報がありません。元データに都道府県情報が欠落している可能性があります。入力されたデータ形式は、自動チェック機構が推奨する形式ではありません。  ,
1893,小川町2340-3,,小川町,,2340-3,,,ERROR: address2のデータは、address1のデータから推測されるデータに一致しません。（自動チェック機構が参照するデータセットに合致しないか、表記が異なります。  ,ERROR: prefectureの列の情報がありません。元データに都道府県情報が欠落している可能性があります。入力されたデータ形式は、自動チェック機構が推奨する形式ではありません。  ,
1894,小川町2375,,小川町,,2375,,,ERROR: address2のデータは、address1のデータから推測されるデータに一致しません。（自動チェック機構が参照するデータセットに合致しないか、表記が異なります。  ,ERROR: prefectureの列の情報がありません。元データに都道府県情報が欠落している可能性があります。入力されたデータ形式は、自動チェック機構が推奨する形式ではありません。  ,
1895,小川町2375,,小川町,,2375,,,ERROR: address2のデータは、address1のデータから推測されるデータに一致しません。（自動チェック機構が参照するデータセットに合致しないか、表記が異なります。  ,ERROR: prefectureの列の情報がありません。元データに都道府県情報が欠落している可能性があります。入力されたデータ形式は、自動チェック機構が推奨する形式ではありません。  ,
1896,小川町2376-1,,小川町,,2376-1,,,ERROR: address2のデータは、address1のデータから推測されるデータに一致しません。（自動チェック機構が参照するデータセットに合致しないか、表記が異なります。  ,ERROR: prefectureの列の情報がありません。元データに都道府県情報が欠落している可能性があります。入力されたデータ形式は、自動チェック機構が推奨する形式ではありません。  ,
1897,小川町2376-1,,小川町,,2376-1,,,ERROR: address2のデータは、address1のデータから推測されるデータに一致しません。（自動チェック機構が参照するデータセットに合致しないか、表記が異なります。  ,ERROR: prefectureの列の情報がありません。元データに都道府県情報が欠落している可能性があります。入力されたデータ形式は、自動チェック機構が推奨する形式ではありません。  ,
1898,小川町409,,小川町,,409,,,ERROR: address2のデータは、address1のデータから推測されるデータに一致しません。（自動チェック機構が参照するデータセットに合致しないか、表記が異なります。  ,ERROR: prefectureの列の情報がありません。元データに都道府県情報が欠落している可能性があります。入力されたデータ形式は、自動チェック機構が推奨する形式ではありません。  ,
1899,小川町627,,小川町,,627,,,ERROR: address2のデータは、address1のデータから推測されるデータに一致しません。（自動チェック機構が参照するデータセットに合致しないか、表記が異なります。  ,ERROR: prefectureの列の情報がありません。元データに都道府県情報が欠落している可能性があります。入力されたデータ形式は、自動チェック機構が推奨する形式ではありません。  ,
1900,小川町627,,小川町,,627,,,ERROR: address2のデータは、address1のデータから推測されるデータに一致しません。（自動チェック機構が参照するデータセットに合致しないか、表記が異なります。  ,ERROR: prefectureの列の情報がありません。元データに都道府県情報が欠落している可能性があります。入力されたデータ形式は、自動チェック機構が推奨する形式ではありません。  ,
1901,小川町646-1,,小川町,,646-1,,,ERROR: address2のデータは、address1のデータから推測されるデータに一致しません。（自動チェック機構が参照するデータセットに合致しないか、表記が異なります。  ,ERROR: prefectureの列の情報がありません。元データに都道府県情報が欠落している可能性があります。入力されたデータ形式は、自動チェック機構が推奨する形式ではありません。  ,
1902,小川町646-1,,小川町,,646-1,,,ERROR: address2のデータは、address1のデータから推測されるデータに一致しません。（自動チェック機構が参照するデータセットに合致しないか、表記が異なります。  ,ERROR: prefectureの列の情報がありません。元データに都道府県情報が欠落している可能性があります。入力されたデータ形式は、自動チェック機構が推奨する形式ではありません。  ,
1903,小川町655,,小川町,,655,,,ERROR: address2のデータは、address1のデータから推測されるデータに一致しません。（自動チェック機構が参照するデータセットに合致しないか、表記が異なります。  ,ERROR: prefectureの列の情報がありません。元データに都道府県情報が欠落している可能性があります。入力されたデータ形式は、自動チェック機構が推奨する形式ではありません。  ,
1904,小川町781,,小川町,,781,,,ERROR: address2のデータは、address1のデータから推測されるデータに一致しません。（自動チェック機構が参照するデータセットに合致しないか、表記が異なります。  ,ERROR: prefectureの列の情報がありません。元データに都道府県情報が欠落している可能性があります。入力されたデータ形式は、自動チェック機構が推奨する形式ではありません。  ,
1905,小川町781,,小川町,,781,,,ERROR: address2のデータは、address1のデータから推測されるデータに一致しません。（自動チェック機構が参照するデータセットに合致しないか、表記が異なります。  ,ERROR: prefectureの列の情報がありません。元データに都道府県情報が欠落している可能性があります。入力されたデータ形式は、自動チェック機構が推奨する形式ではありません。  ,
1906,小川町823,,小川町,,823,,,ERROR: address2のデータは、address1のデータから推測されるデータに一致しません。（自動チェック機構が参照するデータセットに合致しないか、表記が異なります。  ,ERROR: prefectureの列の情報がありません。元データに都道府県情報が欠落している可能性があります。入力されたデータ形式は、自動チェック機構が推奨する形式ではありません。  ,
1907,小川町865ｰ2,,小川町,,865-2,,,ERROR: address2のデータは、address1のデータから推測されるデータに一致しません。（自動チェック機構が参照するデータセットに合致しないか、表記が異なります。  ,ERROR: prefectureの列の情報がありません。元データに都道府県情報が欠落している可能性があります。入力されたデータ形式は、自動チェック機構が推奨する形式ではありません。  ,
1908,小川町865ｰ2,,小川町,,865-2,,,ERROR: address2のデータは、address1のデータから推測されるデータに一致しません。（自動チェック機構が参照するデータセットに合致しないか、表記が異なります。  ,ERROR: prefectureの列の情報がありません。元データに都道府県情報が欠落している可能性があります。入力されたデータ形式は、自動チェック機構が推奨する形式ではありません。  ,
1909,小川町866-1,,小川町,,866-1,,,ERROR: address2のデータは、address1のデータから推測されるデータに一致しません。（自動チェック機構が参照するデータセットに合致しないか、表記が異なります。  ,ERROR: prefectureの列の情報がありません。元データに都道府県情報が欠落している可能性があります。入力されたデータ形式は、自動チェック機構が推奨する形式ではありません。  ,
1910,小川町874,,小川町,,874,,,ERROR: address2のデータは、address1のデータから推測されるデータに一致しません。（自動チェック機構が参照するデータセットに合致しないか、表記が異なります。  ,ERROR: prefectureの列の情報がありません。元データに都道府県情報が欠落している可能性があります。入力されたデータ形式は、自動チェック機構が推奨する形式ではありません。  ,
1911,小川町874,,小川町,,874,,,ERROR: address2のデータは、address1のデータから推測されるデータに一致しません。（自動チェック機構が参照するデータセットに合致しないか、表記が異なります。  ,ERROR: prefectureの列の情報がありません。元データに都道府県情報が欠落している可能性があります。入力されたデータ形式は、自動チェック機構が推奨する形式ではありません。  ,
1912,小川町874,,小川町,,874,,,ERROR: address2のデータは、address1のデータから推測されるデータに一致しません。（自動チェック機構が参照するデータセットに合致しないか、表記が異なります。  ,ERROR: prefectureの列の情報がありません。元データに都道府県情報が欠落している可能性があります。入力されたデータ形式は、自動チェック機構が推奨する形式ではありません。  ,
1913,小川町874,,小川町,,874,,,ERROR: address2のデータは、address1のデータから推測されるデータに一致しません。（自動チェック機構が参照するデータセットに合致しないか、表記が異なります。  ,ERROR: prefectureの列の情報がありません。元データに都道府県情報が欠落している可能性があります。入力されたデータ形式は、自動チェック機構が推奨する形式ではありません。  ,
1914,小川町881-5,,小川町,,881-5,,,ERROR: address2のデータは、address1のデータから推測されるデータに一致しません。（自動チェック機構が参照するデータセットに合致しないか、表記が異なります。  ,ERROR: prefectureの列の情報がありません。元データに都道府県情報が欠落している可能性があります。入力されたデータ形式は、自動チェック機構が推奨する形式ではありません。  ,
1915,小川町881-5,,小川町,,881-5,,,ERROR: address2のデータは、address1のデータから推測されるデータに一致しません。（自動チェック機構が参照するデータセットに合致しないか、表記が異なります。  ,ERROR: prefectureの列の情報がありません。元データに都道府県情報が欠落している可能性があります。入力されたデータ形式は、自動チェック機構が推奨する形式ではありません。  ,
1916,小川町2340-3,,小川町,,2340-3,,,ERROR: address2のデータは、address1のデータから推測されるデータに一致しません。（自動チェック機構が参照するデータセットに合致しないか、表記が異なります。  ,ERROR: prefectureの列の情報がありません。元データに都道府県情報が欠落している可能性があります。入力されたデータ形式は、自動チェック機構が推奨する形式ではありません。  ,
1917,住山町101,,住山町,,101,,,ERROR: address2のデータは、address1のデータから推測されるデータに一致しません。（自動チェック機構が参照するデータセットに合致しないか、表記が異なります。  ,ERROR: prefectureの列の情報がありません。元データに都道府県情報が欠落している可能性があります。入力されたデータ形式は、自動チェック機構が推奨する形式ではありません。  ,
1918,住山町101,,住山町,,101,,,ERROR: address2のデータは、address1のデータから推測されるデータに一致しません。（自動チェック機構が参照するデータセットに合致しないか、表記が異なります。  ,ERROR: prefectureの列の情報がありません。元データに都道府県情報が欠落している可能性があります。入力されたデータ形式は、自動チェック機構が推奨する形式ではありません。  ,
1919,住山町118-1,,住山町,,118-1,,,ERROR: address2のデータは、address1のデータから推測されるデータに一致しません。（自動チェック機構が参照するデータセットに合致しないか、表記が異なります。  ,ERROR: prefectureの列の情報がありません。元データに都道府県情報が欠落している可能性があります。入力されたデータ形式は、自動チェック機構が推奨する形式ではありません。  ,
1920,住山町118-1,,住山町,,118-1,,,ERROR: address2のデータは、address1のデータから推測されるデータに一致しません。（自動チェック機構が参照するデータセットに合致しないか、表記が異なります。  ,ERROR: prefectureの列の情報がありません。元データに都道府県情報が欠落している可能性があります。入力されたデータ形式は、自動チェック機構が推奨する形式ではありません。  ,
1921,住山町127-1,,住山町,,127-1,,,ERROR: address2のデータは、address1のデータから推測されるデータに一致しません。（自動チェック機構が参照するデータセットに合致しないか、表記が異なります。  ,ERROR: prefectureの列の情報がありません。元データに都道府県情報が欠落している可能性があります。入力されたデータ形式は、自動チェック機構が推奨する形式ではありません。  ,
1922,住山町127-1,,住山町,,127-1,,,ERROR: address2のデータは、address1のデータから推測されるデータに一致しません。（自動チェック機構が参照するデータセットに合致しないか、表記が異なります。  ,ERROR: prefectureの列の情報がありません。元データに都道府県情報が欠落している可能性があります。入力されたデータ形式は、自動チェック機構が推奨する形式ではありません。  ,
1923,住山町159,,住山町,,159,,,ERROR: address2のデータは、address1のデータから推測されるデータに一致しません。（自動チェック機構が参照するデータセットに合致しないか、表記が異なります。  ,ERROR: prefectureの列の情報がありません。元データに都道府県情報が欠落している可能性があります。入力されたデータ形式は、自動チェック機構が推奨する形式ではありません。  ,
1924,住山町176,,住山町,,176,,,ERROR: address2のデータは、address1のデータから推測されるデータに一致しません。（自動チェック機構が参照するデータセットに合致しないか、表記が異なります。  ,ERROR: prefectureの列の情報がありません。元データに都道府県情報が欠落している可能性があります。入力されたデータ形式は、自動チェック機構が推奨する形式ではありません。  ,
1925,住山町176,,住山町,,176,,,ERROR: address2のデータは、address1のデータから推測されるデータに一致しません。（自動チェック機構が参照するデータセットに合致しないか、表記が異なります。  ,ERROR: prefectureの列の情報がありません。元データに都道府県情報が欠落している可能性があります。入力されたデータ形式は、自動チェック機構が推奨する形式ではありません。  ,
1926,住山町305,,住山町,,305,,,ERROR: address2のデータは、address1のデータから推測されるデータに一致しません。（自動チェック機構が参照するデータセットに合致しないか、表記が異なります。  ,ERROR: prefectureの列の情報がありません。元データに都道府県情報が欠落している可能性があります。入力されたデータ形式は、自動チェック機構が推奨する形式ではありません。  ,
1927,住山町305,,住山町,,305,,,ERROR: address2のデータは、address1のデータから推測されるデータに一致しません。（自動チェック機構が参照するデータセットに合致しないか、表記が異なります。  ,ERROR: prefectureの列の情報がありません。元データに都道府県情報が欠落している可能性があります。入力されたデータ形式は、自動チェック機構が推奨する形式ではありません。  ,
1928,住山町310-1,,住山町,,310-1,,,ERROR: address2のデータは、address1のデータから推測されるデータに一致しません。（自動チェック機構が参照するデータセットに合致しないか、表記が異なります。  ,ERROR: prefectureの列の情報がありません。元データに都道府県情報が欠落している可能性があります。入力されたデータ形式は、自動チェック機構が推奨する形式ではありません。  ,
1929,住山町328,,住山町,,328,,,ERROR: address2のデータは、address1のデータから推測されるデータに一致しません。（自動チェック機構が参照するデータセットに合致しないか、表記が異なります。  ,ERROR: prefectureの列の情報がありません。元データに都道府県情報が欠落している可能性があります。入力されたデータ形式は、自動チェック機構が推奨する形式ではありません。  ,
1930,住山町345-3,,住山町,,345-3,,,ERROR: address2のデータは、address1のデータから推測されるデータに一致しません。（自動チェック機構が参照するデータセットに合致しないか、表記が異なります。  ,ERROR: prefectureの列の情報がありません。元データに都道府県情報が欠落している可能性があります。入力されたデータ形式は、自動チェック機構が推奨する形式ではありません。  ,
1931,住山町345-3,,住山町,,345-3,,,ERROR: address2のデータは、address1のデータから推測されるデータに一致しません。（自動チェック機構が参照するデータセットに合致しないか、表記が異なります。  ,ERROR: prefectureの列の情報がありません。元データに都道府県情報が欠落している可能性があります。入力されたデータ形式は、自動チェック機構が推奨する形式ではありません。  ,
1932,住山町370,,住山町,,370,,,ERROR: address2のデータは、address1のデータから推測されるデータに一致しません。（自動チェック機構が参照するデータセットに合致しないか、表記が異なります。  ,ERROR: prefectureの列の情報がありません。元データに都道府県情報が欠落している可能性があります。入力されたデータ形式は、自動チェック機構が推奨する形式ではありません。  ,
1933,住山町409,,住山町,,409,,,ERROR: address2のデータは、address1のデータから推測されるデータに一致しません。（自動チェック機構が参照するデータセットに合致しないか、表記が異なります。  ,ERROR: prefectureの列の情報がありません。元データに都道府県情報が欠落している可能性があります。入力されたデータ形式は、自動チェック機構が推奨する形式ではありません。  ,
1934,住山町64,,住山町,,64,,,ERROR: address2のデータは、address1のデータから推測されるデータに一致しません。（自動チェック機構が参照するデータセットに合致しないか、表記が異なります。  ,ERROR: prefectureの列の情報がありません。元データに都道府県情報が欠落している可能性があります。入力されたデータ形式は、自動チェック機構が推奨する形式ではありません。  ,
1935,住山町64 Ａ-33,,住山町,,,64-A,33,ERROR: address2のデータは、address1のデータから推測されるデータに一致しません。（自動チェック機構が参照するデータセットに合致しないか、表記が異なります。  ,ERROR: prefectureの列の情報がありません。元データに都道府県情報が欠落している可能性があります。入力されたデータ形式は、自動チェック機構が推奨する形式ではありません。  ERROR: address5の建物情報の箇所に番地と思しき情報が存在しますERROR: address3の列の情報がありません。  ,CAUTION: address4の情報は本来あるべきではない場所にある可能性があります。  CAUTION: address4にはaddress5にあるべきデータが存在するやもしれません。  
1936,住山町171,,住山町,,171,,,ERROR: address2のデータは、address1のデータから推測されるデータに一致しません。（自動チェック機構が参照するデータセットに合致しないか、表記が異なります。  ,ERROR: prefectureの列の情報がありません。元データに都道府県情報が欠落している可能性があります。入力されたデータ形式は、自動チェック機構が推奨する形式ではありません。  ,
1937,亀田町20-1サニーヒル伊藤Ｂ101,,亀田町,,20-1,サニーヒル伊藤B,101,ERROR: address2のデータは、address1のデータから推測されるデータに一致しません。（自動チェック機構が参照するデータセットに合致しないか、表記が異なります。  ,ERROR: prefectureの列の情報がありません。元データに都道府県情報が欠落している可能性があります。入力されたデータ形式は、自動チェック機構が推奨する形式ではありません。  ERROR: address5の建物情報の箇所に番地と思しき情報が存在します,
1938,亀田町26-3,,亀田町,,26-3,,,ERROR: address2のデータは、address1のデータから推測されるデータに一致しません。（自動チェック機構が参照するデータセットに合致しないか、表記が異なります。  ,ERROR: prefectureの列の情報がありません。元データに都道府県情報が欠落している可能性があります。入力されたデータ形式は、自動チェック機構が推奨する形式ではありません。  ,
1939,亀田町379-45,,亀田町,,379-45,,,ERROR: address2のデータは、address1のデータから推測されるデータに一致しません。（自動チェック機構が参照するデータセットに合致しないか、表記が異なります。  ,ERROR: prefectureの列の情報がありません。元データに都道府県情報が欠落している可能性があります。入力されたデータ形式は、自動チェック機構が推奨する形式ではありません。  ,
1940,亀田町379-45,,亀田町,,379-45,,,ERROR: address2のデータは、address1のデータから推測されるデータに一致しません。（自動チェック機構が参照するデータセットに合致しないか、表記が異なります。  ,ERROR: prefectureの列の情報がありません。元データに都道府県情報が欠落している可能性があります。入力されたデータ形式は、自動チェック機構が推奨する形式ではありません。  ,
1941,亀田町379-50,,亀田町,,379-50,,,ERROR: address2のデータは、address1のデータから推測されるデータに一致しません。（自動チェック機構が参照するデータセットに合致しないか、表記が異なります。  ,ERROR: prefectureの列の情報がありません。元データに都道府県情報が欠落している可能性があります。入力されたデータ形式は、自動チェック機構が推奨する形式ではありません。  ,
1942,亀田町379-50,,亀田町,,379-50,,,ERROR: address2のデータは、address1のデータから推測されるデータに一致しません。（自動チェック機構が参照するデータセットに合致しないか、表記が異なります。  ,ERROR: prefectureの列の情報がありません。元データに都道府県情報が欠落している可能性があります。入力されたデータ形式は、自動チェック機構が推奨する形式ではありません。  ,
1943,亀田町379-55,,亀田町,,379-55,,,ERROR: address2のデータは、address1のデータから推測されるデータに一致しません。（自動チェック機構が参照するデータセットに合致しないか、表記が異なります。  ,ERROR: prefectureの列の情報がありません。元データに都道府県情報が欠落している可能性があります。入力されたデータ形式は、自動チェック機構が推奨する形式ではありません。  ,
1944,亀田町379-55,,亀田町,,379-55,,,ERROR: address2のデータは、address1のデータから推測されるデータに一致しません。（自動チェック機構が参照するデータセットに合致しないか、表記が異なります。  ,ERROR: prefectureの列の情報がありません。元データに都道府県情報が欠落している可能性があります。入力されたデータ形式は、自動チェック機構が推奨する形式ではありません。  ,
1945,亀田町379-55,,亀田町,,379-55,,,ERROR: address2のデータは、address1のデータから推測されるデータに一致しません。（自動チェック機構が参照するデータセットに合致しないか、表記が異なります。  ,ERROR: prefectureの列の情報がありません。元データに都道府県情報が欠落している可能性があります。入力されたデータ形式は、自動チェック機構が推奨する形式ではありません。  ,
1946,亀田町400-10,,亀田町,,400-10,,,ERROR: address2のデータは、address1のデータから推測されるデータに一致しません。（自動チェック機構が参照するデータセットに合致しないか、表記が異なります。  ,ERROR: prefectureの列の情報がありません。元データに都道府県情報が欠落している可能性があります。入力されたデータ形式は、自動チェック機構が推奨する形式ではありません。  ,
1947,亀田町408-5アメニティ亀山Ｃ棟201号室,,亀田町,,408-5,アメニティ亀山C棟,201号室,ERROR: address2のデータは、address1のデータから推測されるデータに一致しません。（自動チェック機構が参照するデータセットに合致しないか、表記が異なります。  ,ERROR: prefectureの列の情報がありません。元データに都道府県情報が欠落している可能性があります。入力されたデータ形式は、自動チェック機構が推奨する形式ではありません。  ERROR: address5の建物情報の箇所に番地と思しき情報が存在します,
1948,亀田町408-5アメニティ亀山Ｃ棟201号室,,亀田町,,408-5,アメニティ亀山C棟,201号室,ERROR: address2のデータは、address1のデータから推測されるデータに一致しません。（自動チェック機構が参照するデータセットに合致しないか、表記が異なります。  ,ERROR: prefectureの列の情報がありません。元データに都道府県情報が欠落している可能性があります。入力されたデータ形式は、自動チェック機構が推奨する形式ではありません。  ERROR: address5の建物情報の箇所に番地と思しき情報が存在します,
1949,亀田町410-11,,亀田町,,410-11,,,ERROR: address2のデータは、address1のデータから推測されるデータに一致しません。（自動チェック機構が参照するデータセットに合致しないか、表記が異なります。  ,ERROR: prefectureの列の情報がありません。元データに都道府県情報が欠落している可能性があります。入力されたデータ形式は、自動チェック機構が推奨する形式ではありません。  ,
1950,亀田町410-11,,亀田町,,410-11,,,ERROR: address2のデータは、address1のデータから推測されるデータに一致しません。（自動チェック機構が参照するデータセットに合致しないか、表記が異なります。  ,ERROR: prefectureの列の情報がありません。元データに都道府県情報が欠落している可能性があります。入力されたデータ形式は、自動チェック機構が推奨する形式ではありません。  ,
1951,亀田町410-8,,亀田町,,410-8,,,ERROR: address2のデータは、address1のデータから推測されるデータに一致しません。（自動チェック機構が参照するデータセットに合致しないか、表記が異なります。  ,ERROR: prefectureの列の情報がありません。元データに都道府県情報が欠落している可能性があります。入力されたデータ形式は、自動チェック機構が推奨する形式ではありません。  ,
1952,亀田町410-8,,亀田町,,410-8,,,ERROR: address2のデータは、address1のデータから推測されるデータに一致しません。（自動チェック機構が参照するデータセットに合致しないか、表記が異なります。  ,ERROR: prefectureの列の情報がありません。元データに都道府県情報が欠落している可能性があります。入力されたデータ形式は、自動チェック機構が推奨する形式ではありません。  ,
1953,亀田町43,,亀田町,,43,,,ERROR: address2のデータは、address1のデータから推測されるデータに一致しません。（自動チェック機構が参照するデータセットに合致しないか、表記が異なります。  ,ERROR: prefectureの列の情報がありません。元データに都道府県情報が欠落している可能性があります。入力されたデータ形式は、自動チェック機構が推奨する形式ではありません。  ,
1954,亀田町43,,亀田町,,43,,,ERROR: address2のデータは、address1のデータから推測されるデータに一致しません。（自動チェック機構が参照するデータセットに合致しないか、表記が異なります。  ,ERROR: prefectureの列の情報がありません。元データに都道府県情報が欠落している可能性があります。入力されたデータ形式は、自動チェック機構が推奨する形式ではありません。  ,
1955,亀田町43,,亀田町,,43,,,ERROR: address2のデータは、address1のデータから推測されるデータに一致しません。（自動チェック機構が参照するデータセットに合致しないか、表記が異なります。  ,ERROR: prefectureの列の情報がありません。元データに都道府県情報が欠落している可能性があります。入力されたデータ形式は、自動チェック機構が推奨する形式ではありません。  ,
1956,亀田町443-11,,亀田町,,443-11,,,ERROR: address2のデータは、address1のデータから推測されるデータに一致しません。（自動チェック機構が参照するデータセットに合致しないか、表記が異なります。  ,ERROR: prefectureの列の情報がありません。元データに都道府県情報が欠落している可能性があります。入力されたデータ形式は、自動チェック機構が推奨する形式ではありません。  ,
1957,亀田町451-11,,亀田町,,451-11,,,ERROR: address2のデータは、address1のデータから推測されるデータに一致しません。（自動チェック機構が参照するデータセットに合致しないか、表記が異なります。  ,ERROR: prefectureの列の情報がありません。元データに都道府県情報が欠落している可能性があります。入力されたデータ形式は、自動チェック機構が推奨する形式ではありません。  ,
1958,亀田町459-6,,亀田町,,459-6,,,ERROR: address2のデータは、address1のデータから推測されるデータに一致しません。（自動チェック機構が参照するデータセットに合致しないか、表記が異なります。  ,ERROR: prefectureの列の情報がありません。元データに都道府県情報が欠落している可能性があります。入力されたデータ形式は、自動チェック機構が推奨する形式ではありません。  ,
1959,亀田町459-6,,亀田町,,459-6,,,ERROR: address2のデータは、address1のデータから推測されるデータに一致しません。（自動チェック機構が参照するデータセットに合致しないか、表記が異なります。  ,ERROR: prefectureの列の情報がありません。元データに都道府県情報が欠落している可能性があります。入力されたデータ形式は、自動チェック機構が推奨する形式ではありません。  ,
1960,亀田町467-18,,亀田町,,467-18,,,ERROR: address2のデータは、address1のデータから推測されるデータに一致しません。（自動チェック機構が参照するデータセットに合致しないか、表記が異なります。  ,ERROR: prefectureの列の情報がありません。元データに都道府県情報が欠落している可能性があります。入力されたデータ形式は、自動チェック機構が推奨する形式ではありません。  ,
1961,亀田町467-18,,亀田町,,467-18,,,ERROR: address2のデータは、address1のデータから推測されるデータに一致しません。（自動チェック機構が参照するデータセットに合致しないか、表記が異なります。  ,ERROR: prefectureの列の情報がありません。元データに都道府県情報が欠落している可能性があります。入力されたデータ形式は、自動チェック機構が推奨する形式ではありません。  ,
1962,亀田町400-39,,亀田町,,400-39,,,ERROR: address2のデータは、address1のデータから推測されるデータに一致しません。（自動チェック機構が参照するデータセットに合致しないか、表記が異なります。  ,ERROR: prefectureの列の情報がありません。元データに都道府県情報が欠落している可能性があります。入力されたデータ形式は、自動チェック機構が推奨する形式ではありません。  ,
1963,羽若町194-1,,羽若町,,194-1,,,ERROR: address2のデータは、address1のデータから推測されるデータに一致しません。（自動チェック機構が参照するデータセットに合致しないか、表記が異なります。  ,ERROR: prefectureの列の情報がありません。元データに都道府県情報が欠落している可能性があります。入力されたデータ形式は、自動チェック機構が推奨する形式ではありません。  ,
1964,羽若町274,,羽若町,,274,,,ERROR: address2のデータは、address1のデータから推測されるデータに一致しません。（自動チェック機構が参照するデータセットに合致しないか、表記が異なります。  ,ERROR: prefectureの列の情報がありません。元データに都道府県情報が欠落している可能性があります。入力されたデータ形式は、自動チェック機構が推奨する形式ではありません。  ,
1965,羽若町274,,羽若町,,274,,,ERROR: address2のデータは、address1のデータから推測されるデータに一致しません。（自動チェック機構が参照するデータセットに合致しないか、表記が異なります。  ,ERROR: prefectureの列の情報がありません。元データに都道府県情報が欠落している可能性があります。入力されたデータ形式は、自動チェック機構が推奨する形式ではありません。  ,
1966,羽若町347,,羽若町,,347,,,ERROR: address2のデータは、address1のデータから推測されるデータに一致しません。（自動チェック機構が参照するデータセットに合致しないか、表記が異なります。  ,ERROR: prefectureの列の情報がありません。元データに都道府県情報が欠落している可能性があります。入力されたデータ形式は、自動チェック機構が推奨する形式ではありません。  ,
1967,羽若町353,,羽若町,,353,,,ERROR: address2のデータは、address1のデータから推測されるデータに一致しません。（自動チェック機構が参照するデータセットに合致しないか、表記が異なります。  ,ERROR: prefectureの列の情報がありません。元データに都道府県情報が欠落している可能性があります。入力されたデータ形式は、自動チェック機構が推奨する形式ではありません。  ,
1968,羽若町353,,羽若町,,353,,,ERROR: address2のデータは、address1のデータから推測されるデータに一致しません。（自動チェック機構が参照するデータセットに合致しないか、表記が異なります。  ,ERROR: prefectureの列の情報がありません。元データに都道府県情報が欠落している可能性があります。入力されたデータ形式は、自動チェック機構が推奨する形式ではありません。  ,
1969,羽若町364-1,,羽若町,,364-1,,,ERROR: address2のデータは、address1のデータから推測されるデータに一致しません。（自動チェック機構が参照するデータセットに合致しないか、表記が異なります。  ,ERROR: prefectureの列の情報がありません。元データに都道府県情報が欠落している可能性があります。入力されたデータ形式は、自動チェック機構が推奨する形式ではありません。  ,
1970,羽若町364-1,,羽若町,,364-1,,,ERROR: address2のデータは、address1のデータから推測されるデータに一致しません。（自動チェック機構が参照するデータセットに合致しないか、表記が異なります。  ,ERROR: prefectureの列の情報がありません。元データに都道府県情報が欠落している可能性があります。入力されたデータ形式は、自動チェック機構が推奨する形式ではありません。  ,
1971,羽若町364-1,,羽若町,,364-1,,,ERROR: address2のデータは、address1のデータから推測されるデータに一致しません。（自動チェック機構が参照するデータセットに合致しないか、表記が異なります。  ,ERROR: prefectureの列の情報がありません。元データに都道府県情報が欠落している可能性があります。入力されたデータ形式は、自動チェック機構が推奨する形式ではありません。  ,
1972,羽若町409-1,,羽若町,,409-1,,,ERROR: address2のデータは、address1のデータから推測されるデータに一致しません。（自動チェック機構が参照するデータセットに合致しないか、表記が異なります。  ,ERROR: prefectureの列の情報がありません。元データに都道府県情報が欠落している可能性があります。入力されたデータ形式は、自動チェック機構が推奨する形式ではありません。  ,
1973,羽若町409-1,,羽若町,,409-1,,,ERROR: address2のデータは、address1のデータから推測されるデータに一致しません。（自動チェック機構が参照するデータセットに合致しないか、表記が異なります。  ,ERROR: prefectureの列の情報がありません。元データに都道府県情報が欠落している可能性があります。入力されたデータ形式は、自動チェック機構が推奨する形式ではありません。  ,
1974,羽若町409-1,,羽若町,,409-1,,,ERROR: address2のデータは、address1のデータから推測されるデータに一致しません。（自動チェック機構が参照するデータセットに合致しないか、表記が異なります。  ,ERROR: prefectureの列の情報がありません。元データに都道府県情報が欠落している可能性があります。入力されたデータ形式は、自動チェック機構が推奨する形式ではありません。  ,
1975,羽若町444,,羽若町,,444,,,ERROR: address2のデータは、address1のデータから推測されるデータに一致しません。（自動チェック機構が参照するデータセットに合致しないか、表記が異なります。  ,ERROR: prefectureの列の情報がありません。元データに都道府県情報が欠落している可能性があります。入力されたデータ形式は、自動チェック機構が推奨する形式ではありません。  ,
1976,羽若町455,,羽若町,,455,,,ERROR: address2のデータは、address1のデータから推測されるデータに一致しません。（自動チェック機構が参照するデータセットに合致しないか、表記が異なります。  ,ERROR: prefectureの列の情報がありません。元データに都道府県情報が欠落している可能性があります。入力されたデータ形式は、自動チェック機構が推奨する形式ではありません。  ,
1977,羽若町455,,羽若町,,455,,,ERROR: address2のデータは、address1のデータから推測されるデータに一致しません。（自動チェック機構が参照するデータセットに合致しないか、表記が異なります。  ,ERROR: prefectureの列の情報がありません。元データに都道府県情報が欠落している可能性があります。入力されたデータ形式は、自動チェック機構が推奨する形式ではありません。  ,
1978,羽若町584-1,,羽若町,,584-1,,,ERROR: address2のデータは、address1のデータから推測されるデータに一致しません。（自動チェック機構が参照するデータセットに合致しないか、表記が異なります。  ,ERROR: prefectureの列の情報がありません。元データに都道府県情報が欠落している可能性があります。入力されたデータ形式は、自動チェック機構が推奨する形式ではありません。  ,
1979,羽若町738-29,,羽若町,,738-29,,,ERROR: address2のデータは、address1のデータから推測されるデータに一致しません。（自動チェック機構が参照するデータセットに合致しないか、表記が異なります。  ,ERROR: prefectureの列の情報がありません。元データに都道府県情報が欠落している可能性があります。入力されたデータ形式は、自動チェック機構が推奨する形式ではありません。  ,
1980,羽若町738-29,,羽若町,,738-29,,,ERROR: address2のデータは、address1のデータから推測されるデータに一致しません。（自動チェック機構が参照するデータセットに合致しないか、表記が異なります。  ,ERROR: prefectureの列の情報がありません。元データに都道府県情報が欠落している可能性があります。入力されたデータ形式は、自動チェック機構が推奨する形式ではありません。  ,
1981,羽若町738-29,,羽若町,,738-29,,,ERROR: address2のデータは、address1のデータから推測されるデータに一致しません。（自動チェック機構が参照するデータセットに合致しないか、表記が異なります。  ,ERROR: prefectureの列の情報がありません。元データに都道府県情報が欠落している可能性があります。入力されたデータ形式は、自動チェック機構が推奨する形式ではありません。  ,
1982,羽若町西野824-16,,羽若町,西野,824-16,,,ERROR: address2のデータは、address1のデータから推測されるデータに一致しません。（自動チェック機構が参照するデータセットに合致しないか、表記が異なります。  ,ERROR: prefectureの列の情報がありません。元データに都道府県情報が欠落している可能性があります。入力されたデータ形式は、自動チェック機構が推奨する形式ではありません。  ,
1983,羽若町143-4,,羽若町,,143-4,,,ERROR: address2のデータは、address1のデータから推測されるデータに一致しません。（自動チェック機構が参照するデータセットに合致しないか、表記が異なります。  ,ERROR: prefectureの列の情報がありません。元データに都道府県情報が欠落している可能性があります。入力されたデータ形式は、自動チェック機構が推奨する形式ではありません。  ,
1984,羽若町193,,羽若町,,193,,,ERROR: address2のデータは、address1のデータから推測されるデータに一致しません。（自動チェック機構が参照するデータセットに合致しないか、表記が異なります。  ,ERROR: prefectureの列の情報がありません。元データに都道府県情報が欠落している可能性があります。入力されたデータ形式は、自動チェック機構が推奨する形式ではありません。  ,
1985,羽若町213-2,,羽若町,,213-2,,,ERROR: address2のデータは、address1のデータから推測されるデータに一致しません。（自動チェック機構が参照するデータセットに合致しないか、表記が異なります。  ,ERROR: prefectureの列の情報がありません。元データに都道府県情報が欠落している可能性があります。入力されたデータ形式は、自動チェック機構が推奨する形式ではありません。  ,
1986,羽若町271-4,,羽若町,,271-4,,,ERROR: address2のデータは、address1のデータから推測されるデータに一致しません。（自動チェック機構が参照するデータセットに合致しないか、表記が異なります。  ,ERROR: prefectureの列の情報がありません。元データに都道府県情報が欠落している可能性があります。入力されたデータ形式は、自動チェック機構が推奨する形式ではありません。  ,
1987,羽若町451-1,,羽若町,,451-1,,,ERROR: address2のデータは、address1のデータから推測されるデータに一致しません。（自動チェック機構が参照するデータセットに合致しないか、表記が異なります。  ,ERROR: prefectureの列の情報がありません。元データに都道府県情報が欠落している可能性があります。入力されたデータ形式は、自動チェック機構が推奨する形式ではありません。  ,
1988,羽若町452-4,,羽若町,,452-4,,,ERROR: address2のデータは、address1のデータから推測されるデータに一致しません。（自動チェック機構が参照するデータセットに合致しないか、表記が異なります。  ,ERROR: prefectureの列の情報がありません。元データに都道府県情報が欠落している可能性があります。入力されたデータ形式は、自動チェック機構が推奨する形式ではありません。  ,
1989,羽若町452-4,,羽若町,,452-4,,,ERROR: address2のデータは、address1のデータから推測されるデータに一致しません。（自動チェック機構が参照するデータセットに合致しないか、表記が異なります。  ,ERROR: prefectureの列の情報がありません。元データに都道府県情報が欠落している可能性があります。入力されたデータ形式は、自動チェック機構が推奨する形式ではありません。  ,
1990,羽若町452-4,,羽若町,,452-4,,,ERROR: address2のデータは、address1のデータから推測されるデータに一致しません。（自動チェック機構が参照するデータセットに合致しないか、表記が異なります。  ,ERROR: prefectureの列の情報がありません。元データに都道府県情報が欠落している可能性があります。入力されたデータ形式は、自動チェック機構が推奨する形式ではありません。  ,
1991,羽若町452-4,,羽若町,,452-4,,,ERROR: address2のデータは、address1のデータから推測されるデータに一致しません。（自動チェック機構が参照するデータセットに合致しないか、表記が異なります。  ,ERROR: prefectureの列の情報がありません。元データに都道府県情報が欠落している可能性があります。入力されたデータ形式は、自動チェック機構が推奨する形式ではありません。  ,
1992,羽若町452-5,,羽若町,,452-5,,,ERROR: address2のデータは、address1のデータから推測されるデータに一致しません。（自動チェック機構が参照するデータセットに合致しないか、表記が異なります。  ,ERROR: prefectureの列の情報がありません。元データに都道府県情報が欠落している可能性があります。入力されたデータ形式は、自動チェック機構が推奨する形式ではありません。  ,
1993,羽若町452-5,,羽若町,,452-5,,,ERROR: address2のデータは、address1のデータから推測されるデータに一致しません。（自動チェック機構が参照するデータセットに合致しないか、表記が異なります。  ,ERROR: prefectureの列の情報がありません。元データに都道府県情報が欠落している可能性があります。入力されたデータ形式は、自動チェック機構が推奨する形式ではありません。  ,
1994,羽若町452-5,,羽若町,,452-5,,,ERROR: address2のデータは、address1のデータから推測されるデータに一致しません。（自動チェック機構が参照するデータセットに合致しないか、表記が異なります。  ,ERROR: prefectureの列の情報がありません。元データに都道府県情報が欠落している可能性があります。入力されたデータ形式は、自動チェック機構が推奨する形式ではありません。  ,
1995,羽若町493-1 市営Ｊ-21,,羽若町,営J,493-1,市,21,ERROR: address2のデータは、address1のデータから推測されるデータに一致しません。（自動チェック機構が参照するデータセットに合致しないか、表記が異なります。  ,ERROR: prefectureの列の情報がありません。元データに都道府県情報が欠落している可能性があります。入力されたデータ形式は、自動チェック機構が推奨する形式ではありません。  ,CAUTION: 自動整形システムが推測によって分割している箇所があります。この行の分割が正しいか確認することを強く推奨します。 
1996,羽若町548-14,,羽若町,,548-14,,,ERROR: address2のデータは、address1のデータから推測されるデータに一致しません。（自動チェック機構が参照するデータセットに合致しないか、表記が異なります。  ,ERROR: prefectureの列の情報がありません。元データに都道府県情報が欠落している可能性があります。入力されたデータ形式は、自動チェック機構が推奨する形式ではありません。  ,
1997,羽若町555-13,,羽若町,,555-13,,,ERROR: address2のデータは、address1のデータから推測されるデータに一致しません。（自動チェック機構が参照するデータセットに合致しないか、表記が異なります。  ,ERROR: prefectureの列の情報がありません。元データに都道府県情報が欠落している可能性があります。入力されたデータ形式は、自動チェック機構が推奨する形式ではありません。  ,
1998,羽若町555-13,,羽若町,,555-13,,,ERROR: address2のデータは、address1のデータから推測されるデータに一致しません。（自動チェック機構が参照するデータセットに合致しないか、表記が異なります。  ,ERROR: prefectureの列の情報がありません。元データに都道府県情報が欠落している可能性があります。入力されたデータ形式は、自動チェック機構が推奨する形式ではありません。  ,
1999,羽若町744,,羽若町,,744,,,ERROR: address2のデータは、address1のデータから推測されるデータに一致しません。（自動チェック機構が参照するデータセットに合致しないか、表記が異なります。  ,ERROR: prefectureの列の情報がありません。元データに都道府県情報が欠落している可能性があります。入力されたデータ形式は、自動チェック機構が推奨する形式ではありません。  ,
2000,羽若町744,,羽若町,,744,,,ERROR: address2のデータは、address1のデータから推測されるデータに一致しません。（自動チェック機構が参照するデータセットに合致しないか、表記が異なります。  ,ERROR: prefectureの列の情報がありません。元データに都道府県情報が欠落している可能性があります。入力されたデータ形式は、自動チェック機構が推奨する形式ではありません。  ,
2001,羽若町805-13 サンビレッジ亀山Ａ棟102号室,,羽若町,,805-13,サンビレッジ亀山A棟,102号室,ERROR: address2のデータは、address1のデータから推測されるデータに一致しません。（自動チェック機構が参照するデータセットに合致しないか、表記が異なります。  ,ERROR: prefectureの列の情報がありません。元データに都道府県情報が欠落している可能性があります。入力されたデータ形式は、自動チェック機構が推奨する形式ではありません。  ERROR: address5の建物情報の箇所に番地と思しき情報が存在します,
2002,羽若町805-15 セジュール亀山Ｅ205,,羽若町,,805-15,セジュール亀山E,205,ERROR: address2のデータは、address1のデータから推測されるデータに一致しません。（自動チェック機構が参照するデータセットに合致しないか、表記が異なります。  ,ERROR: prefectureの列の情報がありません。元データに都道府県情報が欠落している可能性があります。入力されたデータ形式は、自動チェック機構が推奨する形式ではありません。  ERROR: address5の建物情報の箇所に番地と思しき情報が存在します,
2003,羽若町805-15 セジュール亀山Ｅ205,,羽若町,,805-15,セジュール亀山E,205,ERROR: address2のデータは、address1のデータから推測されるデータに一致しません。（自動チェック機構が参照するデータセットに合致しないか、表記が異なります。  ,ERROR: prefectureの列の情報がありません。元データに都道府県情報が欠落している可能性があります。入力されたデータ形式は、自動チェック機構が推奨する形式ではありません。  ERROR: address5の建物情報の箇所に番地と思しき情報が存在します,
2004,羽若町834-22,,羽若町,,834-22,,,ERROR: address2のデータは、address1のデータから推測されるデータに一致しません。（自動チェック機構が参照するデータセットに合致しないか、表記が異なります。  ,ERROR: prefectureの列の情報がありません。元データに都道府県情報が欠落している可能性があります。入力されたデータ形式は、自動チェック機構が推奨する形式ではありません。  ,
2005,羽若町834-22,,羽若町,,834-22,,,ERROR: address2のデータは、address1のデータから推測されるデータに一致しません。（自動チェック機構が参照するデータセットに合致しないか、表記が異なります。  ,ERROR: prefectureの列の情報がありません。元データに都道府県情報が欠落している可能性があります。入力されたデータ形式は、自動チェック機構が推奨する形式ではありません。  ,
2006,羽若町834-22,,羽若町,,834-22,,,ERROR: address2のデータは、address1のデータから推測されるデータに一致しません。（自動チェック機構が参照するデータセットに合致しないか、表記が異なります。  ,ERROR: prefectureの列の情報がありません。元データに都道府県情報が欠落している可能性があります。入力されたデータ形式は、自動チェック機構が推奨する形式ではありません。  ,
2007,羽若町834-3,,羽若町,,834-3,,,ERROR: address2のデータは、address1のデータから推測されるデータに一致しません。（自動チェック機構が参照するデータセットに合致しないか、表記が異なります。  ,ERROR: prefectureの列の情報がありません。元データに都道府県情報が欠落している可能性があります。入力されたデータ形式は、自動チェック機構が推奨する形式ではありません。  ,
2008,羽若町834-3,,羽若町,,834-3,,,ERROR: address2のデータは、address1のデータから推測されるデータに一致しません。（自動チェック機構が参照するデータセットに合致しないか、表記が異なります。  ,ERROR: prefectureの列の情報がありません。元データに都道府県情報が欠落している可能性があります。入力されたデータ形式は、自動チェック機構が推奨する形式ではありません。  ,
2009,羽若町836-7,,羽若町,,836-7,,,ERROR: address2のデータは、address1のデータから推測されるデータに一致しません。（自動チェック機構が参照するデータセットに合致しないか、表記が異なります。  ,ERROR: prefectureの列の情報がありません。元データに都道府県情報が欠落している可能性があります。入力されたデータ形式は、自動チェック機構が推奨する形式ではありません。  ,
2010,羽若町836-7,,羽若町,,836-7,,,ERROR: address2のデータは、address1のデータから推測されるデータに一致しません。（自動チェック機構が参照するデータセットに合致しないか、表記が異なります。  ,ERROR: prefectureの列の情報がありません。元データに都道府県情報が欠落している可能性があります。入力されたデータ形式は、自動チェック機構が推奨する形式ではありません。  ,
2011,羽若町849-7,,羽若町,,849-7,,,ERROR: address2のデータは、address1のデータから推測されるデータに一致しません。（自動チェック機構が参照するデータセットに合致しないか、表記が異なります。  ,ERROR: prefectureの列の情報がありません。元データに都道府県情報が欠落している可能性があります。入力されたデータ形式は、自動チェック機構が推奨する形式ではありません。  ,
2012,羽若町849-7,,羽若町,,849-7,,,ERROR: address2のデータは、address1のデータから推測されるデータに一致しません。（自動チェック機構が参照するデータセットに合致しないか、表記が異なります。  ,ERROR: prefectureの列の情報がありません。元データに都道府県情報が欠落している可能性があります。入力されたデータ形式は、自動チェック機構が推奨する形式ではありません。  ,
2013,羽若町95-9,,羽若町,,95-9,,,ERROR: address2のデータは、address1のデータから推測されるデータに一致しません。（自動チェック機構が参照するデータセットに合致しないか、表記が異なります。  ,ERROR: prefectureの列の情報がありません。元データに都道府県情報が欠落している可能性があります。入力されたデータ形式は、自動チェック機構が推奨する形式ではありません。  ,
2014,羽若町西野835,,羽若町,西野,835,,,ERROR: address2のデータは、address1のデータから推測されるデータに一致しません。（自動チェック機構が参照するデータセットに合致しないか、表記が異なります。  ,ERROR: prefectureの列の情報がありません。元データに都道府県情報が欠落している可能性があります。入力されたデータ形式は、自動チェック機構が推奨する形式ではありません。  ,
2015,羽若町西野835,,羽若町,西野,835,,,ERROR: address2のデータは、address1のデータから推測されるデータに一致しません。（自動チェック機構が参照するデータセットに合致しないか、表記が異なります。  ,ERROR: prefectureの列の情報がありません。元データに都道府県情報が欠落している可能性があります。入力されたデータ形式は、自動チェック機構が推奨する形式ではありません。  ,
2016,野村1-1-11,,野村,,1-1-11,,,ERROR: address2のデータは、address1のデータから推測されるデータに一致しません。（自動チェック機構が参照するデータセットに合致しないか、表記が異なります。  ,ERROR: prefectureの列の情報がありません。元データに都道府県情報が欠落している可能性があります。入力されたデータ形式は、自動チェック機構が推奨する形式ではありません。  ,
2017,野村1-1-17,,野村,,1-1-17,,,ERROR: address2のデータは、address1のデータから推測されるデータに一致しません。（自動チェック機構が参照するデータセットに合致しないか、表記が異なります。  ,ERROR: prefectureの列の情報がありません。元データに都道府県情報が欠落している可能性があります。入力されたデータ形式は、自動チェック機構が推奨する形式ではありません。  ,
2018,野村1-1-17,,野村,,1-1-17,,,ERROR: address2のデータは、address1のデータから推測されるデータに一致しません。（自動チェック機構が参照するデータセットに合致しないか、表記が異なります。  ,ERROR: prefectureの列の情報がありません。元データに都道府県情報が欠落している可能性があります。入力されたデータ形式は、自動チェック機構が推奨する形式ではありません。  ,
2019,野村1-1-17,,野村,,1-1-17,,,ERROR: address2のデータは、address1のデータから推測されるデータに一致しません。（自動チェック機構が参照するデータセットに合致しないか、表記が異なります。  ,ERROR: prefectureの列の情報がありません。元データに都道府県情報が欠落している可能性があります。入力されたデータ形式は、自動チェック機構が推奨する形式ではありません。  ,
2020,野村1-1-17,,野村,,1-1-17,,,ERROR: address2のデータは、address1のデータから推測されるデータに一致しません。（自動チェック機構が参照するデータセットに合致しないか、表記が異なります。  ,ERROR: prefectureの列の情報がありません。元データに都道府県情報が欠落している可能性があります。入力されたデータ形式は、自動チェック機構が推奨する形式ではありません。  ,
2021,野村1-1-23,,野村,,1-1-23,,,ERROR: address2のデータは、address1のデータから推測されるデータに一致しません。（自動チェック機構が参照するデータセットに合致しないか、表記が異なります。  ,ERROR: prefectureの列の情報がありません。元データに都道府県情報が欠落している可能性があります。入力されたデータ形式は、自動チェック機構が推奨する形式ではありません。  ,
2022,野村1-13-13,,野村,,1-13-13,,,ERROR: address2のデータは、address1のデータから推測されるデータに一致しません。（自動チェック機構が参照するデータセットに合致しないか、表記が異なります。  ,ERROR: prefectureの列の情報がありません。元データに都道府県情報が欠落している可能性があります。入力されたデータ形式は、自動チェック機構が推奨する形式ではありません。  ,
2023,野村1-13-13,,野村,,1-13-13,,,ERROR: address2のデータは、address1のデータから推測されるデータに一致しません。（自動チェック機構が参照するデータセットに合致しないか、表記が異なります。  ,ERROR: prefectureの列の情報がありません。元データに都道府県情報が欠落している可能性があります。入力されたデータ形式は、自動チェック機構が推奨する形式ではありません。  ,
2024,野村1-15-4,,野村,,1-15-4,,,ERROR: address2のデータは、address1のデータから推測されるデータに一致しません。（自動チェック機構が参照するデータセットに合致しないか、表記が異なります。  ,ERROR: prefectureの列の情報がありません。元データに都道府県情報が欠落している可能性があります。入力されたデータ形式は、自動チェック機構が推奨する形式ではありません。  ,
2025,野村1-15-4,,野村,,1-15-4,,,ERROR: address2のデータは、address1のデータから推測されるデータに一致しません。（自動チェック機構が参照するデータセットに合致しないか、表記が異なります。  ,ERROR: prefectureの列の情報がありません。元データに都道府県情報が欠落している可能性があります。入力されたデータ形式は、自動チェック機構が推奨する形式ではありません。  ,
2026,野村1-15-5,,野村,,1-15-5,,,ERROR: address2のデータは、address1のデータから推測されるデータに一致しません。（自動チェック機構が参照するデータセットに合致しないか、表記が異なります。  ,ERROR: prefectureの列の情報がありません。元データに都道府県情報が欠落している可能性があります。入力されたデータ形式は、自動チェック機構が推奨する形式ではありません。  ,
2027,野村1-15-8,,野村,,1-15-8,,,ERROR: address2のデータは、address1のデータから推測されるデータに一致しません。（自動チェック機構が参照するデータセットに合致しないか、表記が異なります。  ,ERROR: prefectureの列の情報がありません。元データに都道府県情報が欠落している可能性があります。入力されたデータ形式は、自動チェック機構が推奨する形式ではありません。  ,
2028,野村1-15-8,,野村,,1-15-8,,,ERROR: address2のデータは、address1のデータから推測されるデータに一致しません。（自動チェック機構が参照するデータセットに合致しないか、表記が異なります。  ,ERROR: prefectureの列の情報がありません。元データに都道府県情報が欠落している可能性があります。入力されたデータ形式は、自動チェック機構が推奨する形式ではありません。  ,
2029,野村1-15-8,,野村,,1-15-8,,,ERROR: address2のデータは、address1のデータから推測されるデータに一致しません。（自動チェック機構が参照するデータセットに合致しないか、表記が異なります。  ,ERROR: prefectureの列の情報がありません。元データに都道府県情報が欠落している可能性があります。入力されたデータ形式は、自動チェック機構が推奨する形式ではありません。  ,
2030,野村1-21-3,,野村,,1-21-3,,,ERROR: address2のデータは、address1のデータから推測されるデータに一致しません。（自動チェック機構が参照するデータセットに合致しないか、表記が異なります。  ,ERROR: prefectureの列の情報がありません。元データに都道府県情報が欠落している可能性があります。入力されたデータ形式は、自動チェック機構が推奨する形式ではありません。  ,
2031,野村1-21-3,,野村,,1-21-3,,,ERROR: address2のデータは、address1のデータから推測されるデータに一致しません。（自動チェック機構が参照するデータセットに合致しないか、表記が異なります。  ,ERROR: prefectureの列の情報がありません。元データに都道府県情報が欠落している可能性があります。入力されたデータ形式は、自動チェック機構が推奨する形式ではありません。  ,
2032,野村1-22-11-16,,野村,,1-22-11-16,,,ERROR: address2のデータは、address1のデータから推測されるデータに一致しません。（自動チェック機構が参照するデータセットに合致しないか、表記が異なります。  ,ERROR: prefectureの列の情報がありません。元データに都道府県情報が欠落している可能性があります。入力されたデータ形式は、自動チェック機構が推奨する形式ではありません。  ,CAUTION: 番地の中に、部屋番号が含まれている可能性があります。 
2033,野村1-22-11-16,,野村,,1-22-11-16,,,ERROR: address2のデータは、address1のデータから推測されるデータに一致しません。（自動チェック機構が参照するデータセットに合致しないか、表記が異なります。  ,ERROR: prefectureの列の情報がありません。元データに都道府県情報が欠落している可能性があります。入力されたデータ形式は、自動チェック機構が推奨する形式ではありません。  ,CAUTION: 番地の中に、部屋番号が含まれている可能性があります。 
2034,野村1-22-11-23,,野村,,1-22-11-23,,,ERROR: address2のデータは、address1のデータから推測されるデータに一致しません。（自動チェック機構が参照するデータセットに合致しないか、表記が異なります。  ,ERROR: prefectureの列の情報がありません。元データに都道府県情報が欠落している可能性があります。入力されたデータ形式は、自動チェック機構が推奨する形式ではありません。  ,CAUTION: 番地の中に、部屋番号が含まれている可能性があります。 
2035,野村1-22-11-23,,野村,,1-22-11-23,,,ERROR: address2のデータは、address1のデータから推測されるデータに一致しません。（自動チェック機構が参照するデータセットに合致しないか、表記が異なります。  ,ERROR: prefectureの列の情報がありません。元データに都道府県情報が欠落している可能性があります。入力されたデータ形式は、自動チェック機構が推奨する形式ではありません。  ,CAUTION: 番地の中に、部屋番号が含まれている可能性があります。 
2036,野村1-22-11-23,,野村,,1-22-11-23,,,ERROR: address2のデータは、address1のデータから推測されるデータに一致しません。（自動チェック機構が参照するデータセットに合致しないか、表記が異なります。  ,ERROR: prefectureの列の情報がありません。元データに都道府県情報が欠落している可能性があります。入力されたデータ形式は、自動チェック機構が推奨する形式ではありません。  ,CAUTION: 番地の中に、部屋番号が含まれている可能性があります。 
2037,野村1-7-3,,野村,,1-7-3,,,ERROR: address2のデータは、address1のデータから推測されるデータに一致しません。（自動チェック機構が参照するデータセットに合致しないか、表記が異なります。  ,ERROR: prefectureの列の情報がありません。元データに都道府県情報が欠落している可能性があります。入力されたデータ形式は、自動チェック機構が推奨する形式ではありません。  ,
2038,野村1-7-3,,野村,,1-7-3,,,ERROR: address2のデータは、address1のデータから推測されるデータに一致しません。（自動チェック機構が参照するデータセットに合致しないか、表記が異なります。  ,ERROR: prefectureの列の情報がありません。元データに都道府県情報が欠落している可能性があります。入力されたデータ形式は、自動チェック機構が推奨する形式ではありません。  ,
2039,野村1-8-1,,野村,,1-8-1,,,ERROR: address2のデータは、address1のデータから推測されるデータに一致しません。（自動チェック機構が参照するデータセットに合致しないか、表記が異なります。  ,ERROR: prefectureの列の情報がありません。元データに都道府県情報が欠落している可能性があります。入力されたデータ形式は、自動チェック機構が推奨する形式ではありません。  ,
2040,野村1-8-1,,野村,,1-8-1,,,ERROR: address2のデータは、address1のデータから推測されるデータに一致しません。（自動チェック機構が参照するデータセットに合致しないか、表記が異なります。  ,ERROR: prefectureの列の情報がありません。元データに都道府県情報が欠落している可能性があります。入力されたデータ形式は、自動チェック機構が推奨する形式ではありません。  ,
2041,野村1-8-14,,野村,,1-8-14,,,ERROR: address2のデータは、address1のデータから推測されるデータに一致しません。（自動チェック機構が参照するデータセットに合致しないか、表記が異なります。  ,ERROR: prefectureの列の情報がありません。元データに都道府県情報が欠落している可能性があります。入力されたデータ形式は、自動チェック機構が推奨する形式ではありません。  ,
2042,野村1-8-8,,野村,,1-8-8,,,ERROR: address2のデータは、address1のデータから推測されるデータに一致しません。（自動チェック機構が参照するデータセットに合致しないか、表記が異なります。  ,ERROR: prefectureの列の情報がありません。元データに都道府県情報が欠落している可能性があります。入力されたデータ形式は、自動チェック機構が推奨する形式ではありません。  ,
2043,野村1-8-8,,野村,,1-8-8,,,ERROR: address2のデータは、address1のデータから推測されるデータに一致しません。（自動チェック機構が参照するデータセットに合致しないか、表記が異なります。  ,ERROR: prefectureの列の情報がありません。元データに都道府県情報が欠落している可能性があります。入力されたデータ形式は、自動チェック機構が推奨する形式ではありません。  ,
2044,野村1-8-8,,野村,,1-8-8,,,ERROR: address2のデータは、address1のデータから推測されるデータに一致しません。（自動チェック機構が参照するデータセットに合致しないか、表記が異なります。  ,ERROR: prefectureの列の情報がありません。元データに都道府県情報が欠落している可能性があります。入力されたデータ形式は、自動チェック機構が推奨する形式ではありません。  ,
2045,野村1-8-8,,野村,,1-8-8,,,ERROR: address2のデータは、address1のデータから推測されるデータに一致しません。（自動チェック機構が参照するデータセットに合致しないか、表記が異なります。  ,ERROR: prefectureの列の情報がありません。元データに都道府県情報が欠落している可能性があります。入力されたデータ形式は、自動チェック機構が推奨する形式ではありません。  ,
2046,野村3-17-20,,野村,,3-17-20,,,ERROR: address2のデータは、address1のデータから推測されるデータに一致しません。（自動チェック機構が参照するデータセットに合致しないか、表記が異なります。  ,ERROR: prefectureの列の情報がありません。元データに都道府県情報が欠落している可能性があります。入力されたデータ形式は、自動チェック機構が推奨する形式ではありません。  ,
2047,野村3-17-20,,野村,,3-17-20,,,ERROR: address2のデータは、address1のデータから推測されるデータに一致しません。（自動チェック機構が参照するデータセットに合致しないか、表記が異なります。  ,ERROR: prefectureの列の情報がありません。元データに都道府県情報が欠落している可能性があります。入力されたデータ形式は、自動チェック機構が推奨する形式ではありません。  ,
2048,野村3-17-20,,野村,,3-17-20,,,ERROR: address2のデータは、address1のデータから推測されるデータに一致しません。（自動チェック機構が参照するデータセットに合致しないか、表記が異なります。  ,ERROR: prefectureの列の情報がありません。元データに都道府県情報が欠落している可能性があります。入力されたデータ形式は、自動チェック機構が推奨する形式ではありません。  ,
2049,野村3-17-7,,野村,,3-17-7,,,ERROR: address2のデータは、address1のデータから推測されるデータに一致しません。（自動チェック機構が参照するデータセットに合致しないか、表記が異なります。  ,ERROR: prefectureの列の情報がありません。元データに都道府県情報が欠落している可能性があります。入力されたデータ形式は、自動チェック機構が推奨する形式ではありません。  ,
2050,野村3-17-7,,野村,,3-17-7,,,ERROR: address2のデータは、address1のデータから推測されるデータに一致しません。（自動チェック機構が参照するデータセットに合致しないか、表記が異なります。  ,ERROR: prefectureの列の情報がありません。元データに都道府県情報が欠落している可能性があります。入力されたデータ形式は、自動チェック機構が推奨する形式ではありません。  ,
2051,野村3-20-27,,野村,,3-20-27,,,ERROR: address2のデータは、address1のデータから推測されるデータに一致しません。（自動チェック機構が参照するデータセットに合致しないか、表記が異なります。  ,ERROR: prefectureの列の情報がありません。元データに都道府県情報が欠落している可能性があります。入力されたデータ形式は、自動チェック機構が推奨する形式ではありません。  ,
2052,野村3-20-27,,野村,,3-20-27,,,ERROR: address2のデータは、address1のデータから推測されるデータに一致しません。（自動チェック機構が参照するデータセットに合致しないか、表記が異なります。  ,ERROR: prefectureの列の情報がありません。元データに都道府県情報が欠落している可能性があります。入力されたデータ形式は、自動チェック機構が推奨する形式ではありません。  ,
2053,野村3-2-10,,野村,,3-2-10,,,ERROR: address2のデータは、address1のデータから推測されるデータに一致しません。（自動チェック機構が参照するデータセットに合致しないか、表記が異なります。  ,ERROR: prefectureの列の情報がありません。元データに都道府県情報が欠落している可能性があります。入力されたデータ形式は、自動チェック機構が推奨する形式ではありません。  ,
2054,野村3-2-10,,野村,,3-2-10,,,ERROR: address2のデータは、address1のデータから推測されるデータに一致しません。（自動チェック機構が参照するデータセットに合致しないか、表記が異なります。  ,ERROR: prefectureの列の情報がありません。元データに都道府県情報が欠落している可能性があります。入力されたデータ形式は、自動チェック機構が推奨する形式ではありません。  ,
2055,野村3-2-10,,野村,,3-2-10,,,ERROR: address2のデータは、address1のデータから推測されるデータに一致しません。（自動チェック機構が参照するデータセットに合致しないか、表記が異なります。  ,ERROR: prefectureの列の情報がありません。元データに都道府県情報が欠落している可能性があります。入力されたデータ形式は、自動チェック機構が推奨する形式ではありません。  ,
2056,野村3-21-12,,野村,,3-21-12,,,ERROR: address2のデータは、address1のデータから推測されるデータに一致しません。（自動チェック機構が参照するデータセットに合致しないか、表記が異なります。  ,ERROR: prefectureの列の情報がありません。元データに都道府県情報が欠落している可能性があります。入力されたデータ形式は、自動チェック機構が推奨する形式ではありません。  ,
2057,野村3-21-12,,野村,,3-21-12,,,ERROR: address2のデータは、address1のデータから推測されるデータに一致しません。（自動チェック機構が参照するデータセットに合致しないか、表記が異なります。  ,ERROR: prefectureの列の情報がありません。元データに都道府県情報が欠落している可能性があります。入力されたデータ形式は、自動チェック機構が推奨する形式ではありません。  ,
2058,野村3-26-24,,野村,,3-26-24,,,ERROR: address2のデータは、address1のデータから推測されるデータに一致しません。（自動チェック機構が参照するデータセットに合致しないか、表記が異なります。  ,ERROR: prefectureの列の情報がありません。元データに都道府県情報が欠落している可能性があります。入力されたデータ形式は、自動チェック機構が推奨する形式ではありません。  ,
2059,野村3-26-7,,野村,,3-26-7,,,ERROR: address2のデータは、address1のデータから推測されるデータに一致しません。（自動チェック機構が参照するデータセットに合致しないか、表記が異なります。  ,ERROR: prefectureの列の情報がありません。元データに都道府県情報が欠落している可能性があります。入力されたデータ形式は、自動チェック機構が推奨する形式ではありません。  ,
2060,野村3-26-7,,野村,,3-26-7,,,ERROR: address2のデータは、address1のデータから推測されるデータに一致しません。（自動チェック機構が参照するデータセットに合致しないか、表記が異なります。  ,ERROR: prefectureの列の情報がありません。元データに都道府県情報が欠落している可能性があります。入力されたデータ形式は、自動チェック機構が推奨する形式ではありません。  ,
2061,野村3-26-7,,野村,,3-26-7,,,ERROR: address2のデータは、address1のデータから推測されるデータに一致しません。（自動チェック機構が参照するデータセットに合致しないか、表記が異なります。  ,ERROR: prefectureの列の情報がありません。元データに都道府県情報が欠落している可能性があります。入力されたデータ形式は、自動チェック機構が推奨する形式ではありません。  ,
2062,野村3-28-22,,野村,,3-28-22,,,ERROR: address2のデータは、address1のデータから推測されるデータに一致しません。（自動チェック機構が参照するデータセットに合致しないか、表記が異なります。  ,ERROR: prefectureの列の情報がありません。元データに都道府県情報が欠落している可能性があります。入力されたデータ形式は、自動チェック機構が推奨する形式ではありません。  ,
2063,野村3-28-22,,野村,,3-28-22,,,ERROR: address2のデータは、address1のデータから推測されるデータに一致しません。（自動チェック機構が参照するデータセットに合致しないか、表記が異なります。  ,ERROR: prefectureの列の情報がありません。元データに都道府県情報が欠落している可能性があります。入力されたデータ形式は、自動チェック機構が推奨する形式ではありません。  ,
2064,野村3-28-22,,野村,,3-28-22,,,ERROR: address2のデータは、address1のデータから推測されるデータに一致しません。（自動チェック機構が参照するデータセットに合致しないか、表記が異なります。  ,ERROR: prefectureの列の情報がありません。元データに都道府県情報が欠落している可能性があります。入力されたデータ形式は、自動チェック機構が推奨する形式ではありません。  ,
2065,野村3-28-22,,野村,,3-28-22,,,ERROR: address2のデータは、address1のデータから推測されるデータに一致しません。（自動チェック機構が参照するデータセットに合致しないか、表記が異なります。  ,ERROR: prefectureの列の情報がありません。元データに都道府県情報が欠落している可能性があります。入力されたデータ形式は、自動チェック機構が推奨する形式ではありません。  ,
2066,野村3-29-2,,野村,,3-29-2,,,ERROR: address2のデータは、address1のデータから推測されるデータに一致しません。（自動チェック機構が参照するデータセットに合致しないか、表記が異なります。  ,ERROR: prefectureの列の情報がありません。元データに都道府県情報が欠落している可能性があります。入力されたデータ形式は、自動チェック機構が推奨する形式ではありません。  ,
2067,野村3-5-6,,野村,,3-5-6,,,ERROR: address2のデータは、address1のデータから推測されるデータに一致しません。（自動チェック機構が参照するデータセットに合致しないか、表記が異なります。  ,ERROR: prefectureの列の情報がありません。元データに都道府県情報が欠落している可能性があります。入力されたデータ形式は、自動チェック機構が推奨する形式ではありません。  ,
2068,野村3-5-6,,野村,,3-5-6,,,ERROR: address2のデータは、address1のデータから推測されるデータに一致しません。（自動チェック機構が参照するデータセットに合致しないか、表記が異なります。  ,ERROR: prefectureの列の情報がありません。元データに都道府県情報が欠落している可能性があります。入力されたデータ形式は、自動チェック機構が推奨する形式ではありません。  ,
2069,野村3-5-8,,野村,,3-5-8,,,ERROR: address2のデータは、address1のデータから推測されるデータに一致しません。（自動チェック機構が参照するデータセットに合致しないか、表記が異なります。  ,ERROR: prefectureの列の情報がありません。元データに都道府県情報が欠落している可能性があります。入力されたデータ形式は、自動チェック機構が推奨する形式ではありません。  ,
2070,野村3-5-8,,野村,,3-5-8,,,ERROR: address2のデータは、address1のデータから推測されるデータに一致しません。（自動チェック機構が参照するデータセットに合致しないか、表記が異なります。  ,ERROR: prefectureの列の情報がありません。元データに都道府県情報が欠落している可能性があります。入力されたデータ形式は、自動チェック機構が推奨する形式ではありません。  ,
2071,野村3-5-8,,野村,,3-5-8,,,ERROR: address2のデータは、address1のデータから推測されるデータに一致しません。（自動チェック機構が参照するデータセットに合致しないか、表記が異なります。  ,ERROR: prefectureの列の情報がありません。元データに都道府県情報が欠落している可能性があります。入力されたデータ形式は、自動チェック機構が推奨する形式ではありません。  ,
2072,野村3-5-8,,野村,,3-5-8,,,ERROR: address2のデータは、address1のデータから推測されるデータに一致しません。（自動チェック機構が参照するデータセットに合致しないか、表記が異なります。  ,ERROR: prefectureの列の情報がありません。元データに都道府県情報が欠落している可能性があります。入力されたデータ形式は、自動チェック機構が推奨する形式ではありません。  ,
2073,野村3-5-8,,野村,,3-5-8,,,ERROR: address2のデータは、address1のデータから推測されるデータに一致しません。（自動チェック機構が参照するデータセットに合致しないか、表記が異なります。  ,ERROR: prefectureの列の情報がありません。元データに都道府県情報が欠落している可能性があります。入力されたデータ形式は、自動チェック機構が推奨する形式ではありません。  ,
2074,野村3-6-30,,野村,,3-6-30,,,ERROR: address2のデータは、address1のデータから推測されるデータに一致しません。（自動チェック機構が参照するデータセットに合致しないか、表記が異なります。  ,ERROR: prefectureの列の情報がありません。元データに都道府県情報が欠落している可能性があります。入力されたデータ形式は、自動チェック機構が推奨する形式ではありません。  ,
2075,野村3-6-36,,野村,,3-6-36,,,ERROR: address2のデータは、address1のデータから推測されるデータに一致しません。（自動チェック機構が参照するデータセットに合致しないか、表記が異なります。  ,ERROR: prefectureの列の情報がありません。元データに都道府県情報が欠落している可能性があります。入力されたデータ形式は、自動チェック機構が推奨する形式ではありません。  ,
2076,野村3-6-36,,野村,,3-6-36,,,ERROR: address2のデータは、address1のデータから推測されるデータに一致しません。（自動チェック機構が参照するデータセットに合致しないか、表記が異なります。  ,ERROR: prefectureの列の情報がありません。元データに都道府県情報が欠落している可能性があります。入力されたデータ形式は、自動チェック機構が推奨する形式ではありません。  ,
2077,野村3-6-38,,野村,,3-6-38,,,ERROR: address2のデータは、address1のデータから推測されるデータに一致しません。（自動チェック機構が参照するデータセットに合致しないか、表記が異なります。  ,ERROR: prefectureの列の情報がありません。元データに都道府県情報が欠落している可能性があります。入力されたデータ形式は、自動チェック機構が推奨する形式ではありません。  ,
2078,野村3-6-38,,野村,,3-6-38,,,ERROR: address2のデータは、address1のデータから推測されるデータに一致しません。（自動チェック機構が参照するデータセットに合致しないか、表記が異なります。  ,ERROR: prefectureの列の情報がありません。元データに都道府県情報が欠落している可能性があります。入力されたデータ形式は、自動チェック機構が推奨する形式ではありません。  ,
2079,野村3-8-17,,野村,,3-8-17,,,ERROR: address2のデータは、address1のデータから推測されるデータに一致しません。（自動チェック機構が参照するデータセットに合致しないか、表記が異なります。  ,ERROR: prefectureの列の情報がありません。元データに都道府県情報が欠落している可能性があります。入力されたデータ形式は、自動チェック機構が推奨する形式ではありません。  ,
2080,野村4-1-2,,野村,,4-1-2,,,ERROR: address2のデータは、address1のデータから推測されるデータに一致しません。（自動チェック機構が参照するデータセットに合致しないか、表記が異なります。  ,ERROR: prefectureの列の情報がありません。元データに都道府県情報が欠落している可能性があります。入力されたデータ形式は、自動チェック機構が推奨する形式ではありません。  ,
2081,野村4-1-2,,野村,,4-1-2,,,ERROR: address2のデータは、address1のデータから推測されるデータに一致しません。（自動チェック機構が参照するデータセットに合致しないか、表記が異なります。  ,ERROR: prefectureの列の情報がありません。元データに都道府県情報が欠落している可能性があります。入力されたデータ形式は、自動チェック機構が推奨する形式ではありません。  ,
2082,野村4-26柴田ハイツ2-2,,野村,,4-26,柴田ハイツ,2-2,ERROR: address2のデータは、address1のデータから推測されるデータに一致しません。（自動チェック機構が参照するデータセットに合致しないか、表記が異なります。  ,ERROR: prefectureの列の情報がありません。元データに都道府県情報が欠落している可能性があります。入力されたデータ形式は、自動チェック機構が推奨する形式ではありません。  ERROR: address5の建物情報の箇所に番地と思しき情報が存在します,
2083,野村4-1ー68,,野村,,4-1-68,,,ERROR: address2のデータは、address1のデータから推測されるデータに一致しません。（自動チェック機構が参照するデータセットに合致しないか、表記が異なります。  ,ERROR: prefectureの列の情報がありません。元データに都道府県情報が欠落している可能性があります。入力されたデータ形式は、自動チェック機構が推奨する形式ではありません。  ,
2084,布気町1,,布気町,,1,,,ERROR: address2のデータは、address1のデータから推測されるデータに一致しません。（自動チェック機構が参照するデータセットに合致しないか、表記が異なります。  ,ERROR: prefectureの列の情報がありません。元データに都道府県情報が欠落している可能性があります。入力されたデータ形式は、自動チェック機構が推奨する形式ではありません。  ,CAUTION: 町域名に含まれる漢数字が不正に分割されている恐れがあります。 
2085,布気町1,,布気町,,1,,,ERROR: address2のデータは、address1のデータから推測されるデータに一致しません。（自動チェック機構が参照するデータセットに合致しないか、表記が異なります。  ,ERROR: prefectureの列の情報がありません。元データに都道府県情報が欠落している可能性があります。入力されたデータ形式は、自動チェック機構が推奨する形式ではありません。  ,CAUTION: 町域名に含まれる漢数字が不正に分割されている恐れがあります。 
2086,布気町1,,布気町,,1,,,ERROR: address2のデータは、address1のデータから推測されるデータに一致しません。（自動チェック機構が参照するデータセットに合致しないか、表記が異なります。  ,ERROR: prefectureの列の情報がありません。元データに都道府県情報が欠落している可能性があります。入力されたデータ形式は、自動チェック機構が推奨する形式ではありません。  ,CAUTION: 町域名に含まれる漢数字が不正に分割されている恐れがあります。 
2087,布気町1,,布気町,,1,,,ERROR: address2のデータは、address1のデータから推測されるデータに一致しません。（自動チェック機構が参照するデータセットに合致しないか、表記が異なります。  ,ERROR: prefectureの列の情報がありません。元データに都道府県情報が欠落している可能性があります。入力されたデータ形式は、自動チェック機構が推奨する形式ではありません。  ,CAUTION: 町域名に含まれる漢数字が不正に分割されている恐れがあります。 
2088,布気町1264,,布気町,,1264,,,ERROR: address2のデータは、address1のデータから推測されるデータに一致しません。（自動チェック機構が参照するデータセットに合致しないか、表記が異なります。  ,ERROR: prefectureの列の情報がありません。元データに都道府県情報が欠落している可能性があります。入力されたデータ形式は、自動チェック機構が推奨する形式ではありません。  ,
2089,布気町1264,,布気町,,1264,,,ERROR: address2のデータは、address1のデータから推測されるデータに一致しません。（自動チェック機構が参照するデータセットに合致しないか、表記が異なります。  ,ERROR: prefectureの列の情報がありません。元データに都道府県情報が欠落している可能性があります。入力されたデータ形式は、自動チェック機構が推奨する形式ではありません。  ,
2090,布気町1266-1,,布気町,,1266-1,,,ERROR: address2のデータは、address1のデータから推測されるデータに一致しません。（自動チェック機構が参照するデータセットに合致しないか、表記が異なります。  ,ERROR: prefectureの列の情報がありません。元データに都道府県情報が欠落している可能性があります。入力されたデータ形式は、自動チェック機構が推奨する形式ではありません。  ,
2091,布気町1281-3,,布気町,,1281-3,,,ERROR: address2のデータは、address1のデータから推測されるデータに一致しません。（自動チェック機構が参照するデータセットに合致しないか、表記が異なります。  ,ERROR: prefectureの列の情報がありません。元データに都道府県情報が欠落している可能性があります。入力されたデータ形式は、自動チェック機構が推奨する形式ではありません。  ,
2092,布気町137-8,,布気町,,137-8,,,ERROR: address2のデータは、address1のデータから推測されるデータに一致しません。（自動チェック機構が参照するデータセットに合致しないか、表記が異なります。  ,ERROR: prefectureの列の情報がありません。元データに都道府県情報が欠落している可能性があります。入力されたデータ形式は、自動チェック機構が推奨する形式ではありません。  ,
2093,布気町137-8,,布気町,,137-8,,,ERROR: address2のデータは、address1のデータから推測されるデータに一致しません。（自動チェック機構が参照するデータセットに合致しないか、表記が異なります。  ,ERROR: prefectureの列の情報がありません。元データに都道府県情報が欠落している可能性があります。入力されたデータ形式は、自動チェック機構が推奨する形式ではありません。  ,
2094,布気町14１2-1,,布気町,,1412-1,,,ERROR: address2のデータは、address1のデータから推測されるデータに一致しません。（自動チェック機構が参照するデータセットに合致しないか、表記が異なります。  ,ERROR: prefectureの列の情報がありません。元データに都道府県情報が欠落している可能性があります。入力されたデータ形式は、自動チェック機構が推奨する形式ではありません。  ,
2095,布気町14１2-1,,布気町,,1412-1,,,ERROR: address2のデータは、address1のデータから推測されるデータに一致しません。（自動チェック機構が参照するデータセットに合致しないか、表記が異なります。  ,ERROR: prefectureの列の情報がありません。元データに都道府県情報が欠落している可能性があります。入力されたデータ形式は、自動チェック機構が推奨する形式ではありません。  ,
2096,布気町1417-1,,布気町,,1417-1,,,ERROR: address2のデータは、address1のデータから推測されるデータに一致しません。（自動チェック機構が参照するデータセットに合致しないか、表記が異なります。  ,ERROR: prefectureの列の情報がありません。元データに都道府県情報が欠落している可能性があります。入力されたデータ形式は、自動チェック機構が推奨する形式ではありません。  ,
2097,布気町1417-1,,布気町,,1417-1,,,ERROR: address2のデータは、address1のデータから推測されるデータに一致しません。（自動チェック機構が参照するデータセットに合致しないか、表記が異なります。  ,ERROR: prefectureの列の情報がありません。元データに都道府県情報が欠落している可能性があります。入力されたデータ形式は、自動チェック機構が推奨する形式ではありません。  ,
2098,布気町142,,布気町,,142,,,ERROR: address2のデータは、address1のデータから推測されるデータに一致しません。（自動チェック機構が参照するデータセットに合致しないか、表記が異なります。  ,ERROR: prefectureの列の情報がありません。元データに都道府県情報が欠落している可能性があります。入力されたデータ形式は、自動チェック機構が推奨する形式ではありません。  ,
2099,布気町143,,布気町,,143,,,ERROR: address2のデータは、address1のデータから推測されるデータに一致しません。（自動チェック機構が参照するデータセットに合致しないか、表記が異なります。  ,ERROR: prefectureの列の情報がありません。元データに都道府県情報が欠落している可能性があります。入力されたデータ形式は、自動チェック機構が推奨する形式ではありません。  ,
2100,布気町1456-3,,布気町,,1456-3,,,ERROR: address2のデータは、address1のデータから推測されるデータに一致しません。（自動チェック機構が参照するデータセットに合致しないか、表記が異なります。  ,ERROR: prefectureの列の情報がありません。元データに都道府県情報が欠落している可能性があります。入力されたデータ形式は、自動チェック機構が推奨する形式ではありません。  ,
2101,布気町1469-1,,布気町,,1469-1,,,ERROR: address2のデータは、address1のデータから推測されるデータに一致しません。（自動チェック機構が参照するデータセットに合致しないか、表記が異なります。  ,ERROR: prefectureの列の情報がありません。元データに都道府県情報が欠落している可能性があります。入力されたデータ形式は、自動チェック機構が推奨する形式ではありません。  ,
2102,布気町1469-1,,布気町,,1469-1,,,ERROR: address2のデータは、address1のデータから推測されるデータに一致しません。（自動チェック機構が参照するデータセットに合致しないか、表記が異なります。  ,ERROR: prefectureの列の情報がありません。元データに都道府県情報が欠落している可能性があります。入力されたデータ形式は、自動チェック機構が推奨する形式ではありません。  ,
2103,布気町147-1,,布気町,,147-1,,,ERROR: address2のデータは、address1のデータから推測されるデータに一致しません。（自動チェック機構が参照するデータセットに合致しないか、表記が異なります。  ,ERROR: prefectureの列の情報がありません。元データに都道府県情報が欠落している可能性があります。入力されたデータ形式は、自動チェック機構が推奨する形式ではありません。  ,
2104,布気町147-1,,布気町,,147-1,,,ERROR: address2のデータは、address1のデータから推測されるデータに一致しません。（自動チェック機構が参照するデータセットに合致しないか、表記が異なります。  ,ERROR: prefectureの列の情報がありません。元データに都道府県情報が欠落している可能性があります。入力されたデータ形式は、自動チェック機構が推奨する形式ではありません。  ,
2105,布気町153,,布気町,,153,,,ERROR: address2のデータは、address1のデータから推測されるデータに一致しません。（自動チェック機構が参照するデータセットに合致しないか、表記が異なります。  ,ERROR: prefectureの列の情報がありません。元データに都道府県情報が欠落している可能性があります。入力されたデータ形式は、自動チェック機構が推奨する形式ではありません。  ,
2106,布気町153,,布気町,,153,,,ERROR: address2のデータは、address1のデータから推測されるデータに一致しません。（自動チェック機構が参照するデータセットに合致しないか、表記が異なります。  ,ERROR: prefectureの列の情報がありません。元データに都道府県情報が欠落している可能性があります。入力されたデータ形式は、自動チェック機構が推奨する形式ではありません。  ,
2107,布気町155,,布気町,,155,,,ERROR: address2のデータは、address1のデータから推測されるデータに一致しません。（自動チェック機構が参照するデータセットに合致しないか、表記が異なります。  ,ERROR: prefectureの列の情報がありません。元データに都道府県情報が欠落している可能性があります。入力されたデータ形式は、自動チェック機構が推奨する形式ではありません。  ,
2108,布気町155,,布気町,,155,,,ERROR: address2のデータは、address1のデータから推測されるデータに一致しません。（自動チェック機構が参照するデータセットに合致しないか、表記が異なります。  ,ERROR: prefectureの列の情報がありません。元データに都道府県情報が欠落している可能性があります。入力されたデータ形式は、自動チェック機構が推奨する形式ではありません。  ,
2109,布気町1655-12,,布気町,,1655-12,,,ERROR: address2のデータは、address1のデータから推測されるデータに一致しません。（自動チェック機構が参照するデータセットに合致しないか、表記が異なります。  ,ERROR: prefectureの列の情報がありません。元データに都道府県情報が欠落している可能性があります。入力されたデータ形式は、自動チェック機構が推奨する形式ではありません。  ,
2110,布気町1655-12,,布気町,,1655-12,,,ERROR: address2のデータは、address1のデータから推測されるデータに一致しません。（自動チェック機構が参照するデータセットに合致しないか、表記が異なります。  ,ERROR: prefectureの列の情報がありません。元データに都道府県情報が欠落している可能性があります。入力されたデータ形式は、自動チェック機構が推奨する形式ではありません。  ,
2111,布気町1661,,布気町,,1661,,,ERROR: address2のデータは、address1のデータから推測されるデータに一致しません。（自動チェック機構が参照するデータセットに合致しないか、表記が異なります。  ,ERROR: prefectureの列の情報がありません。元データに都道府県情報が欠落している可能性があります。入力されたデータ形式は、自動チェック機構が推奨する形式ではありません。  ,
2112,布気町1661,,布気町,,1661,,,ERROR: address2のデータは、address1のデータから推測されるデータに一致しません。（自動チェック機構が参照するデータセットに合致しないか、表記が異なります。  ,ERROR: prefectureの列の情報がありません。元データに都道府県情報が欠落している可能性があります。入力されたデータ形式は、自動チェック機構が推奨する形式ではありません。  ,
2113,布気町1671,,布気町,,1671,,,ERROR: address2のデータは、address1のデータから推測されるデータに一致しません。（自動チェック機構が参照するデータセットに合致しないか、表記が異なります。  ,ERROR: prefectureの列の情報がありません。元データに都道府県情報が欠落している可能性があります。入力されたデータ形式は、自動チェック機構が推奨する形式ではありません。  ,
2114,布気町1671,,布気町,,1671,,,ERROR: address2のデータは、address1のデータから推測されるデータに一致しません。（自動チェック機構が参照するデータセットに合致しないか、表記が異なります。  ,ERROR: prefectureの列の情報がありません。元データに都道府県情報が欠落している可能性があります。入力されたデータ形式は、自動チェック機構が推奨する形式ではありません。  ,
2115,布気町1671,,布気町,,1671,,,ERROR: address2のデータは、address1のデータから推測されるデータに一致しません。（自動チェック機構が参照するデータセットに合致しないか、表記が異なります。  ,ERROR: prefectureの列の情報がありません。元データに都道府県情報が欠落している可能性があります。入力されたデータ形式は、自動チェック機構が推奨する形式ではありません。  ,
2116,布気町1674-2,,布気町,,1674-2,,,ERROR: address2のデータは、address1のデータから推測されるデータに一致しません。（自動チェック機構が参照するデータセットに合致しないか、表記が異なります。  ,ERROR: prefectureの列の情報がありません。元データに都道府県情報が欠落している可能性があります。入力されたデータ形式は、自動チェック機構が推奨する形式ではありません。  ,
2117,布気町1674-2,,布気町,,1674-2,,,ERROR: address2のデータは、address1のデータから推測されるデータに一致しません。（自動チェック機構が参照するデータセットに合致しないか、表記が異なります。  ,ERROR: prefectureの列の情報がありません。元データに都道府県情報が欠落している可能性があります。入力されたデータ形式は、自動チェック機構が推奨する形式ではありません。  ,
2118,布気町1676,,布気町,,1676,,,ERROR: address2のデータは、address1のデータから推測されるデータに一致しません。（自動チェック機構が参照するデータセットに合致しないか、表記が異なります。  ,ERROR: prefectureの列の情報がありません。元データに都道府県情報が欠落している可能性があります。入力されたデータ形式は、自動チェック機構が推奨する形式ではありません。  ,
2119,布気町1676,,布気町,,1676,,,ERROR: address2のデータは、address1のデータから推測されるデータに一致しません。（自動チェック機構が参照するデータセットに合致しないか、表記が異なります。  ,ERROR: prefectureの列の情報がありません。元データに都道府県情報が欠落している可能性があります。入力されたデータ形式は、自動チェック機構が推奨する形式ではありません。  ,
2120,布気町1724-1,,布気町,,1724-1,,,ERROR: address2のデータは、address1のデータから推測されるデータに一致しません。（自動チェック機構が参照するデータセットに合致しないか、表記が異なります。  ,ERROR: prefectureの列の情報がありません。元データに都道府県情報が欠落している可能性があります。入力されたデータ形式は、自動チェック機構が推奨する形式ではありません。  ,
2121,布気町1724-1,,布気町,,1724-1,,,ERROR: address2のデータは、address1のデータから推測されるデータに一致しません。（自動チェック機構が参照するデータセットに合致しないか、表記が異なります。  ,ERROR: prefectureの列の情報がありません。元データに都道府県情報が欠落している可能性があります。入力されたデータ形式は、自動チェック機構が推奨する形式ではありません。  ,
2122,布気町1729,,布気町,,1729,,,ERROR: address2のデータは、address1のデータから推測されるデータに一致しません。（自動チェック機構が参照するデータセットに合致しないか、表記が異なります。  ,ERROR: prefectureの列の情報がありません。元データに都道府県情報が欠落している可能性があります。入力されたデータ形式は、自動チェック機構が推奨する形式ではありません。  ,
2123,布気町1730-7,,布気町,,1730-7,,,ERROR: address2のデータは、address1のデータから推測されるデータに一致しません。（自動チェック機構が参照するデータセットに合致しないか、表記が異なります。  ,ERROR: prefectureの列の情報がありません。元データに都道府県情報が欠落している可能性があります。入力されたデータ形式は、自動チェック機構が推奨する形式ではありません。  ,
2124,布気町1730-7,,布気町,,1730-7,,,ERROR: address2のデータは、address1のデータから推測されるデータに一致しません。（自動チェック機構が参照するデータセットに合致しないか、表記が異なります。  ,ERROR: prefectureの列の情報がありません。元データに都道府県情報が欠落している可能性があります。入力されたデータ形式は、自動チェック機構が推奨する形式ではありません。  ,
2125,布気町1737,,布気町,,1737,,,ERROR: address2のデータは、address1のデータから推測されるデータに一致しません。（自動チェック機構が参照するデータセットに合致しないか、表記が異なります。  ,ERROR: prefectureの列の情報がありません。元データに都道府県情報が欠落している可能性があります。入力されたデータ形式は、自動チェック機構が推奨する形式ではありません。  ,
2126,布気町1737,,布気町,,1737,,,ERROR: address2のデータは、address1のデータから推測されるデータに一致しません。（自動チェック機構が参照するデータセットに合致しないか、表記が異なります。  ,ERROR: prefectureの列の情報がありません。元データに都道府県情報が欠落している可能性があります。入力されたデータ形式は、自動チェック機構が推奨する形式ではありません。  ,
2127,布気町1737,,布気町,,1737,,,ERROR: address2のデータは、address1のデータから推測されるデータに一致しません。（自動チェック機構が参照するデータセットに合致しないか、表記が異なります。  ,ERROR: prefectureの列の情報がありません。元データに都道府県情報が欠落している可能性があります。入力されたデータ形式は、自動チェック機構が推奨する形式ではありません。  ,
2128,布気町1737,,布気町,,1737,,,ERROR: address2のデータは、address1のデータから推測されるデータに一致しません。（自動チェック機構が参照するデータセットに合致しないか、表記が異なります。  ,ERROR: prefectureの列の情報がありません。元データに都道府県情報が欠落している可能性があります。入力されたデータ形式は、自動チェック機構が推奨する形式ではありません。  ,
2129,布気町1740,,布気町,,1740,,,ERROR: address2のデータは、address1のデータから推測されるデータに一致しません。（自動チェック機構が参照するデータセットに合致しないか、表記が異なります。  ,ERROR: prefectureの列の情報がありません。元データに都道府県情報が欠落している可能性があります。入力されたデータ形式は、自動チェック機構が推奨する形式ではありません。  ,
2130,布気町186-1,,布気町,,186-1,,,ERROR: address2のデータは、address1のデータから推測されるデータに一致しません。（自動チェック機構が参照するデータセットに合致しないか、表記が異なります。  ,ERROR: prefectureの列の情報がありません。元データに都道府県情報が欠落している可能性があります。入力されたデータ形式は、自動チェック機構が推奨する形式ではありません。  ,
2131,布気町255-1,,布気町,,255-1,,,ERROR: address2のデータは、address1のデータから推測されるデータに一致しません。（自動チェック機構が参照するデータセットに合致しないか、表記が異なります。  ,ERROR: prefectureの列の情報がありません。元データに都道府県情報が欠落している可能性があります。入力されたデータ形式は、自動チェック機構が推奨する形式ではありません。  ,
2132,布気町255-1,,布気町,,255-1,,,ERROR: address2のデータは、address1のデータから推測されるデータに一致しません。（自動チェック機構が参照するデータセットに合致しないか、表記が異なります。  ,ERROR: prefectureの列の情報がありません。元データに都道府県情報が欠落している可能性があります。入力されたデータ形式は、自動チェック機構が推奨する形式ではありません。  ,
2133,布気町255-1,,布気町,,255-1,,,ERROR: address2のデータは、address1のデータから推測されるデータに一致しません。（自動チェック機構が参照するデータセットに合致しないか、表記が異なります。  ,ERROR: prefectureの列の情報がありません。元データに都道府県情報が欠落している可能性があります。入力されたデータ形式は、自動チェック機構が推奨する形式ではありません。  ,
2134,布気町255-1,,布気町,,255-1,,,ERROR: address2のデータは、address1のデータから推測されるデータに一致しません。（自動チェック機構が参照するデータセットに合致しないか、表記が異なります。  ,ERROR: prefectureの列の情報がありません。元データに都道府県情報が欠落している可能性があります。入力されたデータ形式は、自動チェック機構が推奨する形式ではありません。  ,
2135,布気町28 ルイメゾンA203号室,,布気町,,28,ルイメゾンA,203号室,ERROR: address2のデータは、address1のデータから推測されるデータに一致しません。（自動チェック機構が参照するデータセットに合致しないか、表記が異なります。  ,ERROR: prefectureの列の情報がありません。元データに都道府県情報が欠落している可能性があります。入力されたデータ形式は、自動チェック機構が推奨する形式ではありません。  ERROR: address5の建物情報の箇所に番地と思しき情報が存在します,
2136,布気町38,,布気町,,38,,,ERROR: address2のデータは、address1のデータから推測されるデータに一致しません。（自動チェック機構が参照するデータセットに合致しないか、表記が異なります。  ,ERROR: prefectureの列の情報がありません。元データに都道府県情報が欠落している可能性があります。入力されたデータ形式は、自動チェック機構が推奨する形式ではありません。  ,
2137,布気町38,,布気町,,38,,,ERROR: address2のデータは、address1のデータから推測されるデータに一致しません。（自動チェック機構が参照するデータセットに合致しないか、表記が異なります。  ,ERROR: prefectureの列の情報がありません。元データに都道府県情報が欠落している可能性があります。入力されたデータ形式は、自動チェック機構が推奨する形式ではありません。  ,
2138,布気町38,,布気町,,38,,,ERROR: address2のデータは、address1のデータから推測されるデータに一致しません。（自動チェック機構が参照するデータセットに合致しないか、表記が異なります。  ,ERROR: prefectureの列の情報がありません。元データに都道府県情報が欠落している可能性があります。入力されたデータ形式は、自動チェック機構が推奨する形式ではありません。  ,
2139,布気町483-1,,布気町,,483-1,,,ERROR: address2のデータは、address1のデータから推測されるデータに一致しません。（自動チェック機構が参照するデータセットに合致しないか、表記が異なります。  ,ERROR: prefectureの列の情報がありません。元データに都道府県情報が欠落している可能性があります。入力されたデータ形式は、自動チェック機構が推奨する形式ではありません。  ,
2140,布気町512-25,,布気町,,512-25,,,ERROR: address2のデータは、address1のデータから推測されるデータに一致しません。（自動チェック機構が参照するデータセットに合致しないか、表記が異なります。  ,ERROR: prefectureの列の情報がありません。元データに都道府県情報が欠落している可能性があります。入力されたデータ形式は、自動チェック機構が推奨する形式ではありません。  ,
2141,布気町512-25,,布気町,,512-25,,,ERROR: address2のデータは、address1のデータから推測されるデータに一致しません。（自動チェック機構が参照するデータセットに合致しないか、表記が異なります。  ,ERROR: prefectureの列の情報がありません。元データに都道府県情報が欠落している可能性があります。入力されたデータ形式は、自動チェック機構が推奨する形式ではありません。  ,
2142,布気町556,,布気町,,556,,,ERROR: address2のデータは、address1のデータから推測されるデータに一致しません。（自動チェック機構が参照するデータセットに合致しないか、表記が異なります。  ,ERROR: prefectureの列の情報がありません。元データに都道府県情報が欠落している可能性があります。入力されたデータ形式は、自動チェック機構が推奨する形式ではありません。  ,
2143,布気町634-1-401,,布気町,,634-1-401,,,ERROR: address2のデータは、address1のデータから推測されるデータに一致しません。（自動チェック機構が参照するデータセットに合致しないか、表記が異なります。  ,ERROR: prefectureの列の情報がありません。元データに都道府県情報が欠落している可能性があります。入力されたデータ形式は、自動チェック機構が推奨する形式ではありません。  ,CAUTION: 番地の中に、部屋番号が含まれている可能性があります。 
2144,布気町636-7,,布気町,,636-7,,,ERROR: address2のデータは、address1のデータから推測されるデータに一致しません。（自動チェック機構が参照するデータセットに合致しないか、表記が異なります。  ,ERROR: prefectureの列の情報がありません。元データに都道府県情報が欠落している可能性があります。入力されたデータ形式は、自動チェック機構が推奨する形式ではありません。  ,
2145,布気町636-7,,布気町,,636-7,,,ERROR: address2のデータは、address1のデータから推測されるデータに一致しません。（自動チェック機構が参照するデータセットに合致しないか、表記が異なります。  ,ERROR: prefectureの列の情報がありません。元データに都道府県情報が欠落している可能性があります。入力されたデータ形式は、自動チェック機構が推奨する形式ではありません。  ,
2146,布気町649-15,,布気町,,649-15,,,ERROR: address2のデータは、address1のデータから推測されるデータに一致しません。（自動チェック機構が参照するデータセットに合致しないか、表記が異なります。  ,ERROR: prefectureの列の情報がありません。元データに都道府県情報が欠落している可能性があります。入力されたデータ形式は、自動チェック機構が推奨する形式ではありません。  ,
2147,布気町649-15,,布気町,,649-15,,,ERROR: address2のデータは、address1のデータから推測されるデータに一致しません。（自動チェック機構が参照するデータセットに合致しないか、表記が異なります。  ,ERROR: prefectureの列の情報がありません。元データに都道府県情報が欠落している可能性があります。入力されたデータ形式は、自動チェック機構が推奨する形式ではありません。  ,
2148,布気町649-43,,布気町,,649-43,,,ERROR: address2のデータは、address1のデータから推測されるデータに一致しません。（自動チェック機構が参照するデータセットに合致しないか、表記が異なります。  ,ERROR: prefectureの列の情報がありません。元データに都道府県情報が欠落している可能性があります。入力されたデータ形式は、自動チェック機構が推奨する形式ではありません。  ,
2149,布気町649-43,,布気町,,649-43,,,ERROR: address2のデータは、address1のデータから推測されるデータに一致しません。（自動チェック機構が参照するデータセットに合致しないか、表記が異なります。  ,ERROR: prefectureの列の情報がありません。元データに都道府県情報が欠落している可能性があります。入力されたデータ形式は、自動チェック機構が推奨する形式ではありません。  ,
2150,布気町649-43,,布気町,,649-43,,,ERROR: address2のデータは、address1のデータから推測されるデータに一致しません。（自動チェック機構が参照するデータセットに合致しないか、表記が異なります。  ,ERROR: prefectureの列の情報がありません。元データに都道府県情報が欠落している可能性があります。入力されたデータ形式は、自動チェック機構が推奨する形式ではありません。  ,
2151,布気町649-43,,布気町,,649-43,,,ERROR: address2のデータは、address1のデータから推測されるデータに一致しません。（自動チェック機構が参照するデータセットに合致しないか、表記が異なります。  ,ERROR: prefectureの列の情報がありません。元データに都道府県情報が欠落している可能性があります。入力されたデータ形式は、自動チェック機構が推奨する形式ではありません。  ,
2152,布気町649-9,,布気町,,649-9,,,ERROR: address2のデータは、address1のデータから推測されるデータに一致しません。（自動チェック機構が参照するデータセットに合致しないか、表記が異なります。  ,ERROR: prefectureの列の情報がありません。元データに都道府県情報が欠落している可能性があります。入力されたデータ形式は、自動チェック機構が推奨する形式ではありません。  ,
2153,布気町780-7,,布気町,,780-7,,,ERROR: address2のデータは、address1のデータから推測されるデータに一致しません。（自動チェック機構が参照するデータセットに合致しないか、表記が異なります。  ,ERROR: prefectureの列の情報がありません。元データに都道府県情報が欠落している可能性があります。入力されたデータ形式は、自動チェック機構が推奨する形式ではありません。  ,
2154,布気町783-9,,布気町,,783-9,,,ERROR: address2のデータは、address1のデータから推測されるデータに一致しません。（自動チェック機構が参照するデータセットに合致しないか、表記が異なります。  ,ERROR: prefectureの列の情報がありません。元データに都道府県情報が欠落している可能性があります。入力されたデータ形式は、自動チェック機構が推奨する形式ではありません。  ,
2155,布気町788,,布気町,,788,,,ERROR: address2のデータは、address1のデータから推測されるデータに一致しません。（自動チェック機構が参照するデータセットに合致しないか、表記が異なります。  ,ERROR: prefectureの列の情報がありません。元データに都道府県情報が欠落している可能性があります。入力されたデータ形式は、自動チェック機構が推奨する形式ではありません。  ,
2156,布気町788,,布気町,,788,,,ERROR: address2のデータは、address1のデータから推測されるデータに一致しません。（自動チェック機構が参照するデータセットに合致しないか、表記が異なります。  ,ERROR: prefectureの列の情報がありません。元データに都道府県情報が欠落している可能性があります。入力されたデータ形式は、自動チェック機構が推奨する形式ではありません。  ,
2157,布気町789-41,,布気町,,789-41,,,ERROR: address2のデータは、address1のデータから推測されるデータに一致しません。（自動チェック機構が参照するデータセットに合致しないか、表記が異なります。  ,ERROR: prefectureの列の情報がありません。元データに都道府県情報が欠落している可能性があります。入力されたデータ形式は、自動チェック機構が推奨する形式ではありません。  ,
2158,布気町789-59,,布気町,,789-59,,,ERROR: address2のデータは、address1のデータから推測されるデータに一致しません。（自動チェック機構が参照するデータセットに合致しないか、表記が異なります。  ,ERROR: prefectureの列の情報がありません。元データに都道府県情報が欠落している可能性があります。入力されたデータ形式は、自動チェック機構が推奨する形式ではありません。  ,
2159,布気町789-84,,布気町,,789-84,,,ERROR: address2のデータは、address1のデータから推測されるデータに一致しません。（自動チェック機構が参照するデータセットに合致しないか、表記が異なります。  ,ERROR: prefectureの列の情報がありません。元データに都道府県情報が欠落している可能性があります。入力されたデータ形式は、自動チェック機構が推奨する形式ではありません。  ,
2160,布気町789-84,,布気町,,789-84,,,ERROR: address2のデータは、address1のデータから推測されるデータに一致しません。（自動チェック機構が参照するデータセットに合致しないか、表記が異なります。  ,ERROR: prefectureの列の情報がありません。元データに都道府県情報が欠落している可能性があります。入力されたデータ形式は、自動チェック機構が推奨する形式ではありません。  ,
2161,布気町789-84,,布気町,,789-84,,,ERROR: address2のデータは、address1のデータから推測されるデータに一致しません。（自動チェック機構が参照するデータセットに合致しないか、表記が異なります。  ,ERROR: prefectureの列の情報がありません。元データに都道府県情報が欠落している可能性があります。入力されたデータ形式は、自動チェック機構が推奨する形式ではありません。  ,
2162,布気町822-13,,布気町,,822-13,,,ERROR: address2のデータは、address1のデータから推測されるデータに一致しません。（自動チェック機構が参照するデータセットに合致しないか、表記が異なります。  ,ERROR: prefectureの列の情報がありません。元データに都道府県情報が欠落している可能性があります。入力されたデータ形式は、自動チェック機構が推奨する形式ではありません。  ,
2163,布気町822-4,,布気町,,822-4,,,ERROR: address2のデータは、address1のデータから推測されるデータに一致しません。（自動チェック機構が参照するデータセットに合致しないか、表記が異なります。  ,ERROR: prefectureの列の情報がありません。元データに都道府県情報が欠落している可能性があります。入力されたデータ形式は、自動チェック機構が推奨する形式ではありません。  ,
2164,布気町822-4,,布気町,,822-4,,,ERROR: address2のデータは、address1のデータから推測されるデータに一致しません。（自動チェック機構が参照するデータセットに合致しないか、表記が異なります。  ,ERROR: prefectureの列の情報がありません。元データに都道府県情報が欠落している可能性があります。入力されたデータ形式は、自動チェック機構が推奨する形式ではありません。  ,
2165,布気町971-11,,布気町,,971-11,,,ERROR: address2のデータは、address1のデータから推測されるデータに一致しません。（自動チェック機構が参照するデータセットに合致しないか、表記が異なります。  ,ERROR: prefectureの列の情報がありません。元データに都道府県情報が欠落している可能性があります。入力されたデータ形式は、自動チェック機構が推奨する形式ではありません。  ,
2166,布気町971-11,,布気町,,971-11,,,ERROR: address2のデータは、address1のデータから推測されるデータに一致しません。（自動チェック機構が参照するデータセットに合致しないか、表記が異なります。  ,ERROR: prefectureの列の情報がありません。元データに都道府県情報が欠落している可能性があります。入力されたデータ形式は、自動チェック機構が推奨する形式ではありません。  ,
2167,布気町981-1,,布気町,,981-1,,,ERROR: address2のデータは、address1のデータから推測されるデータに一致しません。（自動チェック機構が参照するデータセットに合致しないか、表記が異なります。  ,ERROR: prefectureの列の情報がありません。元データに都道府県情報が欠落している可能性があります。入力されたデータ形式は、自動チェック機構が推奨する形式ではありません。  ,
2168,布気町998-2,,布気町,,998-2,,,ERROR: address2のデータは、address1のデータから推測されるデータに一致しません。（自動チェック機構が参照するデータセットに合致しないか、表記が異なります。  ,ERROR: prefectureの列の情報がありません。元データに都道府県情報が欠落している可能性があります。入力されたデータ形式は、自動チェック機構が推奨する形式ではありません。  ,
2169,布気町998-2,,布気町,,998-2,,,ERROR: address2のデータは、address1のデータから推測されるデータに一致しません。（自動チェック機構が参照するデータセットに合致しないか、表記が異なります。  ,ERROR: prefectureの列の情報がありません。元データに都道府県情報が欠落している可能性があります。入力されたデータ形式は、自動チェック機構が推奨する形式ではありません。  ,
2170,布気町上道野787-8,,布気町,上道野,787-8,,,ERROR: address2のデータは、address1のデータから推測されるデータに一致しません。（自動チェック機構が参照するデータセットに合致しないか、表記が異なります。  ,ERROR: prefectureの列の情報がありません。元データに都道府県情報が欠落している可能性があります。入力されたデータ形式は、自動チェック機構が推奨する形式ではありません。  ,
2171,布気町上道野787-8,,布気町,上道野,787-8,,,ERROR: address2のデータは、address1のデータから推測されるデータに一致しません。（自動チェック機構が参照するデータセットに合致しないか、表記が異なります。  ,ERROR: prefectureの列の情報がありません。元データに都道府県情報が欠落している可能性があります。入力されたデータ形式は、自動チェック機構が推奨する形式ではありません。  ,
2172,布気町ルイメゾン203号,,布気町,ルイメゾン,203,,,ERROR: address2のデータは、address1のデータから推測されるデータに一致しません。（自動チェック機構が参照するデータセットに合致しないか、表記が異なります。  ,ERROR: prefectureの列の情報がありません。元データに都道府県情報が欠落している可能性があります。入力されたデータ形式は、自動チェック機構が推奨する形式ではありません。  ,
2173,布気町ルイメゾン203号,,布気町,ルイメゾン,203,,,ERROR: address2のデータは、address1のデータから推測されるデータに一致しません。（自動チェック機構が参照するデータセットに合致しないか、表記が異なります。  ,ERROR: prefectureの列の情報がありません。元データに都道府県情報が欠落している可能性があります。入力されたデータ形式は、自動チェック機構が推奨する形式ではありません。  ,
2174,小野町353-1,,小野町,,353-1,,,ERROR: address2のデータは、address1のデータから推測されるデータに一致しません。（自動チェック機構が参照するデータセットに合致しないか、表記が異なります。  ,ERROR: prefectureの列の情報がありません。元データに都道府県情報が欠落している可能性があります。入力されたデータ形式は、自動チェック機構が推奨する形式ではありません。  ,
2175,小野町804,,小野町,,804,,,ERROR: address2のデータは、address1のデータから推測されるデータに一致しません。（自動チェック機構が参照するデータセットに合致しないか、表記が異なります。  ,ERROR: prefectureの列の情報がありません。元データに都道府県情報が欠落している可能性があります。入力されたデータ形式は、自動チェック機構が推奨する形式ではありません。  ,
2176,小野町804,,小野町,,804,,,ERROR: address2のデータは、address1のデータから推測されるデータに一致しません。（自動チェック機構が参照するデータセットに合致しないか、表記が異なります。  ,ERROR: prefectureの列の情報がありません。元データに都道府県情報が欠落している可能性があります。入力されたデータ形式は、自動チェック機構が推奨する形式ではありません。  ,
2177,太岡寺町1066,,太岡寺町,,1066,,,ERROR: address2のデータは、address1のデータから推測されるデータに一致しません。（自動チェック機構が参照するデータセットに合致しないか、表記が異なります。  ,ERROR: prefectureの列の情報がありません。元データに都道府県情報が欠落している可能性があります。入力されたデータ形式は、自動チェック機構が推奨する形式ではありません。  ,
2178,太岡寺町1082,,太岡寺町,,1082,,,ERROR: address2のデータは、address1のデータから推測されるデータに一致しません。（自動チェック機構が参照するデータセットに合致しないか、表記が異なります。  ,ERROR: prefectureの列の情報がありません。元データに都道府県情報が欠落している可能性があります。入力されたデータ形式は、自動チェック機構が推奨する形式ではありません。  ,
2179,太岡寺町1082,,太岡寺町,,1082,,,ERROR: address2のデータは、address1のデータから推測されるデータに一致しません。（自動チェック機構が参照するデータセットに合致しないか、表記が異なります。  ,ERROR: prefectureの列の情報がありません。元データに都道府県情報が欠落している可能性があります。入力されたデータ形式は、自動チェック機構が推奨する形式ではありません。  ,
2180,太岡寺町1085,,太岡寺町,,1085,,,ERROR: address2のデータは、address1のデータから推測されるデータに一致しません。（自動チェック機構が参照するデータセットに合致しないか、表記が異なります。  ,ERROR: prefectureの列の情報がありません。元データに都道府県情報が欠落している可能性があります。入力されたデータ形式は、自動チェック機構が推奨する形式ではありません。  ,
2181,太岡寺町168-3,,太岡寺町,,168-3,,,ERROR: address2のデータは、address1のデータから推測されるデータに一致しません。（自動チェック機構が参照するデータセットに合致しないか、表記が異なります。  ,ERROR: prefectureの列の情報がありません。元データに都道府県情報が欠落している可能性があります。入力されたデータ形式は、自動チェック機構が推奨する形式ではありません。  ,
2182,太岡寺町168-3,,太岡寺町,,168-3,,,ERROR: address2のデータは、address1のデータから推測されるデータに一致しません。（自動チェック機構が参照するデータセットに合致しないか、表記が異なります。  ,ERROR: prefectureの列の情報がありません。元データに都道府県情報が欠落している可能性があります。入力されたデータ形式は、自動チェック機構が推奨する形式ではありません。  ,
2183,太岡寺町180-1,,太岡寺町,,180-1,,,ERROR: address2のデータは、address1のデータから推測されるデータに一致しません。（自動チェック機構が参照するデータセットに合致しないか、表記が異なります。  ,ERROR: prefectureの列の情報がありません。元データに都道府県情報が欠落している可能性があります。入力されたデータ形式は、自動チェック機構が推奨する形式ではありません。  ,
2184,太岡寺町180-1,,太岡寺町,,180-1,,,ERROR: address2のデータは、address1のデータから推測されるデータに一致しません。（自動チェック機構が参照するデータセットに合致しないか、表記が異なります。  ,ERROR: prefectureの列の情報がありません。元データに都道府県情報が欠落している可能性があります。入力されたデータ形式は、自動チェック機構が推奨する形式ではありません。  ,
2185,太岡寺町203-2,,太岡寺町,,203-2,,,ERROR: address2のデータは、address1のデータから推測されるデータに一致しません。（自動チェック機構が参照するデータセットに合致しないか、表記が異なります。  ,ERROR: prefectureの列の情報がありません。元データに都道府県情報が欠落している可能性があります。入力されたデータ形式は、自動チェック機構が推奨する形式ではありません。  ,
2186,太岡寺町203-2,,太岡寺町,,203-2,,,ERROR: address2のデータは、address1のデータから推測されるデータに一致しません。（自動チェック機構が参照するデータセットに合致しないか、表記が異なります。  ,ERROR: prefectureの列の情報がありません。元データに都道府県情報が欠落している可能性があります。入力されたデータ形式は、自動チェック機構が推奨する形式ではありません。  ,
2187,太岡寺町240,,太岡寺町,,240,,,ERROR: address2のデータは、address1のデータから推測されるデータに一致しません。（自動チェック機構が参照するデータセットに合致しないか、表記が異なります。  ,ERROR: prefectureの列の情報がありません。元データに都道府県情報が欠落している可能性があります。入力されたデータ形式は、自動チェック機構が推奨する形式ではありません。  ,
2188,太岡寺町240,,太岡寺町,,240,,,ERROR: address2のデータは、address1のデータから推測されるデータに一致しません。（自動チェック機構が参照するデータセットに合致しないか、表記が異なります。  ,ERROR: prefectureの列の情報がありません。元データに都道府県情報が欠落している可能性があります。入力されたデータ形式は、自動チェック機構が推奨する形式ではありません。  ,
2189,太岡寺町240,,太岡寺町,,240,,,ERROR: address2のデータは、address1のデータから推測されるデータに一致しません。（自動チェック機構が参照するデータセットに合致しないか、表記が異なります。  ,ERROR: prefectureの列の情報がありません。元データに都道府県情報が欠落している可能性があります。入力されたデータ形式は、自動チェック機構が推奨する形式ではありません。  ,
2190,太岡寺町240,,太岡寺町,,240,,,ERROR: address2のデータは、address1のデータから推測されるデータに一致しません。（自動チェック機構が参照するデータセットに合致しないか、表記が異なります。  ,ERROR: prefectureの列の情報がありません。元データに都道府県情報が欠落している可能性があります。入力されたデータ形式は、自動チェック機構が推奨する形式ではありません。  ,
2191,太岡寺町240,,太岡寺町,,240,,,ERROR: address2のデータは、address1のデータから推測されるデータに一致しません。（自動チェック機構が参照するデータセットに合致しないか、表記が異なります。  ,ERROR: prefectureの列の情報がありません。元データに都道府県情報が欠落している可能性があります。入力されたデータ形式は、自動チェック機構が推奨する形式ではありません。  ,
2192,太岡寺町240,,太岡寺町,,240,,,ERROR: address2のデータは、address1のデータから推測されるデータに一致しません。（自動チェック機構が参照するデータセットに合致しないか、表記が異なります。  ,ERROR: prefectureの列の情報がありません。元データに都道府県情報が欠落している可能性があります。入力されたデータ形式は、自動チェック機構が推奨する形式ではありません。  ,
2193,太岡寺町288,,太岡寺町,,288,,,ERROR: address2のデータは、address1のデータから推測されるデータに一致しません。（自動チェック機構が参照するデータセットに合致しないか、表記が異なります。  ,ERROR: prefectureの列の情報がありません。元データに都道府県情報が欠落している可能性があります。入力されたデータ形式は、自動チェック機構が推奨する形式ではありません。  ,
2194,太岡寺町31,,太岡寺町,,31,,,ERROR: address2のデータは、address1のデータから推測されるデータに一致しません。（自動チェック機構が参照するデータセットに合致しないか、表記が異なります。  ,ERROR: prefectureの列の情報がありません。元データに都道府県情報が欠落している可能性があります。入力されたデータ形式は、自動チェック機構が推奨する形式ではありません。  ,
2195,太岡寺町398,,太岡寺町,,398,,,ERROR: address2のデータは、address1のデータから推測されるデータに一致しません。（自動チェック機構が参照するデータセットに合致しないか、表記が異なります。  ,ERROR: prefectureの列の情報がありません。元データに都道府県情報が欠落している可能性があります。入力されたデータ形式は、自動チェック機構が推奨する形式ではありません。  ,
2196,太岡寺町398,,太岡寺町,,398,,,ERROR: address2のデータは、address1のデータから推測されるデータに一致しません。（自動チェック機構が参照するデータセットに合致しないか、表記が異なります。  ,ERROR: prefectureの列の情報がありません。元データに都道府県情報が欠落している可能性があります。入力されたデータ形式は、自動チェック機構が推奨する形式ではありません。  ,
2197,太岡寺町5-1,,太岡寺町,,5-1,,,ERROR: address2のデータは、address1のデータから推測されるデータに一致しません。（自動チェック機構が参照するデータセットに合致しないか、表記が異なります。  ,ERROR: prefectureの列の情報がありません。元データに都道府県情報が欠落している可能性があります。入力されたデータ形式は、自動チェック機構が推奨する形式ではありません。  ,
2198,太岡寺町668,,太岡寺町,,668,,,ERROR: address2のデータは、address1のデータから推測されるデータに一致しません。（自動チェック機構が参照するデータセットに合致しないか、表記が異なります。  ,ERROR: prefectureの列の情報がありません。元データに都道府県情報が欠落している可能性があります。入力されたデータ形式は、自動チェック機構が推奨する形式ではありません。  ,
2199,太岡寺町668,,太岡寺町,,668,,,ERROR: address2のデータは、address1のデータから推測されるデータに一致しません。（自動チェック機構が参照するデータセットに合致しないか、表記が異なります。  ,ERROR: prefectureの列の情報がありません。元データに都道府県情報が欠落している可能性があります。入力されたデータ形式は、自動チェック機構が推奨する形式ではありません。  ,
2200,太岡寺町672,,太岡寺町,,672,,,ERROR: address2のデータは、address1のデータから推測されるデータに一致しません。（自動チェック機構が参照するデータセットに合致しないか、表記が異なります。  ,ERROR: prefectureの列の情報がありません。元データに都道府県情報が欠落している可能性があります。入力されたデータ形式は、自動チェック機構が推奨する形式ではありません。  ,
2201,太岡寺町672,,太岡寺町,,672,,,ERROR: address2のデータは、address1のデータから推測されるデータに一致しません。（自動チェック機構が参照するデータセットに合致しないか、表記が異なります。  ,ERROR: prefectureの列の情報がありません。元データに都道府県情報が欠落している可能性があります。入力されたデータ形式は、自動チェック機構が推奨する形式ではありません。  ,
2202,太岡寺町693,,太岡寺町,,693,,,ERROR: address2のデータは、address1のデータから推測されるデータに一致しません。（自動チェック機構が参照するデータセットに合致しないか、表記が異なります。  ,ERROR: prefectureの列の情報がありません。元データに都道府県情報が欠落している可能性があります。入力されたデータ形式は、自動チェック機構が推奨する形式ではありません。  ,
2203,太岡寺町693,,太岡寺町,,693,,,ERROR: address2のデータは、address1のデータから推測されるデータに一致しません。（自動チェック機構が参照するデータセットに合致しないか、表記が異なります。  ,ERROR: prefectureの列の情報がありません。元データに都道府県情報が欠落している可能性があります。入力されたデータ形式は、自動チェック機構が推奨する形式ではありません。  ,
2204,太岡寺町693,,太岡寺町,,693,,,ERROR: address2のデータは、address1のデータから推測されるデータに一致しません。（自動チェック機構が参照するデータセットに合致しないか、表記が異なります。  ,ERROR: prefectureの列の情報がありません。元データに都道府県情報が欠落している可能性があります。入力されたデータ形式は、自動チェック機構が推奨する形式ではありません。  ,
2205,太岡寺町693,,太岡寺町,,693,,,ERROR: address2のデータは、address1のデータから推測されるデータに一致しません。（自動チェック機構が参照するデータセットに合致しないか、表記が異なります。  ,ERROR: prefectureの列の情報がありません。元データに都道府県情報が欠落している可能性があります。入力されたデータ形式は、自動チェック機構が推奨する形式ではありません。  ,
2206,太岡寺町693,,太岡寺町,,693,,,ERROR: address2のデータは、address1のデータから推測されるデータに一致しません。（自動チェック機構が参照するデータセットに合致しないか、表記が異なります。  ,ERROR: prefectureの列の情報がありません。元データに都道府県情報が欠落している可能性があります。入力されたデータ形式は、自動チェック機構が推奨する形式ではありません。  ,
2207,太岡寺町693,,太岡寺町,,693,,,ERROR: address2のデータは、address1のデータから推測されるデータに一致しません。（自動チェック機構が参照するデータセットに合致しないか、表記が異なります。  ,ERROR: prefectureの列の情報がありません。元データに都道府県情報が欠落している可能性があります。入力されたデータ形式は、自動チェック機構が推奨する形式ではありません。  ,
2208,太岡寺町705-5,,太岡寺町,,705-5,,,ERROR: address2のデータは、address1のデータから推測されるデータに一致しません。（自動チェック機構が参照するデータセットに合致しないか、表記が異なります。  ,ERROR: prefectureの列の情報がありません。元データに都道府県情報が欠落している可能性があります。入力されたデータ形式は、自動チェック機構が推奨する形式ではありません。  ,
2209,太岡寺町705-9,,太岡寺町,,705-9,,,ERROR: address2のデータは、address1のデータから推測されるデータに一致しません。（自動チェック機構が参照するデータセットに合致しないか、表記が異なります。  ,ERROR: prefectureの列の情報がありません。元データに都道府県情報が欠落している可能性があります。入力されたデータ形式は、自動チェック機構が推奨する形式ではありません。  ,
2210,太岡寺町705-9,,太岡寺町,,705-9,,,ERROR: address2のデータは、address1のデータから推測されるデータに一致しません。（自動チェック機構が参照するデータセットに合致しないか、表記が異なります。  ,ERROR: prefectureの列の情報がありません。元データに都道府県情報が欠落している可能性があります。入力されたデータ形式は、自動チェック機構が推奨する形式ではありません。  ,
2211,白木町1970,,白木町,,1970,,,ERROR: address2のデータは、address1のデータから推測されるデータに一致しません。（自動チェック機構が参照するデータセットに合致しないか、表記が異なります。  ,ERROR: prefectureの列の情報がありません。元データに都道府県情報が欠落している可能性があります。入力されたデータ形式は、自動チェック機構が推奨する形式ではありません。  ,
2212,白木町2211,,白木町,,2211,,,ERROR: address2のデータは、address1のデータから推測されるデータに一致しません。（自動チェック機構が参照するデータセットに合致しないか、表記が異なります。  ,ERROR: prefectureの列の情報がありません。元データに都道府県情報が欠落している可能性があります。入力されたデータ形式は、自動チェック機構が推奨する形式ではありません。  ,
2213,白木町2211,,白木町,,2211,,,ERROR: address2のデータは、address1のデータから推測されるデータに一致しません。（自動チェック機構が参照するデータセットに合致しないか、表記が異なります。  ,ERROR: prefectureの列の情報がありません。元データに都道府県情報が欠落している可能性があります。入力されたデータ形式は、自動チェック機構が推奨する形式ではありません。  ,
2214,白木町3035-1,,白木町,,3035-1,,,ERROR: address2のデータは、address1のデータから推測されるデータに一致しません。（自動チェック機構が参照するデータセットに合致しないか、表記が異なります。  ,ERROR: prefectureの列の情報がありません。元データに都道府県情報が欠落している可能性があります。入力されたデータ形式は、自動チェック機構が推奨する形式ではありません。  ,
2215,白木町3035-1,,白木町,,3035-1,,,ERROR: address2のデータは、address1のデータから推測されるデータに一致しません。（自動チェック機構が参照するデータセットに合致しないか、表記が異なります。  ,ERROR: prefectureの列の情報がありません。元データに都道府県情報が欠落している可能性があります。入力されたデータ形式は、自動チェック機構が推奨する形式ではありません。  ,
2216,白木町3085-1,,白木町,,3085-1,,,ERROR: address2のデータは、address1のデータから推測されるデータに一致しません。（自動チェック機構が参照するデータセットに合致しないか、表記が異なります。  ,ERROR: prefectureの列の情報がありません。元データに都道府県情報が欠落している可能性があります。入力されたデータ形式は、自動チェック機構が推奨する形式ではありません。  ,
2217,白木町3085-1,,白木町,,3085-1,,,ERROR: address2のデータは、address1のデータから推測されるデータに一致しません。（自動チェック機構が参照するデータセットに合致しないか、表記が異なります。  ,ERROR: prefectureの列の情報がありません。元データに都道府県情報が欠落している可能性があります。入力されたデータ形式は、自動チェック機構が推奨する形式ではありません。  ,
2218,白木町3180-1,,白木町,,3180-1,,,ERROR: address2のデータは、address1のデータから推測されるデータに一致しません。（自動チェック機構が参照するデータセットに合致しないか、表記が異なります。  ,ERROR: prefectureの列の情報がありません。元データに都道府県情報が欠落している可能性があります。入力されたデータ形式は、自動チェック機構が推奨する形式ではありません。  ,
2219,白木町3180-1,,白木町,,3180-1,,,ERROR: address2のデータは、address1のデータから推測されるデータに一致しません。（自動チェック機構が参照するデータセットに合致しないか、表記が異なります。  ,ERROR: prefectureの列の情報がありません。元データに都道府県情報が欠落している可能性があります。入力されたデータ形式は、自動チェック機構が推奨する形式ではありません。  ,
2220,白木町3440,,白木町,,3440,,,ERROR: address2のデータは、address1のデータから推測されるデータに一致しません。（自動チェック機構が参照するデータセットに合致しないか、表記が異なります。  ,ERROR: prefectureの列の情報がありません。元データに都道府県情報が欠落している可能性があります。入力されたデータ形式は、自動チェック機構が推奨する形式ではありません。  ,
2221,白木町3440,,白木町,,3440,,,ERROR: address2のデータは、address1のデータから推測されるデータに一致しません。（自動チェック機構が参照するデータセットに合致しないか、表記が異なります。  ,ERROR: prefectureの列の情報がありません。元データに都道府県情報が欠落している可能性があります。入力されたデータ形式は、自動チェック機構が推奨する形式ではありません。  ,
2222,白木町3440,,白木町,,3440,,,ERROR: address2のデータは、address1のデータから推測されるデータに一致しません。（自動チェック機構が参照するデータセットに合致しないか、表記が異なります。  ,ERROR: prefectureの列の情報がありません。元データに都道府県情報が欠落している可能性があります。入力されたデータ形式は、自動チェック機構が推奨する形式ではありません。  ,
2223,白木町2211,,白木町,,2211,,,ERROR: address2のデータは、address1のデータから推測されるデータに一致しません。（自動チェック機構が参照するデータセットに合致しないか、表記が異なります。  ,ERROR: prefectureの列の情報がありません。元データに都道府県情報が欠落している可能性があります。入力されたデータ形式は、自動チェック機構が推奨する形式ではありません。  ,
2224,白木町3430,,白木町,,3430,,,ERROR: address2のデータは、address1のデータから推測されるデータに一致しません。（自動チェック機構が参照するデータセットに合致しないか、表記が異なります。  ,ERROR: prefectureの列の情報がありません。元データに都道府県情報が欠落している可能性があります。入力されたデータ形式は、自動チェック機構が推奨する形式ではありません。  ,
2225,アイリス町10-26,,アイリス町,,10-26,,,ERROR: address2のデータは、address1のデータから推測されるデータに一致しません。（自動チェック機構が参照するデータセットに合致しないか、表記が異なります。  ,ERROR: prefectureの列の情報がありません。元データに都道府県情報が欠落している可能性があります。入力されたデータ形式は、自動チェック機構が推奨する形式ではありません。  ,
2226,アイリス町10-26,,アイリス町,,10-26,,,ERROR: address2のデータは、address1のデータから推測されるデータに一致しません。（自動チェック機構が参照するデータセットに合致しないか、表記が異なります。  ,ERROR: prefectureの列の情報がありません。元データに都道府県情報が欠落している可能性があります。入力されたデータ形式は、自動チェック機構が推奨する形式ではありません。  ,
2227,アイリス町11-30,,アイリス町,,11-30,,,ERROR: address2のデータは、address1のデータから推測されるデータに一致しません。（自動チェック機構が参照するデータセットに合致しないか、表記が異なります。  ,ERROR: prefectureの列の情報がありません。元データに都道府県情報が欠落している可能性があります。入力されたデータ形式は、自動チェック機構が推奨する形式ではありません。  ,
2228,アイリス町11-30,,アイリス町,,11-30,,,ERROR: address2のデータは、address1のデータから推測されるデータに一致しません。（自動チェック機構が参照するデータセットに合致しないか、表記が異なります。  ,ERROR: prefectureの列の情報がありません。元データに都道府県情報が欠落している可能性があります。入力されたデータ形式は、自動チェック機構が推奨する形式ではありません。  ,
2229,アイリス町13-40,,アイリス町,,13-40,,,ERROR: address2のデータは、address1のデータから推測されるデータに一致しません。（自動チェック機構が参照するデータセットに合致しないか、表記が異なります。  ,ERROR: prefectureの列の情報がありません。元データに都道府県情報が欠落している可能性があります。入力されたデータ形式は、自動チェック機構が推奨する形式ではありません。  ,
2230,アイリス町13-87,,アイリス町,,13-87,,,ERROR: address2のデータは、address1のデータから推測されるデータに一致しません。（自動チェック機構が参照するデータセットに合致しないか、表記が異なります。  ,ERROR: prefectureの列の情報がありません。元データに都道府県情報が欠落している可能性があります。入力されたデータ形式は、自動チェック機構が推奨する形式ではありません。  ,
2231,アイリス町13-87,,アイリス町,,13-87,,,ERROR: address2のデータは、address1のデータから推測されるデータに一致しません。（自動チェック機構が参照するデータセットに合致しないか、表記が異なります。  ,ERROR: prefectureの列の情報がありません。元データに都道府県情報が欠落している可能性があります。入力されたデータ形式は、自動チェック機構が推奨する形式ではありません。  ,
2232,アイリス町14-39,,アイリス町,,14-39,,,ERROR: address2のデータは、address1のデータから推測されるデータに一致しません。（自動チェック機構が参照するデータセットに合致しないか、表記が異なります。  ,ERROR: prefectureの列の情報がありません。元データに都道府県情報が欠落している可能性があります。入力されたデータ形式は、自動チェック機構が推奨する形式ではありません。  ,
2233,アイリス町14-39,,アイリス町,,14-39,,,ERROR: address2のデータは、address1のデータから推測されるデータに一致しません。（自動チェック機構が参照するデータセットに合致しないか、表記が異なります。  ,ERROR: prefectureの列の情報がありません。元データに都道府県情報が欠落している可能性があります。入力されたデータ形式は、自動チェック機構が推奨する形式ではありません。  ,
2234,アイリス町15-15,,アイリス町,,15-15,,,ERROR: address2のデータは、address1のデータから推測されるデータに一致しません。（自動チェック機構が参照するデータセットに合致しないか、表記が異なります。  ,ERROR: prefectureの列の情報がありません。元データに都道府県情報が欠落している可能性があります。入力されたデータ形式は、自動チェック機構が推奨する形式ではありません。  ,
2235,アイリス町15-4,,アイリス町,,15-4,,,ERROR: address2のデータは、address1のデータから推測されるデータに一致しません。（自動チェック機構が参照するデータセットに合致しないか、表記が異なります。  ,ERROR: prefectureの列の情報がありません。元データに都道府県情報が欠落している可能性があります。入力されたデータ形式は、自動チェック機構が推奨する形式ではありません。  ,
2236,アイリス町15-4,,アイリス町,,15-4,,,ERROR: address2のデータは、address1のデータから推測されるデータに一致しません。（自動チェック機構が参照するデータセットに合致しないか、表記が異なります。  ,ERROR: prefectureの列の情報がありません。元データに都道府県情報が欠落している可能性があります。入力されたデータ形式は、自動チェック機構が推奨する形式ではありません。  ,
2237,みずきが丘11-3,,,みずきが丘,11-3,,,,ERROR: prefectureの列の情報がありません。元データに都道府県情報が欠落している可能性があります。入力されたデータ形式は、自動チェック機構が推奨する形式ではありません。  ERROR: address1の列の情報がありません。市区町村以降の自動チェック機構はこの行には働きません。  ,
2238,みずきが丘12-10,,,みずきが丘,12-10,,,,ERROR: prefectureの列の情報がありません。元データに都道府県情報が欠落している可能性があります。入力されたデータ形式は、自動チェック機構が推奨する形式ではありません。  ERROR: address1の列の情報がありません。市区町村以降の自動チェック機構はこの行には働きません。  ,
2239,みずきが丘12-6,,,みずきが丘,12-6,,,,ERROR: prefectureの列の情報がありません。元データに都道府県情報が欠落している可能性があります。入力されたデータ形式は、自動チェック機構が推奨する形式ではありません。  ERROR: address1の列の情報がありません。市区町村以降の自動チェック機構はこの行には働きません。  ,
2240,みずきが丘12-6,,,みずきが丘,12-6,,,,ERROR: prefectureの列の情報がありません。元データに都道府県情報が欠落している可能性があります。入力されたデータ形式は、自動チェック機構が推奨する形式ではありません。  ERROR: address1の列の情報がありません。市区町村以降の自動チェック機構はこの行には働きません。  ,
2241,みずきが丘12-6,,,みずきが丘,12-6,,,,ERROR: prefectureの列の情報がありません。元データに都道府県情報が欠落している可能性があります。入力されたデータ形式は、自動チェック機構が推奨する形式ではありません。  ERROR: address1の列の情報がありません。市区町村以降の自動チェック機構はこの行には働きません。  ,
2242,みずきが丘13-10,,,みずきが丘,13-10,,,,ERROR: prefectureの列の情報がありません。元データに都道府県情報が欠落している可能性があります。入力されたデータ形式は、自動チェック機構が推奨する形式ではありません。  ERROR: address1の列の情報がありません。市区町村以降の自動チェック機構はこの行には働きません。  ,
2243,みずきが丘13-10,,,みずきが丘,13-10,,,,ERROR: prefectureの列の情報がありません。元データに都道府県情報が欠落している可能性があります。入力されたデータ形式は、自動チェック機構が推奨する形式ではありません。  ERROR: address1の列の情報がありません。市区町村以降の自動チェック機構はこの行には働きません。  ,
2244,みずきが丘1-6,,,みずきが丘,1-6,,,,ERROR: prefectureの列の情報がありません。元データに都道府県情報が欠落している可能性があります。入力されたデータ形式は、自動チェック機構が推奨する形式ではありません。  ERROR: address1の列の情報がありません。市区町村以降の自動チェック機構はこの行には働きません。  ,
2245,みずきが丘18-13,,,みずきが丘,18-13,,,,ERROR: prefectureの列の情報がありません。元データに都道府県情報が欠落している可能性があります。入力されたデータ形式は、自動チェック機構が推奨する形式ではありません。  ERROR: address1の列の情報がありません。市区町村以降の自動チェック機構はこの行には働きません。  ,
2246,みずきが丘18-15,,,みずきが丘,18-15,,,,ERROR: prefectureの列の情報がありません。元データに都道府県情報が欠落している可能性があります。入力されたデータ形式は、自動チェック機構が推奨する形式ではありません。  ERROR: address1の列の情報がありません。市区町村以降の自動チェック機構はこの行には働きません。  ,
2247,みずきが丘18-15,,,みずきが丘,18-15,,,,ERROR: prefectureの列の情報がありません。元データに都道府県情報が欠落している可能性があります。入力されたデータ形式は、自動チェック機構が推奨する形式ではありません。  ERROR: address1の列の情報がありません。市区町村以降の自動チェック機構はこの行には働きません。  ,
2248,みずきが丘20-6,,,みずきが丘,20-6,,,,ERROR: prefectureの列の情報がありません。元データに都道府県情報が欠落している可能性があります。入力されたデータ形式は、自動チェック機構が推奨する形式ではありません。  ERROR: address1の列の情報がありません。市区町村以降の自動チェック機構はこの行には働きません。  ,
2249,みずきが丘25-4,,,みずきが丘,25-4,,,,ERROR: prefectureの列の情報がありません。元データに都道府県情報が欠落している可能性があります。入力されたデータ形式は、自動チェック機構が推奨する形式ではありません。  ERROR: address1の列の情報がありません。市区町村以降の自動チェック機構はこの行には働きません。  ,
2250,みずきが丘25-4,,,みずきが丘,25-4,,,,ERROR: prefectureの列の情報がありません。元データに都道府県情報が欠落している可能性があります。入力されたデータ形式は、自動チェック機構が推奨する形式ではありません。  ERROR: address1の列の情報がありません。市区町村以降の自動チェック機構はこの行には働きません。  ,
2251,みずきが丘25-7,,,みずきが丘,25-7,,,,ERROR: prefectureの列の情報がありません。元データに都道府県情報が欠落している可能性があります。入力されたデータ形式は、自動チェック機構が推奨する形式ではありません。  ERROR: address1の列の情報がありません。市区町村以降の自動チェック機構はこの行には働きません。  ,
2252,みずきが丘25-7,,,みずきが丘,25-7,,,,ERROR: prefectureの列の情報がありません。元データに都道府県情報が欠落している可能性があります。入力されたデータ形式は、自動チェック機構が推奨する形式ではありません。  ERROR: address1の列の情報がありません。市区町村以降の自動チェック機構はこの行には働きません。  ,
2253,みずきが丘29-4,,,みずきが丘,29-4,,,,ERROR: prefectureの列の情報がありません。元データに都道府県情報が欠落している可能性があります。入力されたデータ形式は、自動チェック機構が推奨する形式ではありません。  ERROR: address1の列の情報がありません。市区町村以降の自動チェック機構はこの行には働きません。  ,
2254,みずきが丘29-7,,,みずきが丘,29-7,,,,ERROR: prefectureの列の情報がありません。元データに都道府県情報が欠落している可能性があります。入力されたデータ形式は、自動チェック機構が推奨する形式ではありません。  ERROR: address1の列の情報がありません。市区町村以降の自動チェック機構はこの行には働きません。  ,
2255,みずきが丘3-10,,,みずきが丘,3-10,,,,ERROR: prefectureの列の情報がありません。元データに都道府県情報が欠落している可能性があります。入力されたデータ形式は、自動チェック機構が推奨する形式ではありません。  ERROR: address1の列の情報がありません。市区町村以降の自動チェック機構はこの行には働きません。  ,
2256,みずきが丘34-10,,,みずきが丘,34-10,,,,ERROR: prefectureの列の情報がありません。元データに都道府県情報が欠落している可能性があります。入力されたデータ形式は、自動チェック機構が推奨する形式ではありません。  ERROR: address1の列の情報がありません。市区町村以降の自動チェック機構はこの行には働きません。  ,
2257,みずきが丘34-10,,,みずきが丘,34-10,,,,ERROR: prefectureの列の情報がありません。元データに都道府県情報が欠落している可能性があります。入力されたデータ形式は、自動チェック機構が推奨する形式ではありません。  ERROR: address1の列の情報がありません。市区町村以降の自動チェック機構はこの行には働きません。  ,
2258,みずきが丘36-4,,,みずきが丘,36-4,,,,ERROR: prefectureの列の情報がありません。元データに都道府県情報が欠落している可能性があります。入力されたデータ形式は、自動チェック機構が推奨する形式ではありません。  ERROR: address1の列の情報がありません。市区町村以降の自動チェック機構はこの行には働きません。  ,
2259,みずきが丘39-5,,,みずきが丘,39-5,,,,ERROR: prefectureの列の情報がありません。元データに都道府県情報が欠落している可能性があります。入力されたデータ形式は、自動チェック機構が推奨する形式ではありません。  ERROR: address1の列の情報がありません。市区町村以降の自動チェック機構はこの行には働きません。  ,
2260,みずきが丘39-5,,,みずきが丘,39-5,,,,ERROR: prefectureの列の情報がありません。元データに都道府県情報が欠落している可能性があります。入力されたデータ形式は、自動チェック機構が推奨する形式ではありません。  ERROR: address1の列の情報がありません。市区町村以降の自動チェック機構はこの行には働きません。  ,
2261,みずきが丘40-2,,,みずきが丘,40-2,,,,ERROR: prefectureの列の情報がありません。元データに都道府県情報が欠落している可能性があります。入力されたデータ形式は、自動チェック機構が推奨する形式ではありません。  ERROR: address1の列の情報がありません。市区町村以降の自動チェック機構はこの行には働きません。  ,
2262,みずきが丘41-7,,,みずきが丘,41-7,,,,ERROR: prefectureの列の情報がありません。元データに都道府県情報が欠落している可能性があります。入力されたデータ形式は、自動チェック機構が推奨する形式ではありません。  ERROR: address1の列の情報がありません。市区町村以降の自動チェック機構はこの行には働きません。  ,
2263,みずきが丘5-5,,,みずきが丘,5-5,,,,ERROR: prefectureの列の情報がありません。元データに都道府県情報が欠落している可能性があります。入力されたデータ形式は、自動チェック機構が推奨する形式ではありません。  ERROR: address1の列の情報がありません。市区町村以降の自動チェック機構はこの行には働きません。  ,
2264,みずきが丘5-5,,,みずきが丘,5-5,,,,ERROR: prefectureの列の情報がありません。元データに都道府県情報が欠落している可能性があります。入力されたデータ形式は、自動チェック機構が推奨する形式ではありません。  ERROR: address1の列の情報がありません。市区町村以降の自動チェック機構はこの行には働きません。  ,
2265,みずきが丘5-5,,,みずきが丘,5-5,,,,ERROR: prefectureの列の情報がありません。元データに都道府県情報が欠落している可能性があります。入力されたデータ形式は、自動チェック機構が推奨する形式ではありません。  ERROR: address1の列の情報がありません。市区町村以降の自動チェック機構はこの行には働きません。  ,
2266,みずきが丘5-5,,,みずきが丘,5-5,,,,ERROR: prefectureの列の情報がありません。元データに都道府県情報が欠落している可能性があります。入力されたデータ形式は、自動チェック機構が推奨する形式ではありません。  ERROR: address1の列の情報がありません。市区町村以降の自動チェック機構はこの行には働きません。  ,
2267,みずきが丘57-1,,,みずきが丘,57-1,,,,ERROR: prefectureの列の情報がありません。元データに都道府県情報が欠落している可能性があります。入力されたデータ形式は、自動チェック機構が推奨する形式ではありません。  ERROR: address1の列の情報がありません。市区町村以降の自動チェック機構はこの行には働きません。  ,
2268,みずきが丘58-1,,,みずきが丘,58-1,,,,ERROR: prefectureの列の情報がありません。元データに都道府県情報が欠落している可能性があります。入力されたデータ形式は、自動チェック機構が推奨する形式ではありません。  ERROR: address1の列の情報がありません。市区町村以降の自動チェック機構はこの行には働きません。  ,
2269,みずきが丘5-9,,,みずきが丘,5-9,,,,ERROR: prefectureの列の情報がありません。元データに都道府県情報が欠落している可能性があります。入力されたデータ形式は、自動チェック機構が推奨する形式ではありません。  ERROR: address1の列の情報がありません。市区町村以降の自動チェック機構はこの行には働きません。  ,
2270,みずきが丘5-9,,,みずきが丘,5-9,,,,ERROR: prefectureの列の情報がありません。元データに都道府県情報が欠落している可能性があります。入力されたデータ形式は、自動チェック機構が推奨する形式ではありません。  ERROR: address1の列の情報がありません。市区町村以降の自動チェック機構はこの行には働きません。  ,
2271,みずきが丘59-5,,,みずきが丘,59-5,,,,ERROR: prefectureの列の情報がありません。元データに都道府県情報が欠落している可能性があります。入力されたデータ形式は、自動チェック機構が推奨する形式ではありません。  ERROR: address1の列の情報がありません。市区町村以降の自動チェック機構はこの行には働きません。  ,
2272,みずきが丘59-5,,,みずきが丘,59-5,,,,ERROR: prefectureの列の情報がありません。元データに都道府県情報が欠落している可能性があります。入力されたデータ形式は、自動チェック機構が推奨する形式ではありません。  ERROR: address1の列の情報がありません。市区町村以降の自動チェック機構はこの行には働きません。  ,
2273,みずきが丘64-12,,,みずきが丘,64-12,,,,ERROR: prefectureの列の情報がありません。元データに都道府県情報が欠落している可能性があります。入力されたデータ形式は、自動チェック機構が推奨する形式ではありません。  ERROR: address1の列の情報がありません。市区町村以降の自動チェック機構はこの行には働きません。  ,
2274,みずきが丘64-12,,,みずきが丘,64-12,,,,ERROR: prefectureの列の情報がありません。元データに都道府県情報が欠落している可能性があります。入力されたデータ形式は、自動チェック機構が推奨する形式ではありません。  ERROR: address1の列の情報がありません。市区町村以降の自動チェック機構はこの行には働きません。  ,
2275,みずきが丘64-17,,,みずきが丘,64-17,,,,ERROR: prefectureの列の情報がありません。元データに都道府県情報が欠落している可能性があります。入力されたデータ形式は、自動チェック機構が推奨する形式ではありません。  ERROR: address1の列の情報がありません。市区町村以降の自動チェック機構はこの行には働きません。  ,
2276,みずきが丘64-17,,,みずきが丘,64-17,,,,ERROR: prefectureの列の情報がありません。元データに都道府県情報が欠落している可能性があります。入力されたデータ形式は、自動チェック機構が推奨する形式ではありません。  ERROR: address1の列の情報がありません。市区町村以降の自動チェック機構はこの行には働きません。  ,
2277,みずきが丘67-2,,,みずきが丘,67-2,,,,ERROR: prefectureの列の情報がありません。元データに都道府県情報が欠落している可能性があります。入力されたデータ形式は、自動チェック機構が推奨する形式ではありません。  ERROR: address1の列の情報がありません。市区町村以降の自動チェック機構はこの行には働きません。  ,
2278,みずきが丘71-1,,,みずきが丘,71-1,,,,ERROR: prefectureの列の情報がありません。元データに都道府県情報が欠落している可能性があります。入力されたデータ形式は、自動チェック機構が推奨する形式ではありません。  ERROR: address1の列の情報がありません。市区町村以降の自動チェック機構はこの行には働きません。  ,
2279,みずきが丘71-1,,,みずきが丘,71-1,,,,ERROR: prefectureの列の情報がありません。元データに都道府県情報が欠落している可能性があります。入力されたデータ形式は、自動チェック機構が推奨する形式ではありません。  ERROR: address1の列の情報がありません。市区町村以降の自動チェック機構はこの行には働きません。  ,
2280,みずきが丘71-2,,,みずきが丘,71-2,,,,ERROR: prefectureの列の情報がありません。元データに都道府県情報が欠落している可能性があります。入力されたデータ形式は、自動チェック機構が推奨する形式ではありません。  ERROR: address1の列の情報がありません。市区町村以降の自動チェック機構はこの行には働きません。  ,
2281,みずきが丘71-2,,,みずきが丘,71-2,,,,ERROR: prefectureの列の情報がありません。元データに都道府県情報が欠落している可能性があります。入力されたデータ形式は、自動チェック機構が推奨する形式ではありません。  ERROR: address1の列の情報がありません。市区町村以降の自動チェック機構はこの行には働きません。  ,
2282,みずきが丘72-5,,,みずきが丘,72-5,,,,ERROR: prefectureの列の情報がありません。元データに都道府県情報が欠落している可能性があります。入力されたデータ形式は、自動チェック機構が推奨する形式ではありません。  ERROR: address1の列の情報がありません。市区町村以降の自動チェック機構はこの行には働きません。  ,
2283,みずきが丘7-4,,,みずきが丘,7-4,,,,ERROR: prefectureの列の情報がありません。元データに都道府県情報が欠落している可能性があります。入力されたデータ形式は、自動チェック機構が推奨する形式ではありません。  ERROR: address1の列の情報がありません。市区町村以降の自動チェック機構はこの行には働きません。  ,
2284,みずきが丘7-4,,,みずきが丘,7-4,,,,ERROR: prefectureの列の情報がありません。元データに都道府県情報が欠落している可能性があります。入力されたデータ形式は、自動チェック機構が推奨する形式ではありません。  ERROR: address1の列の情報がありません。市区町村以降の自動チェック機構はこの行には働きません。  ,
2285,みずきが丘76-2,,,みずきが丘,76-2,,,,ERROR: prefectureの列の情報がありません。元データに都道府県情報が欠落している可能性があります。入力されたデータ形式は、自動チェック機構が推奨する形式ではありません。  ERROR: address1の列の情報がありません。市区町村以降の自動チェック機構はこの行には働きません。  ,
2286,みずきが丘76-4,,,みずきが丘,76-4,,,,ERROR: prefectureの列の情報がありません。元データに都道府県情報が欠落している可能性があります。入力されたデータ形式は、自動チェック機構が推奨する形式ではありません。  ERROR: address1の列の情報がありません。市区町村以降の自動チェック機構はこの行には働きません。  ,
2287,みずきが丘76-4,,,みずきが丘,76-4,,,,ERROR: prefectureの列の情報がありません。元データに都道府県情報が欠落している可能性があります。入力されたデータ形式は、自動チェック機構が推奨する形式ではありません。  ERROR: address1の列の情報がありません。市区町村以降の自動チェック機構はこの行には働きません。  ,
2288,みずきが丘76-7,,,みずきが丘,76-7,,,,ERROR: prefectureの列の情報がありません。元データに都道府県情報が欠落している可能性があります。入力されたデータ形式は、自動チェック機構が推奨する形式ではありません。  ERROR: address1の列の情報がありません。市区町村以降の自動チェック機構はこの行には働きません。  ,
2289,みずきが丘76-7,,,みずきが丘,76-7,,,,ERROR: prefectureの列の情報がありません。元データに都道府県情報が欠落している可能性があります。入力されたデータ形式は、自動チェック機構が推奨する形式ではありません。  ERROR: address1の列の情報がありません。市区町村以降の自動チェック機構はこの行には働きません。  ,
2290,みずきが丘78-9,,,みずきが丘,78-9,,,,ERROR: prefectureの列の情報がありません。元データに都道府県情報が欠落している可能性があります。入力されたデータ形式は、自動チェック機構が推奨する形式ではありません。  ERROR: address1の列の情報がありません。市区町村以降の自動チェック機構はこの行には働きません。  ,
2291,みずきが丘78-9,,,みずきが丘,78-9,,,,ERROR: prefectureの列の情報がありません。元データに都道府県情報が欠落している可能性があります。入力されたデータ形式は、自動チェック機構が推奨する形式ではありません。  ERROR: address1の列の情報がありません。市区町村以降の自動チェック機構はこの行には働きません。  ,
2292,みずきが丘8-1,,,みずきが丘,8-1,,,,ERROR: prefectureの列の情報がありません。元データに都道府県情報が欠落している可能性があります。入力されたデータ形式は、自動チェック機構が推奨する形式ではありません。  ERROR: address1の列の情報がありません。市区町村以降の自動チェック機構はこの行には働きません。  ,
2293,みずきが丘8-1,,,みずきが丘,8-1,,,,ERROR: prefectureの列の情報がありません。元データに都道府県情報が欠落している可能性があります。入力されたデータ形式は、自動チェック機構が推奨する形式ではありません。  ERROR: address1の列の情報がありません。市区町村以降の自動チェック機構はこの行には働きません。  ,
2294,みずきが丘22-2,,,みずきが丘,22-2,,,,ERROR: prefectureの列の情報がありません。元データに都道府県情報が欠落している可能性があります。入力されたデータ形式は、自動チェック機構が推奨する形式ではありません。  ERROR: address1の列の情報がありません。市区町村以降の自動チェック機構はこの行には働きません。  ,
2295,川崎町121-5,,川崎町,,121-5,,,ERROR: address2のデータは、address1のデータから推測されるデータに一致しません。（自動チェック機構が参照するデータセットに合致しないか、表記が異なります。  ,ERROR: prefectureの列の情報がありません。元データに都道府県情報が欠落している可能性があります。入力されたデータ形式は、自動チェック機構が推奨する形式ではありません。  ,
2296,川崎町121-5,,川崎町,,121-5,,,ERROR: address2のデータは、address1のデータから推測されるデータに一致しません。（自動チェック機構が参照するデータセットに合致しないか、表記が異なります。  ,ERROR: prefectureの列の情報がありません。元データに都道府県情報が欠落している可能性があります。入力されたデータ形式は、自動チェック機構が推奨する形式ではありません。  ,
2297,川崎町143-6,,川崎町,,143-6,,,ERROR: address2のデータは、address1のデータから推測されるデータに一致しません。（自動チェック機構が参照するデータセットに合致しないか、表記が異なります。  ,ERROR: prefectureの列の情報がありません。元データに都道府県情報が欠落している可能性があります。入力されたデータ形式は、自動チェック機構が推奨する形式ではありません。  ,
2298,川崎町143-6,,川崎町,,143-6,,,ERROR: address2のデータは、address1のデータから推測されるデータに一致しません。（自動チェック機構が参照するデータセットに合致しないか、表記が異なります。  ,ERROR: prefectureの列の情報がありません。元データに都道府県情報が欠落している可能性があります。入力されたデータ形式は、自動チェック機構が推奨する形式ではありません。  ,
2299,川崎町143-6,,川崎町,,143-6,,,ERROR: address2のデータは、address1のデータから推測されるデータに一致しません。（自動チェック機構が参照するデータセットに合致しないか、表記が異なります。  ,ERROR: prefectureの列の情報がありません。元データに都道府県情報が欠落している可能性があります。入力されたデータ形式は、自動チェック機構が推奨する形式ではありません。  ,
2300,川崎町143-6,,川崎町,,143-6,,,ERROR: address2のデータは、address1のデータから推測されるデータに一致しません。（自動チェック機構が参照するデータセットに合致しないか、表記が異なります。  ,ERROR: prefectureの列の情報がありません。元データに都道府県情報が欠落している可能性があります。入力されたデータ形式は、自動チェック機構が推奨する形式ではありません。  ,
2301,川崎町1886,,川崎町,,1886,,,ERROR: address2のデータは、address1のデータから推測されるデータに一致しません。（自動チェック機構が参照するデータセットに合致しないか、表記が異なります。  ,ERROR: prefectureの列の情報がありません。元データに都道府県情報が欠落している可能性があります。入力されたデータ形式は、自動チェック機構が推奨する形式ではありません。  ,
2302,川崎町1924,,川崎町,,1924,,,ERROR: address2のデータは、address1のデータから推測されるデータに一致しません。（自動チェック機構が参照するデータセットに合致しないか、表記が異なります。  ,ERROR: prefectureの列の情報がありません。元データに都道府県情報が欠落している可能性があります。入力されたデータ形式は、自動チェック機構が推奨する形式ではありません。  ,
2303,川崎町1947,,川崎町,,1947,,,ERROR: address2のデータは、address1のデータから推測されるデータに一致しません。（自動チェック機構が参照するデータセットに合致しないか、表記が異なります。  ,ERROR: prefectureの列の情報がありません。元データに都道府県情報が欠落している可能性があります。入力されたデータ形式は、自動チェック機構が推奨する形式ではありません。  ,
2304,川崎町1952,,川崎町,,1952,,,ERROR: address2のデータは、address1のデータから推測されるデータに一致しません。（自動チェック機構が参照するデータセットに合致しないか、表記が異なります。  ,ERROR: prefectureの列の情報がありません。元データに都道府県情報が欠落している可能性があります。入力されたデータ形式は、自動チェック機構が推奨する形式ではありません。  ,
2305,川崎町1963,,川崎町,,1963,,,ERROR: address2のデータは、address1のデータから推測されるデータに一致しません。（自動チェック機構が参照するデータセットに合致しないか、表記が異なります。  ,ERROR: prefectureの列の情報がありません。元データに都道府県情報が欠落している可能性があります。入力されたデータ形式は、自動チェック機構が推奨する形式ではありません。  ,
2306,川崎町1971,,川崎町,,1971,,,ERROR: address2のデータは、address1のデータから推測されるデータに一致しません。（自動チェック機構が参照するデータセットに合致しないか、表記が異なります。  ,ERROR: prefectureの列の情報がありません。元データに都道府県情報が欠落している可能性があります。入力されたデータ形式は、自動チェック機構が推奨する形式ではありません。  ,
2307,川崎町1979,,川崎町,,1979,,,ERROR: address2のデータは、address1のデータから推測されるデータに一致しません。（自動チェック機構が参照するデータセットに合致しないか、表記が異なります。  ,ERROR: prefectureの列の情報がありません。元データに都道府県情報が欠落している可能性があります。入力されたデータ形式は、自動チェック機構が推奨する形式ではありません。  ,
2308,川崎町1979,,川崎町,,1979,,,ERROR: address2のデータは、address1のデータから推測されるデータに一致しません。（自動チェック機構が参照するデータセットに合致しないか、表記が異なります。  ,ERROR: prefectureの列の情報がありません。元データに都道府県情報が欠落している可能性があります。入力されたデータ形式は、自動チェック機構が推奨する形式ではありません。  ,
2309,川崎町1979,,川崎町,,1979,,,ERROR: address2のデータは、address1のデータから推測されるデータに一致しません。（自動チェック機構が参照するデータセットに合致しないか、表記が異なります。  ,ERROR: prefectureの列の情報がありません。元データに都道府県情報が欠落している可能性があります。入力されたデータ形式は、自動チェック機構が推奨する形式ではありません。  ,
2310,川崎町1979,,川崎町,,1979,,,ERROR: address2のデータは、address1のデータから推測されるデータに一致しません。（自動チェック機構が参照するデータセットに合致しないか、表記が異なります。  ,ERROR: prefectureの列の情報がありません。元データに都道府県情報が欠落している可能性があります。入力されたデータ形式は、自動チェック機構が推奨する形式ではありません。  ,
2311,川崎町1981,,川崎町,,1981,,,ERROR: address2のデータは、address1のデータから推測されるデータに一致しません。（自動チェック機構が参照するデータセットに合致しないか、表記が異なります。  ,ERROR: prefectureの列の情報がありません。元データに都道府県情報が欠落している可能性があります。入力されたデータ形式は、自動チェック機構が推奨する形式ではありません。  ,
2312,川崎町1981,,川崎町,,1981,,,ERROR: address2のデータは、address1のデータから推測されるデータに一致しません。（自動チェック機構が参照するデータセットに合致しないか、表記が異なります。  ,ERROR: prefectureの列の情報がありません。元データに都道府県情報が欠落している可能性があります。入力されたデータ形式は、自動チェック機構が推奨する形式ではありません。  ,
2313,川崎町1981,,川崎町,,1981,,,ERROR: address2のデータは、address1のデータから推測されるデータに一致しません。（自動チェック機構が参照するデータセットに合致しないか、表記が異なります。  ,ERROR: prefectureの列の情報がありません。元データに都道府県情報が欠落している可能性があります。入力されたデータ形式は、自動チェック機構が推奨する形式ではありません。  ,
2314,川崎町2008-3,,川崎町,,2008-3,,,ERROR: address2のデータは、address1のデータから推測されるデータに一致しません。（自動チェック機構が参照するデータセットに合致しないか、表記が異なります。  ,ERROR: prefectureの列の情報がありません。元データに都道府県情報が欠落している可能性があります。入力されたデータ形式は、自動チェック機構が推奨する形式ではありません。  ,
2315,川崎町2008-3,,川崎町,,2008-3,,,ERROR: address2のデータは、address1のデータから推測されるデータに一致しません。（自動チェック機構が参照するデータセットに合致しないか、表記が異なります。  ,ERROR: prefectureの列の情報がありません。元データに都道府県情報が欠落している可能性があります。入力されたデータ形式は、自動チェック機構が推奨する形式ではありません。  ,
2316,川崎町2008-3,,川崎町,,2008-3,,,ERROR: address2のデータは、address1のデータから推測されるデータに一致しません。（自動チェック機構が参照するデータセットに合致しないか、表記が異なります。  ,ERROR: prefectureの列の情報がありません。元データに都道府県情報が欠落している可能性があります。入力されたデータ形式は、自動チェック機構が推奨する形式ではありません。  ,
2317,川崎町2019,,川崎町,,2019,,,ERROR: address2のデータは、address1のデータから推測されるデータに一致しません。（自動チェック機構が参照するデータセットに合致しないか、表記が異なります。  ,ERROR: prefectureの列の情報がありません。元データに都道府県情報が欠落している可能性があります。入力されたデータ形式は、自動チェック機構が推奨する形式ではありません。  ,
2318,川崎町2019,,川崎町,,2019,,,ERROR: address2のデータは、address1のデータから推測されるデータに一致しません。（自動チェック機構が参照するデータセットに合致しないか、表記が異なります。  ,ERROR: prefectureの列の情報がありません。元データに都道府県情報が欠落している可能性があります。入力されたデータ形式は、自動チェック機構が推奨する形式ではありません。  ,
2319,川崎町2019,,川崎町,,2019,,,ERROR: address2のデータは、address1のデータから推測されるデータに一致しません。（自動チェック機構が参照するデータセットに合致しないか、表記が異なります。  ,ERROR: prefectureの列の情報がありません。元データに都道府県情報が欠落している可能性があります。入力されたデータ形式は、自動チェック機構が推奨する形式ではありません。  ,
2320,川崎町2021,,川崎町,,2021,,,ERROR: address2のデータは、address1のデータから推測されるデータに一致しません。（自動チェック機構が参照するデータセットに合致しないか、表記が異なります。  ,ERROR: prefectureの列の情報がありません。元データに都道府県情報が欠落している可能性があります。入力されたデータ形式は、自動チェック機構が推奨する形式ではありません。  ,
2321,川崎町2021,,川崎町,,2021,,,ERROR: address2のデータは、address1のデータから推測されるデータに一致しません。（自動チェック機構が参照するデータセットに合致しないか、表記が異なります。  ,ERROR: prefectureの列の情報がありません。元データに都道府県情報が欠落している可能性があります。入力されたデータ形式は、自動チェック機構が推奨する形式ではありません。  ,
2322,川崎町2021,,川崎町,,2021,,,ERROR: address2のデータは、address1のデータから推測されるデータに一致しません。（自動チェック機構が参照するデータセットに合致しないか、表記が異なります。  ,ERROR: prefectureの列の情報がありません。元データに都道府県情報が欠落している可能性があります。入力されたデータ形式は、自動チェック機構が推奨する形式ではありません。  ,
2323,川崎町2021,,川崎町,,2021,,,ERROR: address2のデータは、address1のデータから推測されるデータに一致しません。（自動チェック機構が参照するデータセットに合致しないか、表記が異なります。  ,ERROR: prefectureの列の情報がありません。元データに都道府県情報が欠落している可能性があります。入力されたデータ形式は、自動チェック機構が推奨する形式ではありません。  ,
2324,川崎町2021,,川崎町,,2021,,,ERROR: address2のデータは、address1のデータから推測されるデータに一致しません。（自動チェック機構が参照するデータセットに合致しないか、表記が異なります。  ,ERROR: prefectureの列の情報がありません。元データに都道府県情報が欠落している可能性があります。入力されたデータ形式は、自動チェック機構が推奨する形式ではありません。  ,
2325,川崎町2021,,川崎町,,2021,,,ERROR: address2のデータは、address1のデータから推測されるデータに一致しません。（自動チェック機構が参照するデータセットに合致しないか、表記が異なります。  ,ERROR: prefectureの列の情報がありません。元データに都道府県情報が欠落している可能性があります。入力されたデータ形式は、自動チェック機構が推奨する形式ではありません。  ,
2326,川崎町2025,,川崎町,,2025,,,ERROR: address2のデータは、address1のデータから推測されるデータに一致しません。（自動チェック機構が参照するデータセットに合致しないか、表記が異なります。  ,ERROR: prefectureの列の情報がありません。元データに都道府県情報が欠落している可能性があります。入力されたデータ形式は、自動チェック機構が推奨する形式ではありません。  ,
2327,川崎町2036,,川崎町,,2036,,,ERROR: address2のデータは、address1のデータから推測されるデータに一致しません。（自動チェック機構が参照するデータセットに合致しないか、表記が異なります。  ,ERROR: prefectureの列の情報がありません。元データに都道府県情報が欠落している可能性があります。入力されたデータ形式は、自動チェック機構が推奨する形式ではありません。  ,
2328,川崎町22-9,,川崎町,,22-9,,,ERROR: address2のデータは、address1のデータから推測されるデータに一致しません。（自動チェック機構が参照するデータセットに合致しないか、表記が異なります。  ,ERROR: prefectureの列の情報がありません。元データに都道府県情報が欠落している可能性があります。入力されたデータ形式は、自動チェック機構が推奨する形式ではありません。  ,
2329,川崎町2421,,川崎町,,2421,,,ERROR: address2のデータは、address1のデータから推測されるデータに一致しません。（自動チェック機構が参照するデータセットに合致しないか、表記が異なります。  ,ERROR: prefectureの列の情報がありません。元データに都道府県情報が欠落している可能性があります。入力されたデータ形式は、自動チェック機構が推奨する形式ではありません。  ,
2330,川崎町2426-1,,川崎町,,2426-1,,,ERROR: address2のデータは、address1のデータから推測されるデータに一致しません。（自動チェック機構が参照するデータセットに合致しないか、表記が異なります。  ,ERROR: prefectureの列の情報がありません。元データに都道府県情報が欠落している可能性があります。入力されたデータ形式は、自動チェック機構が推奨する形式ではありません。  ,
2331,川崎町2426-1,,川崎町,,2426-1,,,ERROR: address2のデータは、address1のデータから推測されるデータに一致しません。（自動チェック機構が参照するデータセットに合致しないか、表記が異なります。  ,ERROR: prefectureの列の情報がありません。元データに都道府県情報が欠落している可能性があります。入力されたデータ形式は、自動チェック機構が推奨する形式ではありません。  ,
2332,川崎町2428,,川崎町,,2428,,,ERROR: address2のデータは、address1のデータから推測されるデータに一致しません。（自動チェック機構が参照するデータセットに合致しないか、表記が異なります。  ,ERROR: prefectureの列の情報がありません。元データに都道府県情報が欠落している可能性があります。入力されたデータ形式は、自動チェック機構が推奨する形式ではありません。  ,
2333,川崎町2428,,川崎町,,2428,,,ERROR: address2のデータは、address1のデータから推測されるデータに一致しません。（自動チェック機構が参照するデータセットに合致しないか、表記が異なります。  ,ERROR: prefectureの列の情報がありません。元データに都道府県情報が欠落している可能性があります。入力されたデータ形式は、自動チェック機構が推奨する形式ではありません。  ,
2334,川崎町2428,,川崎町,,2428,,,ERROR: address2のデータは、address1のデータから推測されるデータに一致しません。（自動チェック機構が参照するデータセットに合致しないか、表記が異なります。  ,ERROR: prefectureの列の情報がありません。元データに都道府県情報が欠落している可能性があります。入力されたデータ形式は、自動チェック機構が推奨する形式ではありません。  ,
2335,川崎町2428,,川崎町,,2428,,,ERROR: address2のデータは、address1のデータから推測されるデータに一致しません。（自動チェック機構が参照するデータセットに合致しないか、表記が異なります。  ,ERROR: prefectureの列の情報がありません。元データに都道府県情報が欠落している可能性があります。入力されたデータ形式は、自動チェック機構が推奨する形式ではありません。  ,
2336,川崎町2428,,川崎町,,2428,,,ERROR: address2のデータは、address1のデータから推測されるデータに一致しません。（自動チェック機構が参照するデータセットに合致しないか、表記が異なります。  ,ERROR: prefectureの列の情報がありません。元データに都道府県情報が欠落している可能性があります。入力されたデータ形式は、自動チェック機構が推奨する形式ではありません。  ,
2337,川崎町2436-1,,川崎町,,2436-1,,,ERROR: address2のデータは、address1のデータから推測されるデータに一致しません。（自動チェック機構が参照するデータセットに合致しないか、表記が異なります。  ,ERROR: prefectureの列の情報がありません。元データに都道府県情報が欠落している可能性があります。入力されたデータ形式は、自動チェック機構が推奨する形式ではありません。  ,
2338,川崎町2677,,川崎町,,2677,,,ERROR: address2のデータは、address1のデータから推測されるデータに一致しません。（自動チェック機構が参照するデータセットに合致しないか、表記が異なります。  ,ERROR: prefectureの列の情報がありません。元データに都道府県情報が欠落している可能性があります。入力されたデータ形式は、自動チェック機構が推奨する形式ではありません。  ,
2339,川崎町2677,,川崎町,,2677,,,ERROR: address2のデータは、address1のデータから推測されるデータに一致しません。（自動チェック機構が参照するデータセットに合致しないか、表記が異なります。  ,ERROR: prefectureの列の情報がありません。元データに都道府県情報が欠落している可能性があります。入力されたデータ形式は、自動チェック機構が推奨する形式ではありません。  ,
2340,川崎町2723,,川崎町,,2723,,,ERROR: address2のデータは、address1のデータから推測されるデータに一致しません。（自動チェック機構が参照するデータセットに合致しないか、表記が異なります。  ,ERROR: prefectureの列の情報がありません。元データに都道府県情報が欠落している可能性があります。入力されたデータ形式は、自動チェック機構が推奨する形式ではありません。  ,
2341,川崎町2723,,川崎町,,2723,,,ERROR: address2のデータは、address1のデータから推測されるデータに一致しません。（自動チェック機構が参照するデータセットに合致しないか、表記が異なります。  ,ERROR: prefectureの列の情報がありません。元データに都道府県情報が欠落している可能性があります。入力されたデータ形式は、自動チェック機構が推奨する形式ではありません。  ,
2342,川崎町2728-2,,川崎町,,2728-2,,,ERROR: address2のデータは、address1のデータから推測されるデータに一致しません。（自動チェック機構が参照するデータセットに合致しないか、表記が異なります。  ,ERROR: prefectureの列の情報がありません。元データに都道府県情報が欠落している可能性があります。入力されたデータ形式は、自動チェック機構が推奨する形式ではありません。  ,
2343,川崎町2728-2,,川崎町,,2728-2,,,ERROR: address2のデータは、address1のデータから推測されるデータに一致しません。（自動チェック機構が参照するデータセットに合致しないか、表記が異なります。  ,ERROR: prefectureの列の情報がありません。元データに都道府県情報が欠落している可能性があります。入力されたデータ形式は、自動チェック機構が推奨する形式ではありません。  ,
2344,川崎町2749-1,,川崎町,,2749-1,,,ERROR: address2のデータは、address1のデータから推測されるデータに一致しません。（自動チェック機構が参照するデータセットに合致しないか、表記が異なります。  ,ERROR: prefectureの列の情報がありません。元データに都道府県情報が欠落している可能性があります。入力されたデータ形式は、自動チェック機構が推奨する形式ではありません。  ,
2345,川崎町2749-1,,川崎町,,2749-1,,,ERROR: address2のデータは、address1のデータから推測されるデータに一致しません。（自動チェック機構が参照するデータセットに合致しないか、表記が異なります。  ,ERROR: prefectureの列の情報がありません。元データに都道府県情報が欠落している可能性があります。入力されたデータ形式は、自動チェック機構が推奨する形式ではありません。  ,
2346,川崎町2757-3,,川崎町,,2757-3,,,ERROR: address2のデータは、address1のデータから推測されるデータに一致しません。（自動チェック機構が参照するデータセットに合致しないか、表記が異なります。  ,ERROR: prefectureの列の情報がありません。元データに都道府県情報が欠落している可能性があります。入力されたデータ形式は、自動チェック機構が推奨する形式ではありません。  ,
2347,川崎町2757-3,,川崎町,,2757-3,,,ERROR: address2のデータは、address1のデータから推測されるデータに一致しません。（自動チェック機構が参照するデータセットに合致しないか、表記が異なります。  ,ERROR: prefectureの列の情報がありません。元データに都道府県情報が欠落している可能性があります。入力されたデータ形式は、自動チェック機構が推奨する形式ではありません。  ,
2348,川崎町2757-3,,川崎町,,2757-3,,,ERROR: address2のデータは、address1のデータから推測されるデータに一致しません。（自動チェック機構が参照するデータセットに合致しないか、表記が異なります。  ,ERROR: prefectureの列の情報がありません。元データに都道府県情報が欠落している可能性があります。入力されたデータ形式は、自動チェック機構が推奨する形式ではありません。  ,
2349,川崎町2757-3,,川崎町,,2757-3,,,ERROR: address2のデータは、address1のデータから推測されるデータに一致しません。（自動チェック機構が参照するデータセットに合致しないか、表記が異なります。  ,ERROR: prefectureの列の情報がありません。元データに都道府県情報が欠落している可能性があります。入力されたデータ形式は、自動チェック機構が推奨する形式ではありません。  ,
2350,川崎町2782-2,,川崎町,,2782-2,,,ERROR: address2のデータは、address1のデータから推測されるデータに一致しません。（自動チェック機構が参照するデータセットに合致しないか、表記が異なります。  ,ERROR: prefectureの列の情報がありません。元データに都道府県情報が欠落している可能性があります。入力されたデータ形式は、自動チェック機構が推奨する形式ではありません。  ,
2351,川崎町2815,,川崎町,,2815,,,ERROR: address2のデータは、address1のデータから推測されるデータに一致しません。（自動チェック機構が参照するデータセットに合致しないか、表記が異なります。  ,ERROR: prefectureの列の情報がありません。元データに都道府県情報が欠落している可能性があります。入力されたデータ形式は、自動チェック機構が推奨する形式ではありません。  ,
2352,川崎町2878,,川崎町,,2878,,,ERROR: address2のデータは、address1のデータから推測されるデータに一致しません。（自動チェック機構が参照するデータセットに合致しないか、表記が異なります。  ,ERROR: prefectureの列の情報がありません。元データに都道府県情報が欠落している可能性があります。入力されたデータ形式は、自動チェック機構が推奨する形式ではありません。  ,
2353,川崎町2878,,川崎町,,2878,,,ERROR: address2のデータは、address1のデータから推測されるデータに一致しません。（自動チェック機構が参照するデータセットに合致しないか、表記が異なります。  ,ERROR: prefectureの列の情報がありません。元データに都道府県情報が欠落している可能性があります。入力されたデータ形式は、自動チェック機構が推奨する形式ではありません。  ,
2354,川崎町2880,,川崎町,,2880,,,ERROR: address2のデータは、address1のデータから推測されるデータに一致しません。（自動チェック機構が参照するデータセットに合致しないか、表記が異なります。  ,ERROR: prefectureの列の情報がありません。元データに都道府県情報が欠落している可能性があります。入力されたデータ形式は、自動チェック機構が推奨する形式ではありません。  ,
2355,川崎町2880,,川崎町,,2880,,,ERROR: address2のデータは、address1のデータから推測されるデータに一致しません。（自動チェック機構が参照するデータセットに合致しないか、表記が異なります。  ,ERROR: prefectureの列の情報がありません。元データに都道府県情報が欠落している可能性があります。入力されたデータ形式は、自動チェック機構が推奨する形式ではありません。  ,
2356,川崎町2893,,川崎町,,2893,,,ERROR: address2のデータは、address1のデータから推測されるデータに一致しません。（自動チェック機構が参照するデータセットに合致しないか、表記が異なります。  ,ERROR: prefectureの列の情報がありません。元データに都道府県情報が欠落している可能性があります。入力されたデータ形式は、自動チェック機構が推奨する形式ではありません。  ,
2357,川崎町2893,,川崎町,,2893,,,ERROR: address2のデータは、address1のデータから推測されるデータに一致しません。（自動チェック機構が参照するデータセットに合致しないか、表記が異なります。  ,ERROR: prefectureの列の情報がありません。元データに都道府県情報が欠落している可能性があります。入力されたデータ形式は、自動チェック機構が推奨する形式ではありません。  ,
2358,川崎町2897-6,,川崎町,,2897-6,,,ERROR: address2のデータは、address1のデータから推測されるデータに一致しません。（自動チェック機構が参照するデータセットに合致しないか、表記が異なります。  ,ERROR: prefectureの列の情報がありません。元データに都道府県情報が欠落している可能性があります。入力されたデータ形式は、自動チェック機構が推奨する形式ではありません。  ,
2359,川崎町2924-1,,川崎町,,2924-1,,,ERROR: address2のデータは、address1のデータから推測されるデータに一致しません。（自動チェック機構が参照するデータセットに合致しないか、表記が異なります。  ,ERROR: prefectureの列の情報がありません。元データに都道府県情報が欠落している可能性があります。入力されたデータ形式は、自動チェック機構が推奨する形式ではありません。  ,
2360,川崎町2924-1,,川崎町,,2924-1,,,ERROR: address2のデータは、address1のデータから推測されるデータに一致しません。（自動チェック機構が参照するデータセットに合致しないか、表記が異なります。  ,ERROR: prefectureの列の情報がありません。元データに都道府県情報が欠落している可能性があります。入力されたデータ形式は、自動チェック機構が推奨する形式ではありません。  ,
2361,川崎町2924-1,,川崎町,,2924-1,,,ERROR: address2のデータは、address1のデータから推測されるデータに一致しません。（自動チェック機構が参照するデータセットに合致しないか、表記が異なります。  ,ERROR: prefectureの列の情報がありません。元データに都道府県情報が欠落している可能性があります。入力されたデータ形式は、自動チェック機構が推奨する形式ではありません。  ,
2362,川崎町2992,,川崎町,,2992,,,ERROR: address2のデータは、address1のデータから推測されるデータに一致しません。（自動チェック機構が参照するデータセットに合致しないか、表記が異なります。  ,ERROR: prefectureの列の情報がありません。元データに都道府県情報が欠落している可能性があります。入力されたデータ形式は、自動チェック機構が推奨する形式ではありません。  ,
2363,川崎町2992,,川崎町,,2992,,,ERROR: address2のデータは、address1のデータから推測されるデータに一致しません。（自動チェック機構が参照するデータセットに合致しないか、表記が異なります。  ,ERROR: prefectureの列の情報がありません。元データに都道府県情報が欠落している可能性があります。入力されたデータ形式は、自動チェック機構が推奨する形式ではありません。  ,
2364,川崎町3007,,川崎町,,3007,,,ERROR: address2のデータは、address1のデータから推測されるデータに一致しません。（自動チェック機構が参照するデータセットに合致しないか、表記が異なります。  ,ERROR: prefectureの列の情報がありません。元データに都道府県情報が欠落している可能性があります。入力されたデータ形式は、自動チェック機構が推奨する形式ではありません。  ,
2365,川崎町3018-2,,川崎町,,3018-2,,,ERROR: address2のデータは、address1のデータから推測されるデータに一致しません。（自動チェック機構が参照するデータセットに合致しないか、表記が異なります。  ,ERROR: prefectureの列の情報がありません。元データに都道府県情報が欠落している可能性があります。入力されたデータ形式は、自動チェック機構が推奨する形式ではありません。  ,
2366,川崎町3018-2,,川崎町,,3018-2,,,ERROR: address2のデータは、address1のデータから推測されるデータに一致しません。（自動チェック機構が参照するデータセットに合致しないか、表記が異なります。  ,ERROR: prefectureの列の情報がありません。元データに都道府県情報が欠落している可能性があります。入力されたデータ形式は、自動チェック機構が推奨する形式ではありません。  ,
2367,川崎町3088,,川崎町,,3088,,,ERROR: address2のデータは、address1のデータから推測されるデータに一致しません。（自動チェック機構が参照するデータセットに合致しないか、表記が異なります。  ,ERROR: prefectureの列の情報がありません。元データに都道府県情報が欠落している可能性があります。入力されたデータ形式は、自動チェック機構が推奨する形式ではありません。  ,
2368,川崎町3091-1,,川崎町,,3091-1,,,ERROR: address2のデータは、address1のデータから推測されるデータに一致しません。（自動チェック機構が参照するデータセットに合致しないか、表記が異なります。  ,ERROR: prefectureの列の情報がありません。元データに都道府県情報が欠落している可能性があります。入力されたデータ形式は、自動チェック機構が推奨する形式ではありません。  ,
2369,川崎町3101,,川崎町,,3101,,,ERROR: address2のデータは、address1のデータから推測されるデータに一致しません。（自動チェック機構が参照するデータセットに合致しないか、表記が異なります。  ,ERROR: prefectureの列の情報がありません。元データに都道府県情報が欠落している可能性があります。入力されたデータ形式は、自動チェック機構が推奨する形式ではありません。  ,
2370,川崎町3116-4,,川崎町,,3116-4,,,ERROR: address2のデータは、address1のデータから推測されるデータに一致しません。（自動チェック機構が参照するデータセットに合致しないか、表記が異なります。  ,ERROR: prefectureの列の情報がありません。元データに都道府県情報が欠落している可能性があります。入力されたデータ形式は、自動チェック機構が推奨する形式ではありません。  ,
2371,川崎町3121,,川崎町,,3121,,,ERROR: address2のデータは、address1のデータから推測されるデータに一致しません。（自動チェック機構が参照するデータセットに合致しないか、表記が異なります。  ,ERROR: prefectureの列の情報がありません。元データに都道府県情報が欠落している可能性があります。入力されたデータ形式は、自動チェック機構が推奨する形式ではありません。  ,
2372,川崎町3276,,川崎町,,3276,,,ERROR: address2のデータは、address1のデータから推測されるデータに一致しません。（自動チェック機構が参照するデータセットに合致しないか、表記が異なります。  ,ERROR: prefectureの列の情報がありません。元データに都道府県情報が欠落している可能性があります。入力されたデータ形式は、自動チェック機構が推奨する形式ではありません。  ,
2373,川崎町3276,,川崎町,,3276,,,ERROR: address2のデータは、address1のデータから推測されるデータに一致しません。（自動チェック機構が参照するデータセットに合致しないか、表記が異なります。  ,ERROR: prefectureの列の情報がありません。元データに都道府県情報が欠落している可能性があります。入力されたデータ形式は、自動チェック機構が推奨する形式ではありません。  ,
2374,川崎町3-29,,川崎町,,3-29,,,ERROR: address2のデータは、address1のデータから推測されるデータに一致しません。（自動チェック機構が参照するデータセットに合致しないか、表記が異なります。  ,ERROR: prefectureの列の情報がありません。元データに都道府県情報が欠落している可能性があります。入力されたデータ形式は、自動チェック機構が推奨する形式ではありません。  ,
2375,川崎町3-29,,川崎町,,3-29,,,ERROR: address2のデータは、address1のデータから推測されるデータに一致しません。（自動チェック機構が参照するデータセットに合致しないか、表記が異なります。  ,ERROR: prefectureの列の情報がありません。元データに都道府県情報が欠落している可能性があります。入力されたデータ形式は、自動チェック機構が推奨する形式ではありません。  ,
2376,川崎町3305-2,,川崎町,,3305-2,,,ERROR: address2のデータは、address1のデータから推測されるデータに一致しません。（自動チェック機構が参照するデータセットに合致しないか、表記が異なります。  ,ERROR: prefectureの列の情報がありません。元データに都道府県情報が欠落している可能性があります。入力されたデータ形式は、自動チェック機構が推奨する形式ではありません。  ,
2377,川崎町3305-2,,川崎町,,3305-2,,,ERROR: address2のデータは、address1のデータから推測されるデータに一致しません。（自動チェック機構が参照するデータセットに合致しないか、表記が異なります。  ,ERROR: prefectureの列の情報がありません。元データに都道府県情報が欠落している可能性があります。入力されたデータ形式は、自動チェック機構が推奨する形式ではありません。  ,
2378,川崎町3309,,川崎町,,3309,,,ERROR: address2のデータは、address1のデータから推測されるデータに一致しません。（自動チェック機構が参照するデータセットに合致しないか、表記が異なります。  ,ERROR: prefectureの列の情報がありません。元データに都道府県情報が欠落している可能性があります。入力されたデータ形式は、自動チェック機構が推奨する形式ではありません。  ,
2379,川崎町3-45,,川崎町,,3-45,,,ERROR: address2のデータは、address1のデータから推測されるデータに一致しません。（自動チェック機構が参照するデータセットに合致しないか、表記が異なります。  ,ERROR: prefectureの列の情報がありません。元データに都道府県情報が欠落している可能性があります。入力されたデータ形式は、自動チェック機構が推奨する形式ではありません。  ,
2380,川崎町3-45,,川崎町,,3-45,,,ERROR: address2のデータは、address1のデータから推測されるデータに一致しません。（自動チェック機構が参照するデータセットに合致しないか、表記が異なります。  ,ERROR: prefectureの列の情報がありません。元データに都道府県情報が欠落している可能性があります。入力されたデータ形式は、自動チェック機構が推奨する形式ではありません。  ,
2381,川崎町3-45,,川崎町,,3-45,,,ERROR: address2のデータは、address1のデータから推測されるデータに一致しません。（自動チェック機構が参照するデータセットに合致しないか、表記が異なります。  ,ERROR: prefectureの列の情報がありません。元データに都道府県情報が欠落している可能性があります。入力されたデータ形式は、自動チェック機構が推奨する形式ではありません。  ,
2382,川崎町3-45,,川崎町,,3-45,,,ERROR: address2のデータは、address1のデータから推測されるデータに一致しません。（自動チェック機構が参照するデータセットに合致しないか、表記が異なります。  ,ERROR: prefectureの列の情報がありません。元データに都道府県情報が欠落している可能性があります。入力されたデータ形式は、自動チェック機構が推奨する形式ではありません。  ,
2383,川崎町3452-2,,川崎町,,3452-2,,,ERROR: address2のデータは、address1のデータから推測されるデータに一致しません。（自動チェック機構が参照するデータセットに合致しないか、表記が異なります。  ,ERROR: prefectureの列の情報がありません。元データに都道府県情報が欠落している可能性があります。入力されたデータ形式は、自動チェック機構が推奨する形式ではありません。  ,
2384,川崎町3466,,川崎町,,3466,,,ERROR: address2のデータは、address1のデータから推測されるデータに一致しません。（自動チェック機構が参照するデータセットに合致しないか、表記が異なります。  ,ERROR: prefectureの列の情報がありません。元データに都道府県情報が欠落している可能性があります。入力されたデータ形式は、自動チェック機構が推奨する形式ではありません。  ,
2385,川崎町3466,,川崎町,,3466,,,ERROR: address2のデータは、address1のデータから推測されるデータに一致しません。（自動チェック機構が参照するデータセットに合致しないか、表記が異なります。  ,ERROR: prefectureの列の情報がありません。元データに都道府県情報が欠落している可能性があります。入力されたデータ形式は、自動チェック機構が推奨する形式ではありません。  ,
2386,川崎町3466,,川崎町,,3466,,,ERROR: address2のデータは、address1のデータから推測されるデータに一致しません。（自動チェック機構が参照するデータセットに合致しないか、表記が異なります。  ,ERROR: prefectureの列の情報がありません。元データに都道府県情報が欠落している可能性があります。入力されたデータ形式は、自動チェック機構が推奨する形式ではありません。  ,
2387,川崎町3466,,川崎町,,3466,,,ERROR: address2のデータは、address1のデータから推測されるデータに一致しません。（自動チェック機構が参照するデータセットに合致しないか、表記が異なります。  ,ERROR: prefectureの列の情報がありません。元データに都道府県情報が欠落している可能性があります。入力されたデータ形式は、自動チェック機構が推奨する形式ではありません。  ,
2388,川崎町4044,,川崎町,,4044,,,ERROR: address2のデータは、address1のデータから推測されるデータに一致しません。（自動チェック機構が参照するデータセットに合致しないか、表記が異なります。  ,ERROR: prefectureの列の情報がありません。元データに都道府県情報が欠落している可能性があります。入力されたデータ形式は、自動チェック機構が推奨する形式ではありません。  ,
2389,川崎町4044,,川崎町,,4044,,,ERROR: address2のデータは、address1のデータから推測されるデータに一致しません。（自動チェック機構が参照するデータセットに合致しないか、表記が異なります。  ,ERROR: prefectureの列の情報がありません。元データに都道府県情報が欠落している可能性があります。入力されたデータ形式は、自動チェック機構が推奨する形式ではありません。  ,
2390,川崎町4053,,川崎町,,4053,,,ERROR: address2のデータは、address1のデータから推測されるデータに一致しません。（自動チェック機構が参照するデータセットに合致しないか、表記が異なります。  ,ERROR: prefectureの列の情報がありません。元データに都道府県情報が欠落している可能性があります。入力されたデータ形式は、自動チェック機構が推奨する形式ではありません。  ,
2391,川崎町4053,,川崎町,,4053,,,ERROR: address2のデータは、address1のデータから推測されるデータに一致しません。（自動チェック機構が参照するデータセットに合致しないか、表記が異なります。  ,ERROR: prefectureの列の情報がありません。元データに都道府県情報が欠落している可能性があります。入力されたデータ形式は、自動チェック機構が推奨する形式ではありません。  ,
2392,川崎町4-3,,川崎町,,4-3,,,ERROR: address2のデータは、address1のデータから推測されるデータに一致しません。（自動チェック機構が参照するデータセットに合致しないか、表記が異なります。  ,ERROR: prefectureの列の情報がありません。元データに都道府県情報が欠落している可能性があります。入力されたデータ形式は、自動チェック機構が推奨する形式ではありません。  ,
2393,川崎町4-3,,川崎町,,4-3,,,ERROR: address2のデータは、address1のデータから推測されるデータに一致しません。（自動チェック機構が参照するデータセットに合致しないか、表記が異なります。  ,ERROR: prefectureの列の情報がありません。元データに都道府県情報が欠落している可能性があります。入力されたデータ形式は、自動チェック機構が推奨する形式ではありません。  ,
2394,川崎町4325,,川崎町,,4325,,,ERROR: address2のデータは、address1のデータから推測されるデータに一致しません。（自動チェック機構が参照するデータセットに合致しないか、表記が異なります。  ,ERROR: prefectureの列の情報がありません。元データに都道府県情報が欠落している可能性があります。入力されたデータ形式は、自動チェック機構が推奨する形式ではありません。  ,
2395,川崎町4325,,川崎町,,4325,,,ERROR: address2のデータは、address1のデータから推測されるデータに一致しません。（自動チェック機構が参照するデータセットに合致しないか、表記が異なります。  ,ERROR: prefectureの列の情報がありません。元データに都道府県情報が欠落している可能性があります。入力されたデータ形式は、自動チェック機構が推奨する形式ではありません。  ,
2396,川崎町4325,,川崎町,,4325,,,ERROR: address2のデータは、address1のデータから推測されるデータに一致しません。（自動チェック機構が参照するデータセットに合致しないか、表記が異なります。  ,ERROR: prefectureの列の情報がありません。元データに都道府県情報が欠落している可能性があります。入力されたデータ形式は、自動チェック機構が推奨する形式ではありません。  ,
2397,川崎町4425,,川崎町,,4425,,,ERROR: address2のデータは、address1のデータから推測されるデータに一致しません。（自動チェック機構が参照するデータセットに合致しないか、表記が異なります。  ,ERROR: prefectureの列の情報がありません。元データに都道府県情報が欠落している可能性があります。入力されたデータ形式は、自動チェック機構が推奨する形式ではありません。  ,
2398,川崎町4425,,川崎町,,4425,,,ERROR: address2のデータは、address1のデータから推測されるデータに一致しません。（自動チェック機構が参照するデータセットに合致しないか、表記が異なります。  ,ERROR: prefectureの列の情報がありません。元データに都道府県情報が欠落している可能性があります。入力されたデータ形式は、自動チェック機構が推奨する形式ではありません。  ,
2399,川崎町4425,,川崎町,,4425,,,ERROR: address2のデータは、address1のデータから推測されるデータに一致しません。（自動チェック機構が参照するデータセットに合致しないか、表記が異なります。  ,ERROR: prefectureの列の情報がありません。元データに都道府県情報が欠落している可能性があります。入力されたデータ形式は、自動チェック機構が推奨する形式ではありません。  ,
2400,川崎町4425,,川崎町,,4425,,,ERROR: address2のデータは、address1のデータから推測されるデータに一致しません。（自動チェック機構が参照するデータセットに合致しないか、表記が異なります。  ,ERROR: prefectureの列の情報がありません。元データに都道府県情報が欠落している可能性があります。入力されたデータ形式は、自動チェック機構が推奨する形式ではありません。  ,
2401,川崎町4425,,川崎町,,4425,,,ERROR: address2のデータは、address1のデータから推測されるデータに一致しません。（自動チェック機構が参照するデータセットに合致しないか、表記が異なります。  ,ERROR: prefectureの列の情報がありません。元データに都道府県情報が欠落している可能性があります。入力されたデータ形式は、自動チェック機構が推奨する形式ではありません。  ,
2402,川崎町4426,,川崎町,,4426,,,ERROR: address2のデータは、address1のデータから推測されるデータに一致しません。（自動チェック機構が参照するデータセットに合致しないか、表記が異なります。  ,ERROR: prefectureの列の情報がありません。元データに都道府県情報が欠落している可能性があります。入力されたデータ形式は、自動チェック機構が推奨する形式ではありません。  ,
2403,川崎町4650-4,,川崎町,,4650-4,,,ERROR: address2のデータは、address1のデータから推測されるデータに一致しません。（自動チェック機構が参照するデータセットに合致しないか、表記が異なります。  ,ERROR: prefectureの列の情報がありません。元データに都道府県情報が欠落している可能性があります。入力されたデータ形式は、自動チェック機構が推奨する形式ではありません。  ,
2404,川崎町4650-4,,川崎町,,4650-4,,,ERROR: address2のデータは、address1のデータから推測されるデータに一致しません。（自動チェック機構が参照するデータセットに合致しないか、表記が異なります。  ,ERROR: prefectureの列の情報がありません。元データに都道府県情報が欠落している可能性があります。入力されたデータ形式は、自動チェック機構が推奨する形式ではありません。  ,
2405,川崎町4657-1,,川崎町,,4657-1,,,ERROR: address2のデータは、address1のデータから推測されるデータに一致しません。（自動チェック機構が参照するデータセットに合致しないか、表記が異なります。  ,ERROR: prefectureの列の情報がありません。元データに都道府県情報が欠落している可能性があります。入力されたデータ形式は、自動チェック機構が推奨する形式ではありません。  ,
2406,川崎町4657-1,,川崎町,,4657-1,,,ERROR: address2のデータは、address1のデータから推測されるデータに一致しません。（自動チェック機構が参照するデータセットに合致しないか、表記が異なります。  ,ERROR: prefectureの列の情報がありません。元データに都道府県情報が欠落している可能性があります。入力されたデータ形式は、自動チェック機構が推奨する形式ではありません。  ,
2407,川崎町4693-2,,川崎町,,4693-2,,,ERROR: address2のデータは、address1のデータから推測されるデータに一致しません。（自動チェック機構が参照するデータセットに合致しないか、表記が異なります。  ,ERROR: prefectureの列の情報がありません。元データに都道府県情報が欠落している可能性があります。入力されたデータ形式は、自動チェック機構が推奨する形式ではありません。  ,
2408,川崎町4693-2,,川崎町,,4693-2,,,ERROR: address2のデータは、address1のデータから推測されるデータに一致しません。（自動チェック機構が参照するデータセットに合致しないか、表記が異なります。  ,ERROR: prefectureの列の情報がありません。元データに都道府県情報が欠落している可能性があります。入力されたデータ形式は、自動チェック機構が推奨する形式ではありません。  ,
2409,川崎町4716-3,,川崎町,,4716-3,,,ERROR: address2のデータは、address1のデータから推測されるデータに一致しません。（自動チェック機構が参照するデータセットに合致しないか、表記が異なります。  ,ERROR: prefectureの列の情報がありません。元データに都道府県情報が欠落している可能性があります。入力されたデータ形式は、自動チェック機構が推奨する形式ではありません。  ,
2410,川崎町4741-5セントイリスⅡ105,,川崎町,,4741-5,セントイリスⅡ,105,ERROR: address2のデータは、address1のデータから推測されるデータに一致しません。（自動チェック機構が参照するデータセットに合致しないか、表記が異なります。  ,ERROR: prefectureの列の情報がありません。元データに都道府県情報が欠落している可能性があります。入力されたデータ形式は、自動チェック機構が推奨する形式ではありません。  ERROR: address5の建物情報の箇所に番地と思しき情報が存在します,
2411,川崎町4846-2,,川崎町,,4846-2,,,ERROR: address2のデータは、address1のデータから推測されるデータに一致しません。（自動チェック機構が参照するデータセットに合致しないか、表記が異なります。  ,ERROR: prefectureの列の情報がありません。元データに都道府県情報が欠落している可能性があります。入力されたデータ形式は、自動チェック機構が推奨する形式ではありません。  ,
2412,川崎町4846-2,,川崎町,,4846-2,,,ERROR: address2のデータは、address1のデータから推測されるデータに一致しません。（自動チェック機構が参照するデータセットに合致しないか、表記が異なります。  ,ERROR: prefectureの列の情報がありません。元データに都道府県情報が欠落している可能性があります。入力されたデータ形式は、自動チェック機構が推奨する形式ではありません。  ,
2413,川崎町4846-2,,川崎町,,4846-2,,,ERROR: address2のデータは、address1のデータから推測されるデータに一致しません。（自動チェック機構が参照するデータセットに合致しないか、表記が異なります。  ,ERROR: prefectureの列の情報がありません。元データに都道府県情報が欠落している可能性があります。入力されたデータ形式は、自動チェック機構が推奨する形式ではありません。  ,
2414,川崎町4863-2,,川崎町,,4863-2,,,ERROR: address2のデータは、address1のデータから推測されるデータに一致しません。（自動チェック機構が参照するデータセットに合致しないか、表記が異なります。  ,ERROR: prefectureの列の情報がありません。元データに都道府県情報が欠落している可能性があります。入力されたデータ形式は、自動チェック機構が推奨する形式ではありません。  ,
2415,川崎町4876,,川崎町,,4876,,,ERROR: address2のデータは、address1のデータから推測されるデータに一致しません。（自動チェック機構が参照するデータセットに合致しないか、表記が異なります。  ,ERROR: prefectureの列の情報がありません。元データに都道府県情報が欠落している可能性があります。入力されたデータ形式は、自動チェック機構が推奨する形式ではありません。  ,
2416,川崎町4935,,川崎町,,4935,,,ERROR: address2のデータは、address1のデータから推測されるデータに一致しません。（自動チェック機構が参照するデータセットに合致しないか、表記が異なります。  ,ERROR: prefectureの列の情報がありません。元データに都道府県情報が欠落している可能性があります。入力されたデータ形式は、自動チェック機構が推奨する形式ではありません。  ,
2417,川崎町4935,,川崎町,,4935,,,ERROR: address2のデータは、address1のデータから推測されるデータに一致しません。（自動チェック機構が参照するデータセットに合致しないか、表記が異なります。  ,ERROR: prefectureの列の情報がありません。元データに都道府県情報が欠落している可能性があります。入力されたデータ形式は、自動チェック機構が推奨する形式ではありません。  ,
2418,川崎町4935,,川崎町,,4935,,,ERROR: address2のデータは、address1のデータから推測されるデータに一致しません。（自動チェック機構が参照するデータセットに合致しないか、表記が異なります。  ,ERROR: prefectureの列の情報がありません。元データに都道府県情報が欠落している可能性があります。入力されたデータ形式は、自動チェック機構が推奨する形式ではありません。  ,
2419,川崎町4957-6,,川崎町,,4957-6,,,ERROR: address2のデータは、address1のデータから推測されるデータに一致しません。（自動チェック機構が参照するデータセットに合致しないか、表記が異なります。  ,ERROR: prefectureの列の情報がありません。元データに都道府県情報が欠落している可能性があります。入力されたデータ形式は、自動チェック機構が推奨する形式ではありません。  ,
2420,川崎町4960-2,,川崎町,,4960-2,,,ERROR: address2のデータは、address1のデータから推測されるデータに一致しません。（自動チェック機構が参照するデータセットに合致しないか、表記が異なります。  ,ERROR: prefectureの列の情報がありません。元データに都道府県情報が欠落している可能性があります。入力されたデータ形式は、自動チェック機構が推奨する形式ではありません。  ,
2421,川崎町4960-2,,川崎町,,4960-2,,,ERROR: address2のデータは、address1のデータから推測されるデータに一致しません。（自動チェック機構が参照するデータセットに合致しないか、表記が異なります。  ,ERROR: prefectureの列の情報がありません。元データに都道府県情報が欠落している可能性があります。入力されたデータ形式は、自動チェック機構が推奨する形式ではありません。  ,
2422,川崎町4960-5,,川崎町,,4960-5,,,ERROR: address2のデータは、address1のデータから推測されるデータに一致しません。（自動チェック機構が参照するデータセットに合致しないか、表記が異なります。  ,ERROR: prefectureの列の情報がありません。元データに都道府県情報が欠落している可能性があります。入力されたデータ形式は、自動チェック機構が推奨する形式ではありません。  ,
2423,川崎町5-9,,川崎町,,5-9,,,ERROR: address2のデータは、address1のデータから推測されるデータに一致しません。（自動チェック機構が参照するデータセットに合致しないか、表記が異なります。  ,ERROR: prefectureの列の情報がありません。元データに都道府県情報が欠落している可能性があります。入力されたデータ形式は、自動チェック機構が推奨する形式ではありません。  ,
2424,川崎町5-9,,川崎町,,5-9,,,ERROR: address2のデータは、address1のデータから推測されるデータに一致しません。（自動チェック機構が参照するデータセットに合致しないか、表記が異なります。  ,ERROR: prefectureの列の情報がありません。元データに都道府県情報が欠落している可能性があります。入力されたデータ形式は、自動チェック機構が推奨する形式ではありません。  ,
2425,能褒野町23-29,,能褒野町,,23-29,,,ERROR: address2のデータは、address1のデータから推測されるデータに一致しません。（自動チェック機構が参照するデータセットに合致しないか、表記が異なります。  ,ERROR: prefectureの列の情報がありません。元データに都道府県情報が欠落している可能性があります。入力されたデータ形式は、自動チェック機構が推奨する形式ではありません。  ,
2426,能褒野町23-29,,能褒野町,,23-29,,,ERROR: address2のデータは、address1のデータから推測されるデータに一致しません。（自動チェック機構が参照するデータセットに合致しないか、表記が異なります。  ,ERROR: prefectureの列の情報がありません。元データに都道府県情報が欠落している可能性があります。入力されたデータ形式は、自動チェック機構が推奨する形式ではありません。  ,
2427,能褒野町26-22,,能褒野町,,26-22,,,ERROR: address2のデータは、address1のデータから推測されるデータに一致しません。（自動チェック機構が参照するデータセットに合致しないか、表記が異なります。  ,ERROR: prefectureの列の情報がありません。元データに都道府県情報が欠落している可能性があります。入力されたデータ形式は、自動チェック機構が推奨する形式ではありません。  ,
2428,能褒野町26-22,,能褒野町,,26-22,,,ERROR: address2のデータは、address1のデータから推測されるデータに一致しません。（自動チェック機構が参照するデータセットに合致しないか、表記が異なります。  ,ERROR: prefectureの列の情報がありません。元データに都道府県情報が欠落している可能性があります。入力されたデータ形式は、自動チェック機構が推奨する形式ではありません。  ,
2429,能褒野町26-22,,能褒野町,,26-22,,,ERROR: address2のデータは、address1のデータから推測されるデータに一致しません。（自動チェック機構が参照するデータセットに合致しないか、表記が異なります。  ,ERROR: prefectureの列の情報がありません。元データに都道府県情報が欠落している可能性があります。入力されたデータ形式は、自動チェック機構が推奨する形式ではありません。  ,
2430,能褒野町26-22,,能褒野町,,26-22,,,ERROR: address2のデータは、address1のデータから推測されるデータに一致しません。（自動チェック機構が参照するデータセットに合致しないか、表記が異なります。  ,ERROR: prefectureの列の情報がありません。元データに都道府県情報が欠落している可能性があります。入力されたデータ形式は、自動チェック機構が推奨する形式ではありません。  ,
2431,能褒野町4-72,,能褒野町,,4-72,,,ERROR: address2のデータは、address1のデータから推測されるデータに一致しません。（自動チェック機構が参照するデータセットに合致しないか、表記が異なります。  ,ERROR: prefectureの列の情報がありません。元データに都道府県情報が欠落している可能性があります。入力されたデータ形式は、自動チェック機構が推奨する形式ではありません。  ,
2432,能褒野町49,,能褒野町,,49,,,ERROR: address2のデータは、address1のデータから推測されるデータに一致しません。（自動チェック機構が参照するデータセットに合致しないか、表記が異なります。  ,ERROR: prefectureの列の情報がありません。元データに都道府県情報が欠落している可能性があります。入力されたデータ形式は、自動チェック機構が推奨する形式ではありません。  ,
2433,能褒野町49,,能褒野町,,49,,,ERROR: address2のデータは、address1のデータから推測されるデータに一致しません。（自動チェック機構が参照するデータセットに合致しないか、表記が異なります。  ,ERROR: prefectureの列の情報がありません。元データに都道府県情報が欠落している可能性があります。入力されたデータ形式は、自動チェック機構が推奨する形式ではありません。  ,
2434,能褒野町49,,能褒野町,,49,,,ERROR: address2のデータは、address1のデータから推測されるデータに一致しません。（自動チェック機構が参照するデータセットに合致しないか、表記が異なります。  ,ERROR: prefectureの列の情報がありません。元データに都道府県情報が欠落している可能性があります。入力されたデータ形式は、自動チェック機構が推奨する形式ではありません。  ,
2435,能褒野町49,,能褒野町,,49,,,ERROR: address2のデータは、address1のデータから推測されるデータに一致しません。（自動チェック機構が参照するデータセットに合致しないか、表記が異なります。  ,ERROR: prefectureの列の情報がありません。元データに都道府県情報が欠落している可能性があります。入力されたデータ形式は、自動チェック機構が推奨する形式ではありません。  ,
2436,能褒野町49,,能褒野町,,49,,,ERROR: address2のデータは、address1のデータから推測されるデータに一致しません。（自動チェック機構が参照するデータセットに合致しないか、表記が異なります。  ,ERROR: prefectureの列の情報がありません。元データに都道府県情報が欠落している可能性があります。入力されたデータ形式は、自動チェック機構が推奨する形式ではありません。  ,
2437,能褒野町51-19,,能褒野町,,51-19,,,ERROR: address2のデータは、address1のデータから推測されるデータに一致しません。（自動チェック機構が参照するデータセットに合致しないか、表記が異なります。  ,ERROR: prefectureの列の情報がありません。元データに都道府県情報が欠落している可能性があります。入力されたデータ形式は、自動チェック機構が推奨する形式ではありません。  ,
2438,能褒野町5-5,,能褒野町,,5-5,,,ERROR: address2のデータは、address1のデータから推測されるデータに一致しません。（自動チェック機構が参照するデータセットに合致しないか、表記が異なります。  ,ERROR: prefectureの列の情報がありません。元データに都道府県情報が欠落している可能性があります。入力されたデータ形式は、自動チェック機構が推奨する形式ではありません。  ,
2439,能褒野町5-5,,能褒野町,,5-5,,,ERROR: address2のデータは、address1のデータから推測されるデータに一致しません。（自動チェック機構が参照するデータセットに合致しないか、表記が異なります。  ,ERROR: prefectureの列の情報がありません。元データに都道府県情報が欠落している可能性があります。入力されたデータ形式は、自動チェック機構が推奨する形式ではありません。  ,
2440,能褒野町61-50,,能褒野町,,61-50,,,ERROR: address2のデータは、address1のデータから推測されるデータに一致しません。（自動チェック機構が参照するデータセットに合致しないか、表記が異なります。  ,ERROR: prefectureの列の情報がありません。元データに都道府県情報が欠落している可能性があります。入力されたデータ形式は、自動チェック機構が推奨する形式ではありません。  ,
2441,能褒野町61-50,,能褒野町,,61-50,,,ERROR: address2のデータは、address1のデータから推測されるデータに一致しません。（自動チェック機構が参照するデータセットに合致しないか、表記が異なります。  ,ERROR: prefectureの列の情報がありません。元データに都道府県情報が欠落している可能性があります。入力されたデータ形式は、自動チェック機構が推奨する形式ではありません。  ,
2442,能褒野町65-44,,能褒野町,,65-44,,,ERROR: address2のデータは、address1のデータから推測されるデータに一致しません。（自動チェック機構が参照するデータセットに合致しないか、表記が異なります。  ,ERROR: prefectureの列の情報がありません。元データに都道府県情報が欠落している可能性があります。入力されたデータ形式は、自動チェック機構が推奨する形式ではありません。  ,
2443,能褒野町65-44,,能褒野町,,65-44,,,ERROR: address2のデータは、address1のデータから推測されるデータに一致しません。（自動チェック機構が参照するデータセットに合致しないか、表記が異なります。  ,ERROR: prefectureの列の情報がありません。元データに都道府県情報が欠落している可能性があります。入力されたデータ形式は、自動チェック機構が推奨する形式ではありません。  ,
2444,能褒野町66-39,,能褒野町,,66-39,,,ERROR: address2のデータは、address1のデータから推測されるデータに一致しません。（自動チェック機構が参照するデータセットに合致しないか、表記が異なります。  ,ERROR: prefectureの列の情報がありません。元データに都道府県情報が欠落している可能性があります。入力されたデータ形式は、自動チェック機構が推奨する形式ではありません。  ,
2445,能褒野町66-39,,能褒野町,,66-39,,,ERROR: address2のデータは、address1のデータから推測されるデータに一致しません。（自動チェック機構が参照するデータセットに合致しないか、表記が異なります。  ,ERROR: prefectureの列の情報がありません。元データに都道府県情報が欠落している可能性があります。入力されたデータ形式は、自動チェック機構が推奨する形式ではありません。  ,
2446,能褒野町73-10,,能褒野町,,73-10,,,ERROR: address2のデータは、address1のデータから推測されるデータに一致しません。（自動チェック機構が参照するデータセットに合致しないか、表記が異なります。  ,ERROR: prefectureの列の情報がありません。元データに都道府県情報が欠落している可能性があります。入力されたデータ形式は、自動チェック機構が推奨する形式ではありません。  ,
2447,能褒野町7320,,能褒野町,,7320,,,ERROR: address2のデータは、address1のデータから推測されるデータに一致しません。（自動チェック機構が参照するデータセットに合致しないか、表記が異なります。  ,ERROR: prefectureの列の情報がありません。元データに都道府県情報が欠落している可能性があります。入力されたデータ形式は、自動チェック機構が推奨する形式ではありません。  ,
2448,能褒野町73-22,,能褒野町,,73-22,,,ERROR: address2のデータは、address1のデータから推測されるデータに一致しません。（自動チェック機構が参照するデータセットに合致しないか、表記が異なります。  ,ERROR: prefectureの列の情報がありません。元データに都道府県情報が欠落している可能性があります。入力されたデータ形式は、自動チェック機構が推奨する形式ではありません。  ,
2449,能褒野町74-22,,能褒野町,,74-22,,,ERROR: address2のデータは、address1のデータから推測されるデータに一致しません。（自動チェック機構が参照するデータセットに合致しないか、表記が異なります。  ,ERROR: prefectureの列の情報がありません。元データに都道府県情報が欠落している可能性があります。入力されたデータ形式は、自動チェック機構が推奨する形式ではありません。  ,
2450,能褒野町76-1,,能褒野町,,76-1,,,ERROR: address2のデータは、address1のデータから推測されるデータに一致しません。（自動チェック機構が参照するデータセットに合致しないか、表記が異なります。  ,ERROR: prefectureの列の情報がありません。元データに都道府県情報が欠落している可能性があります。入力されたデータ形式は、自動チェック機構が推奨する形式ではありません。  ,
2451,能褒野町78-16,,能褒野町,,78-16,,,ERROR: address2のデータは、address1のデータから推測されるデータに一致しません。（自動チェック機構が参照するデータセットに合致しないか、表記が異なります。  ,ERROR: prefectureの列の情報がありません。元データに都道府県情報が欠落している可能性があります。入力されたデータ形式は、自動チェック機構が推奨する形式ではありません。  ,
2452,能褒野町79-2,,能褒野町,,79-2,,,ERROR: address2のデータは、address1のデータから推測されるデータに一致しません。（自動チェック機構が参照するデータセットに合致しないか、表記が異なります。  ,ERROR: prefectureの列の情報がありません。元データに都道府県情報が欠落している可能性があります。入力されたデータ形式は、自動チェック機構が推奨する形式ではありません。  ,
2453,能褒野町79-2,,能褒野町,,79-2,,,ERROR: address2のデータは、address1のデータから推測されるデータに一致しません。（自動チェック機構が参照するデータセットに合致しないか、表記が異なります。  ,ERROR: prefectureの列の情報がありません。元データに都道府県情報が欠落している可能性があります。入力されたデータ形式は、自動チェック機構が推奨する形式ではありません。  ,
2454,能褒野町79-2,,能褒野町,,79-2,,,ERROR: address2のデータは、address1のデータから推測されるデータに一致しません。（自動チェック機構が参照するデータセットに合致しないか、表記が異なります。  ,ERROR: prefectureの列の情報がありません。元データに都道府県情報が欠落している可能性があります。入力されたデータ形式は、自動チェック機構が推奨する形式ではありません。  ,
2455,能褒野町79-2,,能褒野町,,79-2,,,ERROR: address2のデータは、address1のデータから推測されるデータに一致しません。（自動チェック機構が参照するデータセットに合致しないか、表記が異なります。  ,ERROR: prefectureの列の情報がありません。元データに都道府県情報が欠落している可能性があります。入力されたデータ形式は、自動チェック機構が推奨する形式ではありません。  ,
2456,能褒野町88-1,,能褒野町,,88-1,,,ERROR: address2のデータは、address1のデータから推測されるデータに一致しません。（自動チェック機構が参照するデータセットに合致しないか、表記が異なります。  ,ERROR: prefectureの列の情報がありません。元データに都道府県情報が欠落している可能性があります。入力されたデータ形式は、自動チェック機構が推奨する形式ではありません。  ,
2457,田村町129-1,,田村町,,129-1,,,ERROR: address2のデータは、address1のデータから推測されるデータに一致しません。（自動チェック機構が参照するデータセットに合致しないか、表記が異なります。  ,ERROR: prefectureの列の情報がありません。元データに都道府県情報が欠落している可能性があります。入力されたデータ形式は、自動チェック機構が推奨する形式ではありません。  ,
2458,田村町129-1,,田村町,,129-1,,,ERROR: address2のデータは、address1のデータから推測されるデータに一致しません。（自動チェック機構が参照するデータセットに合致しないか、表記が異なります。  ,ERROR: prefectureの列の情報がありません。元データに都道府県情報が欠落している可能性があります。入力されたデータ形式は、自動チェック機構が推奨する形式ではありません。  ,
2459,田村町129-1,,田村町,,129-1,,,ERROR: address2のデータは、address1のデータから推測されるデータに一致しません。（自動チェック機構が参照するデータセットに合致しないか、表記が異なります。  ,ERROR: prefectureの列の情報がありません。元データに都道府県情報が欠落している可能性があります。入力されたデータ形式は、自動チェック機構が推奨する形式ではありません。  ,
2460,田村町141,,田村町,,141,,,ERROR: address2のデータは、address1のデータから推測されるデータに一致しません。（自動チェック機構が参照するデータセットに合致しないか、表記が異なります。  ,ERROR: prefectureの列の情報がありません。元データに都道府県情報が欠落している可能性があります。入力されたデータ形式は、自動チェック機構が推奨する形式ではありません。  ,
2461,田村町162-1,,田村町,,162-1,,,ERROR: address2のデータは、address1のデータから推測されるデータに一致しません。（自動チェック機構が参照するデータセットに合致しないか、表記が異なります。  ,ERROR: prefectureの列の情報がありません。元データに都道府県情報が欠落している可能性があります。入力されたデータ形式は、自動チェック機構が推奨する形式ではありません。  ,
2462,田村町162-1,,田村町,,162-1,,,ERROR: address2のデータは、address1のデータから推測されるデータに一致しません。（自動チェック機構が参照するデータセットに合致しないか、表記が異なります。  ,ERROR: prefectureの列の情報がありません。元データに都道府県情報が欠落している可能性があります。入力されたデータ形式は、自動チェック機構が推奨する形式ではありません。  ,
2463,田村町1785-4,,田村町,,1785-4,,,ERROR: address2のデータは、address1のデータから推測されるデータに一致しません。（自動チェック機構が参照するデータセットに合致しないか、表記が異なります。  ,ERROR: prefectureの列の情報がありません。元データに都道府県情報が欠落している可能性があります。入力されたデータ形式は、自動チェック機構が推奨する形式ではありません。  ,
2464,田村町1792-2,,田村町,,1792-2,,,ERROR: address2のデータは、address1のデータから推測されるデータに一致しません。（自動チェック機構が参照するデータセットに合致しないか、表記が異なります。  ,ERROR: prefectureの列の情報がありません。元データに都道府県情報が欠落している可能性があります。入力されたデータ形式は、自動チェック機構が推奨する形式ではありません。  ,
2465,田村町1810-2,,田村町,,1810-2,,,ERROR: address2のデータは、address1のデータから推測されるデータに一致しません。（自動チェック機構が参照するデータセットに合致しないか、表記が異なります。  ,ERROR: prefectureの列の情報がありません。元データに都道府県情報が欠落している可能性があります。入力されたデータ形式は、自動チェック機構が推奨する形式ではありません。  ,
2466,田村町1810-2,,田村町,,1810-2,,,ERROR: address2のデータは、address1のデータから推測されるデータに一致しません。（自動チェック機構が参照するデータセットに合致しないか、表記が異なります。  ,ERROR: prefectureの列の情報がありません。元データに都道府県情報が欠落している可能性があります。入力されたデータ形式は、自動チェック機構が推奨する形式ではありません。  ,
2467,田村町1824-1,,田村町,,1824-1,,,ERROR: address2のデータは、address1のデータから推測されるデータに一致しません。（自動チェック機構が参照するデータセットに合致しないか、表記が異なります。  ,ERROR: prefectureの列の情報がありません。元データに都道府県情報が欠落している可能性があります。入力されたデータ形式は、自動チェック機構が推奨する形式ではありません。  ,
2468,田村町1824-5,,田村町,,1824-5,,,ERROR: address2のデータは、address1のデータから推測されるデータに一致しません。（自動チェック機構が参照するデータセットに合致しないか、表記が異なります。  ,ERROR: prefectureの列の情報がありません。元データに都道府県情報が欠落している可能性があります。入力されたデータ形式は、自動チェック機構が推奨する形式ではありません。  ,
2469,田村町1824-5,,田村町,,1824-5,,,ERROR: address2のデータは、address1のデータから推測されるデータに一致しません。（自動チェック機構が参照するデータセットに合致しないか、表記が異なります。  ,ERROR: prefectureの列の情報がありません。元データに都道府県情報が欠落している可能性があります。入力されたデータ形式は、自動チェック機構が推奨する形式ではありません。  ,
2470,田村町1830-3,,田村町,,1830-3,,,ERROR: address2のデータは、address1のデータから推測されるデータに一致しません。（自動チェック機構が参照するデータセットに合致しないか、表記が異なります。  ,ERROR: prefectureの列の情報がありません。元データに都道府県情報が欠落している可能性があります。入力されたデータ形式は、自動チェック機構が推奨する形式ではありません。  ,
2471,田村町1830-3,,田村町,,1830-3,,,ERROR: address2のデータは、address1のデータから推測されるデータに一致しません。（自動チェック機構が参照するデータセットに合致しないか、表記が異なります。  ,ERROR: prefectureの列の情報がありません。元データに都道府県情報が欠落している可能性があります。入力されたデータ形式は、自動チェック機構が推奨する形式ではありません。  ,
2472,田村町1839-1,,田村町,,1839-1,,,ERROR: address2のデータは、address1のデータから推測されるデータに一致しません。（自動チェック機構が参照するデータセットに合致しないか、表記が異なります。  ,ERROR: prefectureの列の情報がありません。元データに都道府県情報が欠落している可能性があります。入力されたデータ形式は、自動チェック機構が推奨する形式ではありません。  ,
2473,田村町1839-1,,田村町,,1839-1,,,ERROR: address2のデータは、address1のデータから推測されるデータに一致しません。（自動チェック機構が参照するデータセットに合致しないか、表記が異なります。  ,ERROR: prefectureの列の情報がありません。元データに都道府県情報が欠落している可能性があります。入力されたデータ形式は、自動チェック機構が推奨する形式ではありません。  ,
2474,田村町1849,,田村町,,1849,,,ERROR: address2のデータは、address1のデータから推測されるデータに一致しません。（自動チェック機構が参照するデータセットに合致しないか、表記が異なります。  ,ERROR: prefectureの列の情報がありません。元データに都道府県情報が欠落している可能性があります。入力されたデータ形式は、自動チェック機構が推奨する形式ではありません。  ,
2475,田村町1849,,田村町,,1849,,,ERROR: address2のデータは、address1のデータから推測されるデータに一致しません。（自動チェック機構が参照するデータセットに合致しないか、表記が異なります。  ,ERROR: prefectureの列の情報がありません。元データに都道府県情報が欠落している可能性があります。入力されたデータ形式は、自動チェック機構が推奨する形式ではありません。  ,
2476,田村町1995-31,,田村町,,1995-31,,,ERROR: address2のデータは、address1のデータから推測されるデータに一致しません。（自動チェック機構が参照するデータセットに合致しないか、表記が異なります。  ,ERROR: prefectureの列の情報がありません。元データに都道府県情報が欠落している可能性があります。入力されたデータ形式は、自動チェック機構が推奨する形式ではありません。  ,
2477,田村町521,,田村町,,521,,,ERROR: address2のデータは、address1のデータから推測されるデータに一致しません。（自動チェック機構が参照するデータセットに合致しないか、表記が異なります。  ,ERROR: prefectureの列の情報がありません。元データに都道府県情報が欠落している可能性があります。入力されたデータ形式は、自動チェック機構が推奨する形式ではありません。  ,
2478,田村町648-4,,田村町,,648-4,,,ERROR: address2のデータは、address1のデータから推測されるデータに一致しません。（自動チェック機構が参照するデータセットに合致しないか、表記が異なります。  ,ERROR: prefectureの列の情報がありません。元データに都道府県情報が欠落している可能性があります。入力されたデータ形式は、自動チェック機構が推奨する形式ではありません。  ,
2479,長明寺町455,,長明寺町,,455,,,ERROR: address2のデータは、address1のデータから推測されるデータに一致しません。（自動チェック機構が参照するデータセットに合致しないか、表記が異なります。  ,ERROR: prefectureの列の情報がありません。元データに都道府県情報が欠落している可能性があります。入力されたデータ形式は、自動チェック機構が推奨する形式ではありません。  ,
2480,長明寺町455,,長明寺町,,455,,,ERROR: address2のデータは、address1のデータから推測されるデータに一致しません。（自動チェック機構が参照するデータセットに合致しないか、表記が異なります。  ,ERROR: prefectureの列の情報がありません。元データに都道府県情報が欠落している可能性があります。入力されたデータ形式は、自動チェック機構が推奨する形式ではありません。  ,
2481,長明寺町498-2,,長明寺町,,498-2,,,ERROR: address2のデータは、address1のデータから推測されるデータに一致しません。（自動チェック機構が参照するデータセットに合致しないか、表記が異なります。  ,ERROR: prefectureの列の情報がありません。元データに都道府県情報が欠落している可能性があります。入力されたデータ形式は、自動チェック機構が推奨する形式ではありません。  ,
2482,長明寺町498-2,,長明寺町,,498-2,,,ERROR: address2のデータは、address1のデータから推測されるデータに一致しません。（自動チェック機構が参照するデータセットに合致しないか、表記が異なります。  ,ERROR: prefectureの列の情報がありません。元データに都道府県情報が欠落している可能性があります。入力されたデータ形式は、自動チェック機構が推奨する形式ではありません。  ,
2483,長明寺町593-6,,長明寺町,,593-6,,,ERROR: address2のデータは、address1のデータから推測されるデータに一致しません。（自動チェック機構が参照するデータセットに合致しないか、表記が異なります。  ,ERROR: prefectureの列の情報がありません。元データに都道府県情報が欠落している可能性があります。入力されたデータ形式は、自動チェック機構が推奨する形式ではありません。  ,
2484,長明寺町593-6,,長明寺町,,593-6,,,ERROR: address2のデータは、address1のデータから推測されるデータに一致しません。（自動チェック機構が参照するデータセットに合致しないか、表記が異なります。  ,ERROR: prefectureの列の情報がありません。元データに都道府県情報が欠落している可能性があります。入力されたデータ形式は、自動チェック機構が推奨する形式ではありません。  ,
2485,長明寺町696-4,,長明寺町,,696-4,,,ERROR: address2のデータは、address1のデータから推測されるデータに一致しません。（自動チェック機構が参照するデータセットに合致しないか、表記が異なります。  ,ERROR: prefectureの列の情報がありません。元データに都道府県情報が欠落している可能性があります。入力されたデータ形式は、自動チェック機構が推奨する形式ではありません。  ,
2486,長明寺町696-4,,長明寺町,,696-4,,,ERROR: address2のデータは、address1のデータから推測されるデータに一致しません。（自動チェック機構が参照するデータセットに合致しないか、表記が異なります。  ,ERROR: prefectureの列の情報がありません。元データに都道府県情報が欠落している可能性があります。入力されたデータ形式は、自動チェック機構が推奨する形式ではありません。  ,
2487,太森町1275,,太森町,,1275,,,ERROR: address2のデータは、address1のデータから推測されるデータに一致しません。（自動チェック機構が参照するデータセットに合致しないか、表記が異なります。  ,ERROR: prefectureの列の情報がありません。元データに都道府県情報が欠落している可能性があります。入力されたデータ形式は、自動チェック機構が推奨する形式ではありません。  ,
2488,太森町1296,,太森町,,1296,,,ERROR: address2のデータは、address1のデータから推測されるデータに一致しません。（自動チェック機構が参照するデータセットに合致しないか、表記が異なります。  ,ERROR: prefectureの列の情報がありません。元データに都道府県情報が欠落している可能性があります。入力されたデータ形式は、自動チェック機構が推奨する形式ではありません。  ,
2489,太森町1296,,太森町,,1296,,,ERROR: address2のデータは、address1のデータから推測されるデータに一致しません。（自動チェック機構が参照するデータセットに合致しないか、表記が異なります。  ,ERROR: prefectureの列の情報がありません。元データに都道府県情報が欠落している可能性があります。入力されたデータ形式は、自動チェック機構が推奨する形式ではありません。  ,
2490,太森町1313,,太森町,,1313,,,ERROR: address2のデータは、address1のデータから推測されるデータに一致しません。（自動チェック機構が参照するデータセットに合致しないか、表記が異なります。  ,ERROR: prefectureの列の情報がありません。元データに都道府県情報が欠落している可能性があります。入力されたデータ形式は、自動チェック機構が推奨する形式ではありません。  ,
2491,太森町1320,,太森町,,1320,,,ERROR: address2のデータは、address1のデータから推測されるデータに一致しません。（自動チェック機構が参照するデータセットに合致しないか、表記が異なります。  ,ERROR: prefectureの列の情報がありません。元データに都道府県情報が欠落している可能性があります。入力されたデータ形式は、自動チェック機構が推奨する形式ではありません。  ,
2492,太森町1320,,太森町,,1320,,,ERROR: address2のデータは、address1のデータから推測されるデータに一致しません。（自動チェック機構が参照するデータセットに合致しないか、表記が異なります。  ,ERROR: prefectureの列の情報がありません。元データに都道府県情報が欠落している可能性があります。入力されたデータ形式は、自動チェック機構が推奨する形式ではありません。  ,
2493,太森町1320,,太森町,,1320,,,ERROR: address2のデータは、address1のデータから推測されるデータに一致しません。（自動チェック機構が参照するデータセットに合致しないか、表記が異なります。  ,ERROR: prefectureの列の情報がありません。元データに都道府県情報が欠落している可能性があります。入力されたデータ形式は、自動チェック機構が推奨する形式ではありません。  ,
2494,太森町1320,,太森町,,1320,,,ERROR: address2のデータは、address1のデータから推測されるデータに一致しません。（自動チェック機構が参照するデータセットに合致しないか、表記が異なります。  ,ERROR: prefectureの列の情報がありません。元データに都道府県情報が欠落している可能性があります。入力されたデータ形式は、自動チェック機構が推奨する形式ではありません。  ,
2495,太森町1340,,太森町,,1340,,,ERROR: address2のデータは、address1のデータから推測されるデータに一致しません。（自動チェック機構が参照するデータセットに合致しないか、表記が異なります。  ,ERROR: prefectureの列の情報がありません。元データに都道府県情報が欠落している可能性があります。入力されたデータ形式は、自動チェック機構が推奨する形式ではありません。  ,
2496,太森町1353,,太森町,,1353,,,ERROR: address2のデータは、address1のデータから推測されるデータに一致しません。（自動チェック機構が参照するデータセットに合致しないか、表記が異なります。  ,ERROR: prefectureの列の情報がありません。元データに都道府県情報が欠落している可能性があります。入力されたデータ形式は、自動チェック機構が推奨する形式ではありません。  ,
2497,太森町1357,,太森町,,1357,,,ERROR: address2のデータは、address1のデータから推測されるデータに一致しません。（自動チェック機構が参照するデータセットに合致しないか、表記が異なります。  ,ERROR: prefectureの列の情報がありません。元データに都道府県情報が欠落している可能性があります。入力されたデータ形式は、自動チェック機構が推奨する形式ではありません。  ,
2498,太森町1363-1,,太森町,,1363-1,,,ERROR: address2のデータは、address1のデータから推測されるデータに一致しません。（自動チェック機構が参照するデータセットに合致しないか、表記が異なります。  ,ERROR: prefectureの列の情報がありません。元データに都道府県情報が欠落している可能性があります。入力されたデータ形式は、自動チェック機構が推奨する形式ではありません。  ,
2499,太森町226-3,,太森町,,226-3,,,ERROR: address2のデータは、address1のデータから推測されるデータに一致しません。（自動チェック機構が参照するデータセットに合致しないか、表記が異なります。  ,ERROR: prefectureの列の情報がありません。元データに都道府県情報が欠落している可能性があります。入力されたデータ形式は、自動チェック機構が推奨する形式ではありません。  ,
2500,太森町226-3,,太森町,,226-3,,,ERROR: address2のデータは、address1のデータから推測されるデータに一致しません。（自動チェック機構が参照するデータセットに合致しないか、表記が異なります。  ,ERROR: prefectureの列の情報がありません。元データに都道府県情報が欠落している可能性があります。入力されたデータ形式は、自動チェック機構が推奨する形式ではありません。  ,
2501,太森町254,,太森町,,254,,,ERROR: address2のデータは、address1のデータから推測されるデータに一致しません。（自動チェック機構が参照するデータセットに合致しないか、表記が異なります。  ,ERROR: prefectureの列の情報がありません。元データに都道府県情報が欠落している可能性があります。入力されたデータ形式は、自動チェック機構が推奨する形式ではありません。  ,
2502,太森町254,,太森町,,254,,,ERROR: address2のデータは、address1のデータから推測されるデータに一致しません。（自動チェック機構が参照するデータセットに合致しないか、表記が異なります。  ,ERROR: prefectureの列の情報がありません。元データに都道府県情報が欠落している可能性があります。入力されたデータ形式は、自動チェック機構が推奨する形式ではありません。  ,
2503,太森町406,,太森町,,406,,,ERROR: address2のデータは、address1のデータから推測されるデータに一致しません。（自動チェック機構が参照するデータセットに合致しないか、表記が異なります。  ,ERROR: prefectureの列の情報がありません。元データに都道府県情報が欠落している可能性があります。入力されたデータ形式は、自動チェック機構が推奨する形式ではありません。  ,
2504,太森町806-2,,太森町,,806-2,,,ERROR: address2のデータは、address1のデータから推測されるデータに一致しません。（自動チェック機構が参照するデータセットに合致しないか、表記が異なります。  ,ERROR: prefectureの列の情報がありません。元データに都道府県情報が欠落している可能性があります。入力されたデータ形式は、自動チェック機構が推奨する形式ではありません。  ,
2505,太森町806-2,,太森町,,806-2,,,ERROR: address2のデータは、address1のデータから推測されるデータに一致しません。（自動チェック機構が参照するデータセットに合致しないか、表記が異なります。  ,ERROR: prefectureの列の情報がありません。元データに都道府県情報が欠落している可能性があります。入力されたデータ形式は、自動チェック機構が推奨する形式ではありません。  ,
2506,太森町806-2,,太森町,,806-2,,,ERROR: address2のデータは、address1のデータから推測されるデータに一致しません。（自動チェック機構が参照するデータセットに合致しないか、表記が異なります。  ,ERROR: prefectureの列の情報がありません。元データに都道府県情報が欠落している可能性があります。入力されたデータ形式は、自動チェック機構が推奨する形式ではありません。  ,
2507,太森町806-2,,太森町,,806-2,,,ERROR: address2のデータは、address1のデータから推測されるデータに一致しません。（自動チェック機構が参照するデータセットに合致しないか、表記が異なります。  ,ERROR: prefectureの列の情報がありません。元データに都道府県情報が欠落している可能性があります。入力されたデータ形式は、自動チェック機構が推奨する形式ではありません。  ,
2508,太森町819-2,,太森町,,819-2,,,ERROR: address2のデータは、address1のデータから推測されるデータに一致しません。（自動チェック機構が参照するデータセットに合致しないか、表記が異なります。  ,ERROR: prefectureの列の情報がありません。元データに都道府県情報が欠落している可能性があります。入力されたデータ形式は、自動チェック機構が推奨する形式ではありません。  ,
2509,太森町819-2,,太森町,,819-2,,,ERROR: address2のデータは、address1のデータから推測されるデータに一致しません。（自動チェック機構が参照するデータセットに合致しないか、表記が異なります。  ,ERROR: prefectureの列の情報がありません。元データに都道府県情報が欠落している可能性があります。入力されたデータ形式は、自動チェック機構が推奨する形式ではありません。  ,
2510,太森町819-2,,太森町,,819-2,,,ERROR: address2のデータは、address1のデータから推測されるデータに一致しません。（自動チェック機構が参照するデータセットに合致しないか、表記が異なります。  ,ERROR: prefectureの列の情報がありません。元データに都道府県情報が欠落している可能性があります。入力されたデータ形式は、自動チェック機構が推奨する形式ではありません。  ,
2511,太森町819-2,,太森町,,819-2,,,ERROR: address2のデータは、address1のデータから推測されるデータに一致しません。（自動チェック機構が参照するデータセットに合致しないか、表記が異なります。  ,ERROR: prefectureの列の情報がありません。元データに都道府県情報が欠落している可能性があります。入力されたデータ形式は、自動チェック機構が推奨する形式ではありません。  ,
2512,太森町866,,太森町,,866,,,ERROR: address2のデータは、address1のデータから推測されるデータに一致しません。（自動チェック機構が参照するデータセットに合致しないか、表記が異なります。  ,ERROR: prefectureの列の情報がありません。元データに都道府県情報が欠落している可能性があります。入力されたデータ形式は、自動チェック機構が推奨する形式ではありません。  ,
2513,太森町866,,太森町,,866,,,ERROR: address2のデータは、address1のデータから推測されるデータに一致しません。（自動チェック機構が参照するデータセットに合致しないか、表記が異なります。  ,ERROR: prefectureの列の情報がありません。元データに都道府県情報が欠落している可能性があります。入力されたデータ形式は、自動チェック機構が推奨する形式ではありません。  ,
2514,辺法寺町1579,,辺法寺町,,1579,,,ERROR: address2のデータは、address1のデータから推測されるデータに一致しません。（自動チェック機構が参照するデータセットに合致しないか、表記が異なります。  ,ERROR: prefectureの列の情報がありません。元データに都道府県情報が欠落している可能性があります。入力されたデータ形式は、自動チェック機構が推奨する形式ではありません。  ,
2515,辺法寺町1579,,辺法寺町,,1579,,,ERROR: address2のデータは、address1のデータから推測されるデータに一致しません。（自動チェック機構が参照するデータセットに合致しないか、表記が異なります。  ,ERROR: prefectureの列の情報がありません。元データに都道府県情報が欠落している可能性があります。入力されたデータ形式は、自動チェック機構が推奨する形式ではありません。  ,
2516,辺法寺町1011,,辺法寺町,,1011,,,ERROR: address2のデータは、address1のデータから推測されるデータに一致しません。（自動チェック機構が参照するデータセットに合致しないか、表記が異なります。  ,ERROR: prefectureの列の情報がありません。元データに都道府県情報が欠落している可能性があります。入力されたデータ形式は、自動チェック機構が推奨する形式ではありません。  ,
2517,辺法寺町105,,辺法寺町,,105,,,ERROR: address2のデータは、address1のデータから推測されるデータに一致しません。（自動チェック機構が参照するデータセットに合致しないか、表記が異なります。  ,ERROR: prefectureの列の情報がありません。元データに都道府県情報が欠落している可能性があります。入力されたデータ形式は、自動チェック機構が推奨する形式ではありません。  ,
2518,辺法寺町1090-0,,辺法寺町,,1090-0,,,ERROR: address2のデータは、address1のデータから推測されるデータに一致しません。（自動チェック機構が参照するデータセットに合致しないか、表記が異なります。  ,ERROR: prefectureの列の情報がありません。元データに都道府県情報が欠落している可能性があります。入力されたデータ形式は、自動チェック機構が推奨する形式ではありません。  ,
2519,辺法寺町1090-1,,辺法寺町,,1090-1,,,ERROR: address2のデータは、address1のデータから推測されるデータに一致しません。（自動チェック機構が参照するデータセットに合致しないか、表記が異なります。  ,ERROR: prefectureの列の情報がありません。元データに都道府県情報が欠落している可能性があります。入力されたデータ形式は、自動チェック機構が推奨する形式ではありません。  ,
2520,辺法寺町1579,,辺法寺町,,1579,,,ERROR: address2のデータは、address1のデータから推測されるデータに一致しません。（自動チェック機構が参照するデータセットに合致しないか、表記が異なります。  ,ERROR: prefectureの列の情報がありません。元データに都道府県情報が欠落している可能性があります。入力されたデータ形式は、自動チェック機構が推奨する形式ではありません。  ,
2521,辺法寺町215,,辺法寺町,,215,,,ERROR: address2のデータは、address1のデータから推測されるデータに一致しません。（自動チェック機構が参照するデータセットに合致しないか、表記が異なります。  ,ERROR: prefectureの列の情報がありません。元データに都道府県情報が欠落している可能性があります。入力されたデータ形式は、自動チェック機構が推奨する形式ではありません。  ,
2522,辺法寺町219-1,,辺法寺町,,219-1,,,ERROR: address2のデータは、address1のデータから推測されるデータに一致しません。（自動チェック機構が参照するデータセットに合致しないか、表記が異なります。  ,ERROR: prefectureの列の情報がありません。元データに都道府県情報が欠落している可能性があります。入力されたデータ形式は、自動チェック機構が推奨する形式ではありません。  ,
2523,辺法寺町219-1,,辺法寺町,,219-1,,,ERROR: address2のデータは、address1のデータから推測されるデータに一致しません。（自動チェック機構が参照するデータセットに合致しないか、表記が異なります。  ,ERROR: prefectureの列の情報がありません。元データに都道府県情報が欠落している可能性があります。入力されたデータ形式は、自動チェック機構が推奨する形式ではありません。  ,
2524,辺法寺町219-1,,辺法寺町,,219-1,,,ERROR: address2のデータは、address1のデータから推測されるデータに一致しません。（自動チェック機構が参照するデータセットに合致しないか、表記が異なります。  ,ERROR: prefectureの列の情報がありません。元データに都道府県情報が欠落している可能性があります。入力されたデータ形式は、自動チェック機構が推奨する形式ではありません。  ,
2525,辺法寺町219-1,,辺法寺町,,219-1,,,ERROR: address2のデータは、address1のデータから推測されるデータに一致しません。（自動チェック機構が参照するデータセットに合致しないか、表記が異なります。  ,ERROR: prefectureの列の情報がありません。元データに都道府県情報が欠落している可能性があります。入力されたデータ形式は、自動チェック機構が推奨する形式ではありません。  ,
2526,辺法寺町231,,辺法寺町,,231,,,ERROR: address2のデータは、address1のデータから推測されるデータに一致しません。（自動チェック機構が参照するデータセットに合致しないか、表記が異なります。  ,ERROR: prefectureの列の情報がありません。元データに都道府県情報が欠落している可能性があります。入力されたデータ形式は、自動チェック機構が推奨する形式ではありません。  ,
2527,辺法寺町658-1,,辺法寺町,,658-1,,,ERROR: address2のデータは、address1のデータから推測されるデータに一致しません。（自動チェック機構が参照するデータセットに合致しないか、表記が異なります。  ,ERROR: prefectureの列の情報がありません。元データに都道府県情報が欠落している可能性があります。入力されたデータ形式は、自動チェック機構が推奨する形式ではありません。  ,
2528,辺法寺町658-1,,辺法寺町,,658-1,,,ERROR: address2のデータは、address1のデータから推測されるデータに一致しません。（自動チェック機構が参照するデータセットに合致しないか、表記が異なります。  ,ERROR: prefectureの列の情報がありません。元データに都道府県情報が欠落している可能性があります。入力されたデータ形式は、自動チェック機構が推奨する形式ではありません。  ,
2529,辺法寺町658-1,,辺法寺町,,658-1,,,ERROR: address2のデータは、address1のデータから推測されるデータに一致しません。（自動チェック機構が参照するデータセットに合致しないか、表記が異なります。  ,ERROR: prefectureの列の情報がありません。元データに都道府県情報が欠落している可能性があります。入力されたデータ形式は、自動チェック機構が推奨する形式ではありません。  ,
2530,辺法寺町728,,辺法寺町,,728,,,ERROR: address2のデータは、address1のデータから推測されるデータに一致しません。（自動チェック機構が参照するデータセットに合致しないか、表記が異なります。  ,ERROR: prefectureの列の情報がありません。元データに都道府県情報が欠落している可能性があります。入力されたデータ形式は、自動チェック機構が推奨する形式ではありません。  ,
2531,辺法寺町728,,辺法寺町,,728,,,ERROR: address2のデータは、address1のデータから推測されるデータに一致しません。（自動チェック機構が参照するデータセットに合致しないか、表記が異なります。  ,ERROR: prefectureの列の情報がありません。元データに都道府県情報が欠落している可能性があります。入力されたデータ形式は、自動チェック機構が推奨する形式ではありません。  ,
2532,辺法寺町728,,辺法寺町,,728,,,ERROR: address2のデータは、address1のデータから推測されるデータに一致しません。（自動チェック機構が参照するデータセットに合致しないか、表記が異なります。  ,ERROR: prefectureの列の情報がありません。元データに都道府県情報が欠落している可能性があります。入力されたデータ形式は、自動チェック機構が推奨する形式ではありません。  ,
2533,辺法寺町811,,辺法寺町,,811,,,ERROR: address2のデータは、address1のデータから推測されるデータに一致しません。（自動チェック機構が参照するデータセットに合致しないか、表記が異なります。  ,ERROR: prefectureの列の情報がありません。元データに都道府県情報が欠落している可能性があります。入力されたデータ形式は、自動チェック機構が推奨する形式ではありません。  ,
2534,辺法寺町811,,辺法寺町,,811,,,ERROR: address2のデータは、address1のデータから推測されるデータに一致しません。（自動チェック機構が参照するデータセットに合致しないか、表記が異なります。  ,ERROR: prefectureの列の情報がありません。元データに都道府県情報が欠落している可能性があります。入力されたデータ形式は、自動チェック機構が推奨する形式ではありません。  ,
2535,辺法寺町811,,辺法寺町,,811,,,ERROR: address2のデータは、address1のデータから推測されるデータに一致しません。（自動チェック機構が参照するデータセットに合致しないか、表記が異なります。  ,ERROR: prefectureの列の情報がありません。元データに都道府県情報が欠落している可能性があります。入力されたデータ形式は、自動チェック機構が推奨する形式ではありません。  ,
2536,辺法寺町811,,辺法寺町,,811,,,ERROR: address2のデータは、address1のデータから推測されるデータに一致しません。（自動チェック機構が参照するデータセットに合致しないか、表記が異なります。  ,ERROR: prefectureの列の情報がありません。元データに都道府県情報が欠落している可能性があります。入力されたデータ形式は、自動チェック機構が推奨する形式ではありません。  ,
2537,辺法寺町870-1,,辺法寺町,,870-1,,,ERROR: address2のデータは、address1のデータから推測されるデータに一致しません。（自動チェック機構が参照するデータセットに合致しないか、表記が異なります。  ,ERROR: prefectureの列の情報がありません。元データに都道府県情報が欠落している可能性があります。入力されたデータ形式は、自動チェック機構が推奨する形式ではありません。  ,
2538,辺法寺町870-1,,辺法寺町,,870-1,,,ERROR: address2のデータは、address1のデータから推測されるデータに一致しません。（自動チェック機構が参照するデータセットに合致しないか、表記が異なります。  ,ERROR: prefectureの列の情報がありません。元データに都道府県情報が欠落している可能性があります。入力されたデータ形式は、自動チェック機構が推奨する形式ではありません。  ,
2539,辺法寺町870-1,,辺法寺町,,870-1,,,ERROR: address2のデータは、address1のデータから推測されるデータに一致しません。（自動チェック機構が参照するデータセットに合致しないか、表記が異なります。  ,ERROR: prefectureの列の情報がありません。元データに都道府県情報が欠落している可能性があります。入力されたデータ形式は、自動チェック機構が推奨する形式ではありません。  ,
2540,辺法寺町906,,辺法寺町,,906,,,ERROR: address2のデータは、address1のデータから推測されるデータに一致しません。（自動チェック機構が参照するデータセットに合致しないか、表記が異なります。  ,ERROR: prefectureの列の情報がありません。元データに都道府県情報が欠落している可能性があります。入力されたデータ形式は、自動チェック機構が推奨する形式ではありません。  ,
2541,辺法寺町934,,辺法寺町,,934,,,ERROR: address2のデータは、address1のデータから推測されるデータに一致しません。（自動チェック機構が参照するデータセットに合致しないか、表記が異なります。  ,ERROR: prefectureの列の情報がありません。元データに都道府県情報が欠落している可能性があります。入力されたデータ形式は、自動チェック機構が推奨する形式ではありません。  ,
2542,辺法寺町934,,辺法寺町,,934,,,ERROR: address2のデータは、address1のデータから推測されるデータに一致しません。（自動チェック機構が参照するデータセットに合致しないか、表記が異なります。  ,ERROR: prefectureの列の情報がありません。元データに都道府県情報が欠落している可能性があります。入力されたデータ形式は、自動チェック機構が推奨する形式ではありません。  ,
2543,辺法寺町934,,辺法寺町,,934,,,ERROR: address2のデータは、address1のデータから推測されるデータに一致しません。（自動チェック機構が参照するデータセットに合致しないか、表記が異なります。  ,ERROR: prefectureの列の情報がありません。元データに都道府県情報が欠落している可能性があります。入力されたデータ形式は、自動チェック機構が推奨する形式ではありません。  ,
2544,辺法寺町934,,辺法寺町,,934,,,ERROR: address2のデータは、address1のデータから推測されるデータに一致しません。（自動チェック機構が参照するデータセットに合致しないか、表記が異なります。  ,ERROR: prefectureの列の情報がありません。元データに都道府県情報が欠落している可能性があります。入力されたデータ形式は、自動チェック機構が推奨する形式ではありません。  ,
2545,辺法寺町934,,辺法寺町,,934,,,ERROR: address2のデータは、address1のデータから推測されるデータに一致しません。（自動チェック機構が参照するデータセットに合致しないか、表記が異なります。  ,ERROR: prefectureの列の情報がありません。元データに都道府県情報が欠落している可能性があります。入力されたデータ形式は、自動チェック機構が推奨する形式ではありません。  ,
2546,辺法寺町1605,,辺法寺町,,1605,,,ERROR: address2のデータは、address1のデータから推測されるデータに一致しません。（自動チェック機構が参照するデータセットに合致しないか、表記が異なります。  ,ERROR: prefectureの列の情報がありません。元データに都道府県情報が欠落している可能性があります。入力されたデータ形式は、自動チェック機構が推奨する形式ではありません。  ,
2547,両尾町1917-3,,両尾町,,1917-3,,,ERROR: address2のデータは、address1のデータから推測されるデータに一致しません。（自動チェック機構が参照するデータセットに合致しないか、表記が異なります。  ,ERROR: prefectureの列の情報がありません。元データに都道府県情報が欠落している可能性があります。入力されたデータ形式は、自動チェック機構が推奨する形式ではありません。  ,
2548,両尾町1917-3,,両尾町,,1917-3,,,ERROR: address2のデータは、address1のデータから推測されるデータに一致しません。（自動チェック機構が参照するデータセットに合致しないか、表記が異なります。  ,ERROR: prefectureの列の情報がありません。元データに都道府県情報が欠落している可能性があります。入力されたデータ形式は、自動チェック機構が推奨する形式ではありません。  ,
2549,両尾町1957-1,,両尾町,,1957-1,,,ERROR: address2のデータは、address1のデータから推測されるデータに一致しません。（自動チェック機構が参照するデータセットに合致しないか、表記が異なります。  ,ERROR: prefectureの列の情報がありません。元データに都道府県情報が欠落している可能性があります。入力されたデータ形式は、自動チェック機構が推奨する形式ではありません。  ,
2550,両尾町1957-1,,両尾町,,1957-1,,,ERROR: address2のデータは、address1のデータから推測されるデータに一致しません。（自動チェック機構が参照するデータセットに合致しないか、表記が異なります。  ,ERROR: prefectureの列の情報がありません。元データに都道府県情報が欠落している可能性があります。入力されたデータ形式は、自動チェック機構が推奨する形式ではありません。  ,
2551,両尾町1957-1,,両尾町,,1957-1,,,ERROR: address2のデータは、address1のデータから推測されるデータに一致しません。（自動チェック機構が参照するデータセットに合致しないか、表記が異なります。  ,ERROR: prefectureの列の情報がありません。元データに都道府県情報が欠落している可能性があります。入力されたデータ形式は、自動チェック機構が推奨する形式ではありません。  ,
2552,両尾町1957-1,,両尾町,,1957-1,,,ERROR: address2のデータは、address1のデータから推測されるデータに一致しません。（自動チェック機構が参照するデータセットに合致しないか、表記が異なります。  ,ERROR: prefectureの列の情報がありません。元データに都道府県情報が欠落している可能性があります。入力されたデータ形式は、自動チェック機構が推奨する形式ではありません。  ,
2553,両尾町2082-1,,両尾町,,2082-1,,,ERROR: address2のデータは、address1のデータから推測されるデータに一致しません。（自動チェック機構が参照するデータセットに合致しないか、表記が異なります。  ,ERROR: prefectureの列の情報がありません。元データに都道府県情報が欠落している可能性があります。入力されたデータ形式は、自動チェック機構が推奨する形式ではありません。  ,
2554,両尾町2082-1,,両尾町,,2082-1,,,ERROR: address2のデータは、address1のデータから推測されるデータに一致しません。（自動チェック機構が参照するデータセットに合致しないか、表記が異なります。  ,ERROR: prefectureの列の情報がありません。元データに都道府県情報が欠落している可能性があります。入力されたデータ形式は、自動チェック機構が推奨する形式ではありません。  ,
2555,両尾町2094,,両尾町,,2094,,,ERROR: address2のデータは、address1のデータから推測されるデータに一致しません。（自動チェック機構が参照するデータセットに合致しないか、表記が異なります。  ,ERROR: prefectureの列の情報がありません。元データに都道府県情報が欠落している可能性があります。入力されたデータ形式は、自動チェック機構が推奨する形式ではありません。  ,
2556,両尾町21,,両尾町,,21,,,ERROR: address2のデータは、address1のデータから推測されるデータに一致しません。（自動チェック機構が参照するデータセットに合致しないか、表記が異なります。  ,ERROR: prefectureの列の情報がありません。元データに都道府県情報が欠落している可能性があります。入力されたデータ形式は、自動チェック機構が推奨する形式ではありません。  ,
2557,両尾町21,,両尾町,,21,,,ERROR: address2のデータは、address1のデータから推測されるデータに一致しません。（自動チェック機構が参照するデータセットに合致しないか、表記が異なります。  ,ERROR: prefectureの列の情報がありません。元データに都道府県情報が欠落している可能性があります。入力されたデータ形式は、自動チェック機構が推奨する形式ではありません。  ,
2558,両尾町2140-1,,両尾町,,2140-1,,,ERROR: address2のデータは、address1のデータから推測されるデータに一致しません。（自動チェック機構が参照するデータセットに合致しないか、表記が異なります。  ,ERROR: prefectureの列の情報がありません。元データに都道府県情報が欠落している可能性があります。入力されたデータ形式は、自動チェック機構が推奨する形式ではありません。  ,
2559,両尾町2140-1,,両尾町,,2140-1,,,ERROR: address2のデータは、address1のデータから推測されるデータに一致しません。（自動チェック機構が参照するデータセットに合致しないか、表記が異なります。  ,ERROR: prefectureの列の情報がありません。元データに都道府県情報が欠落している可能性があります。入力されたデータ形式は、自動チェック機構が推奨する形式ではありません。  ,
2560,両尾町228,,両尾町,,228,,,ERROR: address2のデータは、address1のデータから推測されるデータに一致しません。（自動チェック機構が参照するデータセットに合致しないか、表記が異なります。  ,ERROR: prefectureの列の情報がありません。元データに都道府県情報が欠落している可能性があります。入力されたデータ形式は、自動チェック機構が推奨する形式ではありません。  ,
2561,両尾町2287,,両尾町,,2287,,,ERROR: address2のデータは、address1のデータから推測されるデータに一致しません。（自動チェック機構が参照するデータセットに合致しないか、表記が異なります。  ,ERROR: prefectureの列の情報がありません。元データに都道府県情報が欠落している可能性があります。入力されたデータ形式は、自動チェック機構が推奨する形式ではありません。  ,
2562,両尾町2287,,両尾町,,2287,,,ERROR: address2のデータは、address1のデータから推測されるデータに一致しません。（自動チェック機構が参照するデータセットに合致しないか、表記が異なります。  ,ERROR: prefectureの列の情報がありません。元データに都道府県情報が欠落している可能性があります。入力されたデータ形式は、自動チェック機構が推奨する形式ではありません。  ,
2563,両尾町2318,,両尾町,,2318,,,ERROR: address2のデータは、address1のデータから推測されるデータに一致しません。（自動チェック機構が参照するデータセットに合致しないか、表記が異なります。  ,ERROR: prefectureの列の情報がありません。元データに都道府県情報が欠落している可能性があります。入力されたデータ形式は、自動チェック機構が推奨する形式ではありません。  ,
2564,両尾町2897,,両尾町,,2897,,,ERROR: address2のデータは、address1のデータから推測されるデータに一致しません。（自動チェック機構が参照するデータセットに合致しないか、表記が異なります。  ,ERROR: prefectureの列の情報がありません。元データに都道府県情報が欠落している可能性があります。入力されたデータ形式は、自動チェック機構が推奨する形式ではありません。  ,
2565,両尾町2911,,両尾町,,2911,,,ERROR: address2のデータは、address1のデータから推測されるデータに一致しません。（自動チェック機構が参照するデータセットに合致しないか、表記が異なります。  ,ERROR: prefectureの列の情報がありません。元データに都道府県情報が欠落している可能性があります。入力されたデータ形式は、自動チェック機構が推奨する形式ではありません。  ,
2566,両尾町2911,,両尾町,,2911,,,ERROR: address2のデータは、address1のデータから推測されるデータに一致しません。（自動チェック機構が参照するデータセットに合致しないか、表記が異なります。  ,ERROR: prefectureの列の情報がありません。元データに都道府県情報が欠落している可能性があります。入力されたデータ形式は、自動チェック機構が推奨する形式ではありません。  ,
2567,両尾町162,,両尾町,,162,,,ERROR: address2のデータは、address1のデータから推測されるデータに一致しません。（自動チェック機構が参照するデータセットに合致しないか、表記が異なります。  ,ERROR: prefectureの列の情報がありません。元データに都道府県情報が欠落している可能性があります。入力されたデータ形式は、自動チェック機構が推奨する形式ではありません。  ,
2568,両尾町177,,両尾町,,177,,,ERROR: address2のデータは、address1のデータから推測されるデータに一致しません。（自動チェック機構が参照するデータセットに合致しないか、表記が異なります。  ,ERROR: prefectureの列の情報がありません。元データに都道府県情報が欠落している可能性があります。入力されたデータ形式は、自動チェック機構が推奨する形式ではありません。  ,
2569,両尾町2068-2,,両尾町,,2068-2,,,ERROR: address2のデータは、address1のデータから推測されるデータに一致しません。（自動チェック機構が参照するデータセットに合致しないか、表記が異なります。  ,ERROR: prefectureの列の情報がありません。元データに都道府県情報が欠落している可能性があります。入力されたデータ形式は、自動チェック機構が推奨する形式ではありません。  ,
2570,両尾町2234-1,,両尾町,,2234-1,,,ERROR: address2のデータは、address1のデータから推測されるデータに一致しません。（自動チェック機構が参照するデータセットに合致しないか、表記が異なります。  ,ERROR: prefectureの列の情報がありません。元データに都道府県情報が欠落している可能性があります。入力されたデータ形式は、自動チェック機構が推奨する形式ではありません。  ,
2571,両尾町2234-1,,両尾町,,2234-1,,,ERROR: address2のデータは、address1のデータから推測されるデータに一致しません。（自動チェック機構が参照するデータセットに合致しないか、表記が異なります。  ,ERROR: prefectureの列の情報がありません。元データに都道府県情報が欠落している可能性があります。入力されたデータ形式は、自動チェック機構が推奨する形式ではありません。  ,
2572,両尾町2234-4,,両尾町,,2234-4,,,ERROR: address2のデータは、address1のデータから推測されるデータに一致しません。（自動チェック機構が参照するデータセットに合致しないか、表記が異なります。  ,ERROR: prefectureの列の情報がありません。元データに都道府県情報が欠落している可能性があります。入力されたデータ形式は、自動チェック機構が推奨する形式ではありません。  ,
2573,両尾町2234-4,,両尾町,,2234-4,,,ERROR: address2のデータは、address1のデータから推測されるデータに一致しません。（自動チェック機構が参照するデータセットに合致しないか、表記が異なります。  ,ERROR: prefectureの列の情報がありません。元データに都道府県情報が欠落している可能性があります。入力されたデータ形式は、自動チェック機構が推奨する形式ではありません。  ,
2574,両尾町2235-2,,両尾町,,2235-2,,,ERROR: address2のデータは、address1のデータから推測されるデータに一致しません。（自動チェック機構が参照するデータセットに合致しないか、表記が異なります。  ,ERROR: prefectureの列の情報がありません。元データに都道府県情報が欠落している可能性があります。入力されたデータ形式は、自動チェック機構が推奨する形式ではありません。  ,
2575,両尾町228,,両尾町,,228,,,ERROR: address2のデータは、address1のデータから推測されるデータに一致しません。（自動チェック機構が参照するデータセットに合致しないか、表記が異なります。  ,ERROR: prefectureの列の情報がありません。元データに都道府県情報が欠落している可能性があります。入力されたデータ形式は、自動チェック機構が推奨する形式ではありません。  ,
2576,安坂山町1600,,安坂山町,,1600,,,ERROR: address2のデータは、address1のデータから推測されるデータに一致しません。（自動チェック機構が参照するデータセットに合致しないか、表記が異なります。  ,ERROR: prefectureの列の情報がありません。元データに都道府県情報が欠落している可能性があります。入力されたデータ形式は、自動チェック機構が推奨する形式ではありません。  ,
2577,安坂山町1600,,安坂山町,,1600,,,ERROR: address2のデータは、address1のデータから推測されるデータに一致しません。（自動チェック機構が参照するデータセットに合致しないか、表記が異なります。  ,ERROR: prefectureの列の情報がありません。元データに都道府県情報が欠落している可能性があります。入力されたデータ形式は、自動チェック機構が推奨する形式ではありません。  ,
2578,安坂山町1660-1,,安坂山町,,1660-1,,,ERROR: address2のデータは、address1のデータから推測されるデータに一致しません。（自動チェック機構が参照するデータセットに合致しないか、表記が異なります。  ,ERROR: prefectureの列の情報がありません。元データに都道府県情報が欠落している可能性があります。入力されたデータ形式は、自動チェック機構が推奨する形式ではありません。  ,
2579,安坂山町1732,,安坂山町,,1732,,,ERROR: address2のデータは、address1のデータから推測されるデータに一致しません。（自動チェック機構が参照するデータセットに合致しないか、表記が異なります。  ,ERROR: prefectureの列の情報がありません。元データに都道府県情報が欠落している可能性があります。入力されたデータ形式は、自動チェック機構が推奨する形式ではありません。  ,
2580,安坂山町1732,,安坂山町,,1732,,,ERROR: address2のデータは、address1のデータから推測されるデータに一致しません。（自動チェック機構が参照するデータセットに合致しないか、表記が異なります。  ,ERROR: prefectureの列の情報がありません。元データに都道府県情報が欠落している可能性があります。入力されたデータ形式は、自動チェック機構が推奨する形式ではありません。  ,
2581,安坂山町1734,,安坂山町,,1734,,,ERROR: address2のデータは、address1のデータから推測されるデータに一致しません。（自動チェック機構が参照するデータセットに合致しないか、表記が異なります。  ,ERROR: prefectureの列の情報がありません。元データに都道府県情報が欠落している可能性があります。入力されたデータ形式は、自動チェック機構が推奨する形式ではありません。  ,
2582,安坂山町1734,,安坂山町,,1734,,,ERROR: address2のデータは、address1のデータから推測されるデータに一致しません。（自動チェック機構が参照するデータセットに合致しないか、表記が異なります。  ,ERROR: prefectureの列の情報がありません。元データに都道府県情報が欠落している可能性があります。入力されたデータ形式は、自動チェック機構が推奨する形式ではありません。  ,
2583,安坂山町1755-2,,安坂山町,,1755-2,,,ERROR: address2のデータは、address1のデータから推測されるデータに一致しません。（自動チェック機構が参照するデータセットに合致しないか、表記が異なります。  ,ERROR: prefectureの列の情報がありません。元データに都道府県情報が欠落している可能性があります。入力されたデータ形式は、自動チェック機構が推奨する形式ではありません。  ,
2584,安坂山町1755-2,,安坂山町,,1755-2,,,ERROR: address2のデータは、address1のデータから推測されるデータに一致しません。（自動チェック機構が参照するデータセットに合致しないか、表記が異なります。  ,ERROR: prefectureの列の情報がありません。元データに都道府県情報が欠落している可能性があります。入力されたデータ形式は、自動チェック機構が推奨する形式ではありません。  ,
2585,安坂山町1755-2,,安坂山町,,1755-2,,,ERROR: address2のデータは、address1のデータから推測されるデータに一致しません。（自動チェック機構が参照するデータセットに合致しないか、表記が異なります。  ,ERROR: prefectureの列の情報がありません。元データに都道府県情報が欠落している可能性があります。入力されたデータ形式は、自動チェック機構が推奨する形式ではありません。  ,
2586,安坂山町1755-2,,安坂山町,,1755-2,,,ERROR: address2のデータは、address1のデータから推測されるデータに一致しません。（自動チェック機構が参照するデータセットに合致しないか、表記が異なります。  ,ERROR: prefectureの列の情報がありません。元データに都道府県情報が欠落している可能性があります。入力されたデータ形式は、自動チェック機構が推奨する形式ではありません。  ,
2587,安坂山町1755-2,,安坂山町,,1755-2,,,ERROR: address2のデータは、address1のデータから推測されるデータに一致しません。（自動チェック機構が参照するデータセットに合致しないか、表記が異なります。  ,ERROR: prefectureの列の情報がありません。元データに都道府県情報が欠落している可能性があります。入力されたデータ形式は、自動チェック機構が推奨する形式ではありません。  ,
2588,安坂山町2547,,安坂山町,,2547,,,ERROR: address2のデータは、address1のデータから推測されるデータに一致しません。（自動チェック機構が参照するデータセットに合致しないか、表記が異なります。  ,ERROR: prefectureの列の情報がありません。元データに都道府県情報が欠落している可能性があります。入力されたデータ形式は、自動チェック機構が推奨する形式ではありません。  ,
2589,安坂山町2547,,安坂山町,,2547,,,ERROR: address2のデータは、address1のデータから推測されるデータに一致しません。（自動チェック機構が参照するデータセットに合致しないか、表記が異なります。  ,ERROR: prefectureの列の情報がありません。元データに都道府県情報が欠落している可能性があります。入力されたデータ形式は、自動チェック機構が推奨する形式ではありません。  ,
2590,安坂山町2619,,安坂山町,,2619,,,ERROR: address2のデータは、address1のデータから推測されるデータに一致しません。（自動チェック機構が参照するデータセットに合致しないか、表記が異なります。  ,ERROR: prefectureの列の情報がありません。元データに都道府県情報が欠落している可能性があります。入力されたデータ形式は、自動チェック機構が推奨する形式ではありません。  ,
2591,安坂山町701-2,,安坂山町,,701-2,,,ERROR: address2のデータは、address1のデータから推測されるデータに一致しません。（自動チェック機構が参照するデータセットに合致しないか、表記が異なります。  ,ERROR: prefectureの列の情報がありません。元データに都道府県情報が欠落している可能性があります。入力されたデータ形式は、自動チェック機構が推奨する形式ではありません。  ,
2592,安坂山町719-1,,安坂山町,,719-1,,,ERROR: address2のデータは、address1のデータから推測されるデータに一致しません。（自動チェック機構が参照するデータセットに合致しないか、表記が異なります。  ,ERROR: prefectureの列の情報がありません。元データに都道府県情報が欠落している可能性があります。入力されたデータ形式は、自動チェック機構が推奨する形式ではありません。  ,
2593,安坂山町池山2004-1,,安坂山町,池山,2004-1,,,ERROR: address2のデータは、address1のデータから推測されるデータに一致しません。（自動チェック機構が参照するデータセットに合致しないか、表記が異なります。  ,ERROR: prefectureの列の情報がありません。元データに都道府県情報が欠落している可能性があります。入力されたデータ形式は、自動チェック機構が推奨する形式ではありません。  ,
2594,安坂山町456-1,,安坂山町,,456-1,,,ERROR: address2のデータは、address1のデータから推測されるデータに一致しません。（自動チェック機構が参照するデータセットに合致しないか、表記が異なります。  ,ERROR: prefectureの列の情報がありません。元データに都道府県情報が欠落している可能性があります。入力されたデータ形式は、自動チェック機構が推奨する形式ではありません。  ,
2595,安坂山町456-1,,安坂山町,,456-1,,,ERROR: address2のデータは、address1のデータから推測されるデータに一致しません。（自動チェック機構が参照するデータセットに合致しないか、表記が異なります。  ,ERROR: prefectureの列の情報がありません。元データに都道府県情報が欠落している可能性があります。入力されたデータ形式は、自動チェック機構が推奨する形式ではありません。  ,
2596,安坂山町456-1,,安坂山町,,456-1,,,ERROR: address2のデータは、address1のデータから推測されるデータに一致しません。（自動チェック機構が参照するデータセットに合致しないか、表記が異なります。  ,ERROR: prefectureの列の情報がありません。元データに都道府県情報が欠落している可能性があります。入力されたデータ形式は、自動チェック機構が推奨する形式ではありません。  ,
2597,安坂山町719-1,,安坂山町,,719-1,,,ERROR: address2のデータは、address1のデータから推測されるデータに一致しません。（自動チェック機構が参照するデータセットに合致しないか、表記が異なります。  ,ERROR: prefectureの列の情報がありません。元データに都道府県情報が欠落している可能性があります。入力されたデータ形式は、自動チェック機構が推奨する形式ではありません。  ,
2598,安坂山町719-1,,安坂山町,,719-1,,,ERROR: address2のデータは、address1のデータから推測されるデータに一致しません。（自動チェック機構が参照するデータセットに合致しないか、表記が異なります。  ,ERROR: prefectureの列の情報がありません。元データに都道府県情報が欠落している可能性があります。入力されたデータ形式は、自動チェック機構が推奨する形式ではありません。  ,
2599,安坂山町719-1,,安坂山町,,719-1,,,ERROR: address2のデータは、address1のデータから推測されるデータに一致しません。（自動チェック機構が参照するデータセットに合致しないか、表記が異なります。  ,ERROR: prefectureの列の情報がありません。元データに都道府県情報が欠落している可能性があります。入力されたデータ形式は、自動チェック機構が推奨する形式ではありません。  ,
2600,安坂山町60,,安坂山町,,60,,,ERROR: address2のデータは、address1のデータから推測されるデータに一致しません。（自動チェック機構が参照するデータセットに合致しないか、表記が異なります。  ,ERROR: prefectureの列の情報がありません。元データに都道府県情報が欠落している可能性があります。入力されたデータ形式は、自動チェック機構が推奨する形式ではありません。  ,
2601,関町沓掛402,,関町,沓掛,402,,,ERROR: address2のデータは、address1のデータから推測されるデータに一致しません。（自動チェック機構が参照するデータセットに合致しないか、表記が異なります。  ,ERROR: prefectureの列の情報がありません。元データに都道府県情報が欠落している可能性があります。入力されたデータ形式は、自動チェック機構が推奨する形式ではありません。  ,
2602,関町沓掛402,,関町,沓掛,402,,,ERROR: address2のデータは、address1のデータから推測されるデータに一致しません。（自動チェック機構が参照するデータセットに合致しないか、表記が異なります。  ,ERROR: prefectureの列の情報がありません。元データに都道府県情報が欠落している可能性があります。入力されたデータ形式は、自動チェック機構が推奨する形式ではありません。  ,
2603,関町沓掛402,,関町,沓掛,402,,,ERROR: address2のデータは、address1のデータから推測されるデータに一致しません。（自動チェック機構が参照するデータセットに合致しないか、表記が異なります。  ,ERROR: prefectureの列の情報がありません。元データに都道府県情報が欠落している可能性があります。入力されたデータ形式は、自動チェック機構が推奨する形式ではありません。  ,
2604,関町沓掛493,,関町,沓掛,493,,,ERROR: address2のデータは、address1のデータから推測されるデータに一致しません。（自動チェック機構が参照するデータセットに合致しないか、表記が異なります。  ,ERROR: prefectureの列の情報がありません。元データに都道府県情報が欠落している可能性があります。入力されたデータ形式は、自動チェック機構が推奨する形式ではありません。  ,
2605,関町市瀬451,,関町市,瀬,451,,,ERROR: address2のデータは、address1のデータから推測されるデータに一致しません。（自動チェック機構が参照するデータセットに合致しないか、表記が異なります。  ,ERROR: prefectureの列の情報がありません。元データに都道府県情報が欠落している可能性があります。入力されたデータ形式は、自動チェック機構が推奨する形式ではありません。  ,
2606,関町市瀬665,,関町市,瀬,665,,,ERROR: address2のデータは、address1のデータから推測されるデータに一致しません。（自動チェック機構が参照するデータセットに合致しないか、表記が異なります。  ,ERROR: prefectureの列の情報がありません。元データに都道府県情報が欠落している可能性があります。入力されたデータ形式は、自動チェック機構が推奨する形式ではありません。  ,
2607,関町市瀬665,,関町市,瀬,665,,,ERROR: address2のデータは、address1のデータから推測されるデータに一致しません。（自動チェック機構が参照するデータセットに合致しないか、表記が異なります。  ,ERROR: prefectureの列の情報がありません。元データに都道府県情報が欠落している可能性があります。入力されたデータ形式は、自動チェック機構が推奨する形式ではありません。  ,
2608,関町市瀬665,,関町市,瀬,665,,,ERROR: address2のデータは、address1のデータから推測されるデータに一致しません。（自動チェック機構が参照するデータセットに合致しないか、表記が異なります。  ,ERROR: prefectureの列の情報がありません。元データに都道府県情報が欠落している可能性があります。入力されたデータ形式は、自動チェック機構が推奨する形式ではありません。  ,
2609,関町白木一色1349-2,,関町,白木一色,1349-2,,,ERROR: address2のデータは、address1のデータから推測されるデータに一致しません。（自動チェック機構が参照するデータセットに合致しないか、表記が異なります。  ,ERROR: prefectureの列の情報がありません。元データに都道府県情報が欠落している可能性があります。入力されたデータ形式は、自動チェック機構が推奨する形式ではありません。  ,
2610,関町白木一色1349-2,,関町,白木一色,1349-2,,,ERROR: address2のデータは、address1のデータから推測されるデータに一致しません。（自動チェック機構が参照するデータセットに合致しないか、表記が異なります。  ,ERROR: prefectureの列の情報がありません。元データに都道府県情報が欠落している可能性があります。入力されたデータ形式は、自動チェック機構が推奨する形式ではありません。  ,
2611,関町白木一色1474,,関町,白木一色,1474,,,ERROR: address2のデータは、address1のデータから推測されるデータに一致しません。（自動チェック機構が参照するデータセットに合致しないか、表記が異なります。  ,ERROR: prefectureの列の情報がありません。元データに都道府県情報が欠落している可能性があります。入力されたデータ形式は、自動チェック機構が推奨する形式ではありません。  ,
2612,関町白木一色1365,,関町,白木一色,1365,,,ERROR: address2のデータは、address1のデータから推測されるデータに一致しません。（自動チェック機構が参照するデータセットに合致しないか、表記が異なります。  ,ERROR: prefectureの列の情報がありません。元データに都道府県情報が欠落している可能性があります。入力されたデータ形式は、自動チェック機構が推奨する形式ではありません。  ,
2613,関町鷲山26-2,,関町,鷲山,26-2,,,ERROR: address2のデータは、address1のデータから推測されるデータに一致しません。（自動チェック機構が参照するデータセットに合致しないか、表記が異なります。  ,ERROR: prefectureの列の情報がありません。元データに都道府県情報が欠落している可能性があります。入力されたデータ形式は、自動チェック機構が推奨する形式ではありません。  ,
2614,関町鷲山40-1,,関町,鷲山,40-1,,,ERROR: address2のデータは、address1のデータから推測されるデータに一致しません。（自動チェック機構が参照するデータセットに合致しないか、表記が異なります。  ,ERROR: prefectureの列の情報がありません。元データに都道府県情報が欠落している可能性があります。入力されたデータ形式は、自動チェック機構が推奨する形式ではありません。  ,
2615,関町鷲山40-1,,関町,鷲山,40-1,,,ERROR: address2のデータは、address1のデータから推測されるデータに一致しません。（自動チェック機構が参照するデータセットに合致しないか、表記が異なります。  ,ERROR: prefectureの列の情報がありません。元データに都道府県情報が欠落している可能性があります。入力されたデータ形式は、自動チェック機構が推奨する形式ではありません。  ,
2616,関町鷲山448,,関町,鷲山,448,,,ERROR: address2のデータは、address1のデータから推測されるデータに一致しません。（自動チェック機構が参照するデータセットに合致しないか、表記が異なります。  ,ERROR: prefectureの列の情報がありません。元データに都道府県情報が欠落している可能性があります。入力されたデータ形式は、自動チェック機構が推奨する形式ではありません。  ,
2617,関町会下1066-6,,関町,会下,1066-6,,,CAUTION: address2のデータには不正な文字列が含まれている可能性があります。  ERROR: address2のデータは、address1のデータから推測されるデータに一致しません。（自動チェック機構が参照するデータセットに合致しないか、表記が異なります。  ,ERROR: prefectureの列の情報がありません。元データに都道府県情報が欠落している可能性があります。入力されたデータ形式は、自動チェック機構が推奨する形式ではありません。  ,
2618,関町会下1066-6 Ａ-201,,関町,会下,1066-6,A,201,CAUTION: address2のデータには不正な文字列が含まれている可能性があります。  ERROR: address2のデータは、address1のデータから推測されるデータに一致しません。（自動チェック機構が参照するデータセットに合致しないか、表記が異なります。  ,ERROR: prefectureの列の情報がありません。元データに都道府県情報が欠落している可能性があります。入力されたデータ形式は、自動チェック機構が推奨する形式ではありません。  ERROR: address5の建物情報の箇所に番地と思しき情報が存在します,
2619,関町会下1266-47,,関町,会下,1266-47,,,CAUTION: address2のデータには不正な文字列が含まれている可能性があります。  ERROR: address2のデータは、address1のデータから推測されるデータに一致しません。（自動チェック機構が参照するデータセットに合致しないか、表記が異なります。  ,ERROR: prefectureの列の情報がありません。元データに都道府県情報が欠落している可能性があります。入力されたデータ形式は、自動チェック機構が推奨する形式ではありません。  ,
2620,関町会下1266-47,,関町,会下,1266-47,,,CAUTION: address2のデータには不正な文字列が含まれている可能性があります。  ERROR: address2のデータは、address1のデータから推測されるデータに一致しません。（自動チェック機構が参照するデータセットに合致しないか、表記が異なります。  ,ERROR: prefectureの列の情報がありません。元データに都道府県情報が欠落している可能性があります。入力されたデータ形式は、自動チェック機構が推奨する形式ではありません。  ,
2621,関町会下1280-2,,関町,会下,1280-2,,,CAUTION: address2のデータには不正な文字列が含まれている可能性があります。  ERROR: address2のデータは、address1のデータから推測されるデータに一致しません。（自動チェック機構が参照するデータセットに合致しないか、表記が異なります。  ,ERROR: prefectureの列の情報がありません。元データに都道府県情報が欠落している可能性があります。入力されたデータ形式は、自動チェック機構が推奨する形式ではありません。  ,
2622,関町会下1363-36,,関町,会下,1363-36,,,CAUTION: address2のデータには不正な文字列が含まれている可能性があります。  ERROR: address2のデータは、address1のデータから推測されるデータに一致しません。（自動チェック機構が参照するデータセットに合致しないか、表記が異なります。  ,ERROR: prefectureの列の情報がありません。元データに都道府県情報が欠落している可能性があります。入力されたデータ形式は、自動チェック機構が推奨する形式ではありません。  ,
2623,関町会下1266-63,,関町,会下,1266-63,,,CAUTION: address2のデータには不正な文字列が含まれている可能性があります。  ERROR: address2のデータは、address1のデータから推測されるデータに一致しません。（自動チェック機構が参照するデータセットに合致しないか、表記が異なります。  ,ERROR: prefectureの列の情報がありません。元データに都道府県情報が欠落している可能性があります。入力されたデータ形式は、自動チェック機構が推奨する形式ではありません。  ,
2624,関町会下1266-63,,関町,会下,1266-63,,,CAUTION: address2のデータには不正な文字列が含まれている可能性があります。  ERROR: address2のデータは、address1のデータから推測されるデータに一致しません。（自動チェック機構が参照するデータセットに合致しないか、表記が異なります。  ,ERROR: prefectureの列の情報がありません。元データに都道府県情報が欠落している可能性があります。入力されたデータ形式は、自動チェック機構が推奨する形式ではありません。  ,
2625,関町会下1266-63,,関町,会下,1266-63,,,CAUTION: address2のデータには不正な文字列が含まれている可能性があります。  ERROR: address2のデータは、address1のデータから推測されるデータに一致しません。（自動チェック機構が参照するデータセットに合致しないか、表記が異なります。  ,ERROR: prefectureの列の情報がありません。元データに都道府県情報が欠落している可能性があります。入力されたデータ形式は、自動チェック機構が推奨する形式ではありません。  ,
2626,関町会下1266-55関ハイツ2053,,関町,会下,1266-55,関ハイツ,2053,CAUTION: address2のデータには不正な文字列が含まれている可能性があります。  ERROR: address2のデータは、address1のデータから推測されるデータに一致しません。（自動チェック機構が参照するデータセットに合致しないか、表記が異なります。  ,ERROR: prefectureの列の情報がありません。元データに都道府県情報が欠落している可能性があります。入力されたデータ形式は、自動チェック機構が推奨する形式ではありません。  ERROR: address5の建物情報の箇所に番地と思しき情報が存在します,
2627,関町会下1266-55関ハイツ2053,,関町,会下,1266-55,関ハイツ,2053,CAUTION: address2のデータには不正な文字列が含まれている可能性があります。  ERROR: address2のデータは、address1のデータから推測されるデータに一致しません。（自動チェック機構が参照するデータセットに合致しないか、表記が異なります。  ,ERROR: prefectureの列の情報がありません。元データに都道府県情報が欠落している可能性があります。入力されたデータ形式は、自動チェック機構が推奨する形式ではありません。  ERROR: address5の建物情報の箇所に番地と思しき情報が存在します,
2628,関町会下1266-55関ハイツ2053,,関町,会下,1266-55,関ハイツ,2053,CAUTION: address2のデータには不正な文字列が含まれている可能性があります。  ERROR: address2のデータは、address1のデータから推測されるデータに一致しません。（自動チェック機構が参照するデータセットに合致しないか、表記が異なります。  ,ERROR: prefectureの列の情報がありません。元データに都道府県情報が欠落している可能性があります。入力されたデータ形式は、自動チェック機構が推奨する形式ではありません。  ERROR: address5の建物情報の箇所に番地と思しき情報が存在します,
2629,関町会下1360-22 プーゼＡ201,,関町,会下,1360-22,プーゼA,201,CAUTION: address2のデータには不正な文字列が含まれている可能性があります。  ERROR: address2のデータは、address1のデータから推測されるデータに一致しません。（自動チェック機構が参照するデータセットに合致しないか、表記が異なります。  ,ERROR: prefectureの列の情報がありません。元データに都道府県情報が欠落している可能性があります。入力されたデータ形式は、自動チェック機構が推奨する形式ではありません。  ERROR: address5の建物情報の箇所に番地と思しき情報が存在します,
2630,関町会下1360-22 プーゼＡ201,,関町,会下,1360-22,プーゼA,201,CAUTION: address2のデータには不正な文字列が含まれている可能性があります。  ERROR: address2のデータは、address1のデータから推測されるデータに一致しません。（自動チェック機構が参照するデータセットに合致しないか、表記が異なります。  ,ERROR: prefectureの列の情報がありません。元データに都道府県情報が欠落している可能性があります。入力されたデータ形式は、自動チェック機構が推奨する形式ではありません。  ERROR: address5の建物情報の箇所に番地と思しき情報が存在します,
2631,関町木崎138,,関町,木崎,138,,,ERROR: address2のデータは、address1のデータから推測されるデータに一致しません。（自動チェック機構が参照するデータセットに合致しないか、表記が異なります。  ,ERROR: prefectureの列の情報がありません。元データに都道府県情報が欠落している可能性があります。入力されたデータ形式は、自動チェック機構が推奨する形式ではありません。  ,
2632,関町木崎1400,,関町,木崎,1400,,,ERROR: address2のデータは、address1のデータから推測されるデータに一致しません。（自動チェック機構が参照するデータセットに合致しないか、表記が異なります。  ,ERROR: prefectureの列の情報がありません。元データに都道府県情報が欠落している可能性があります。入力されたデータ形式は、自動チェック機構が推奨する形式ではありません。  ,
2633,関町木崎1400,,関町,木崎,1400,,,ERROR: address2のデータは、address1のデータから推測されるデータに一致しません。（自動チェック機構が参照するデータセットに合致しないか、表記が異なります。  ,ERROR: prefectureの列の情報がありません。元データに都道府県情報が欠落している可能性があります。入力されたデータ形式は、自動チェック機構が推奨する形式ではありません。  ,
2634,関町木崎1400,,関町,木崎,1400,,,ERROR: address2のデータは、address1のデータから推測されるデータに一致しません。（自動チェック機構が参照するデータセットに合致しないか、表記が異なります。  ,ERROR: prefectureの列の情報がありません。元データに都道府県情報が欠落している可能性があります。入力されたデータ形式は、自動チェック機構が推奨する形式ではありません。  ,
2635,関町木崎1400,,関町,木崎,1400,,,ERROR: address2のデータは、address1のデータから推測されるデータに一致しません。（自動チェック機構が参照するデータセットに合致しないか、表記が異なります。  ,ERROR: prefectureの列の情報がありません。元データに都道府県情報が欠落している可能性があります。入力されたデータ形式は、自動チェック機構が推奨する形式ではありません。  ,
2636,関町木崎1413,,関町,木崎,1413,,,ERROR: address2のデータは、address1のデータから推測されるデータに一致しません。（自動チェック機構が参照するデータセットに合致しないか、表記が異なります。  ,ERROR: prefectureの列の情報がありません。元データに都道府県情報が欠落している可能性があります。入力されたデータ形式は、自動チェック機構が推奨する形式ではありません。  ,
2637,関町木崎1413,,関町,木崎,1413,,,ERROR: address2のデータは、address1のデータから推測されるデータに一致しません。（自動チェック機構が参照するデータセットに合致しないか、表記が異なります。  ,ERROR: prefectureの列の情報がありません。元データに都道府県情報が欠落している可能性があります。入力されたデータ形式は、自動チェック機構が推奨する形式ではありません。  ,
2638,関町木崎1413,,関町,木崎,1413,,,ERROR: address2のデータは、address1のデータから推測されるデータに一致しません。（自動チェック機構が参照するデータセットに合致しないか、表記が異なります。  ,ERROR: prefectureの列の情報がありません。元データに都道府県情報が欠落している可能性があります。入力されたデータ形式は、自動チェック機構が推奨する形式ではありません。  ,
2639,関町木崎143-7,,関町,木崎,143-7,,,ERROR: address2のデータは、address1のデータから推測されるデータに一致しません。（自動チェック機構が参照するデータセットに合致しないか、表記が異なります。  ,ERROR: prefectureの列の情報がありません。元データに都道府県情報が欠落している可能性があります。入力されたデータ形式は、自動チェック機構が推奨する形式ではありません。  ,
2640,関町木崎143-7,,関町,木崎,143-7,,,ERROR: address2のデータは、address1のデータから推測されるデータに一致しません。（自動チェック機構が参照するデータセットに合致しないか、表記が異なります。  ,ERROR: prefectureの列の情報がありません。元データに都道府県情報が欠落している可能性があります。入力されたデータ形式は、自動チェック機構が推奨する形式ではありません。  ,
2641,関町木崎1476,,関町,木崎,1476,,,ERROR: address2のデータは、address1のデータから推測されるデータに一致しません。（自動チェック機構が参照するデータセットに合致しないか、表記が異なります。  ,ERROR: prefectureの列の情報がありません。元データに都道府県情報が欠落している可能性があります。入力されたデータ形式は、自動チェック機構が推奨する形式ではありません。  ,
2642,関町木崎1513,,関町,木崎,1513,,,ERROR: address2のデータは、address1のデータから推測されるデータに一致しません。（自動チェック機構が参照するデータセットに合致しないか、表記が異なります。  ,ERROR: prefectureの列の情報がありません。元データに都道府県情報が欠落している可能性があります。入力されたデータ形式は、自動チェック機構が推奨する形式ではありません。  ,
2643,関町木崎1540,,関町,木崎,1540,,,ERROR: address2のデータは、address1のデータから推測されるデータに一致しません。（自動チェック機構が参照するデータセットに合致しないか、表記が異なります。  ,ERROR: prefectureの列の情報がありません。元データに都道府県情報が欠落している可能性があります。入力されたデータ形式は、自動チェック機構が推奨する形式ではありません。  ,
2644,関町木崎156-1,,関町,木崎,156-1,,,ERROR: address2のデータは、address1のデータから推測されるデータに一致しません。（自動チェック機構が参照するデータセットに合致しないか、表記が異なります。  ,ERROR: prefectureの列の情報がありません。元データに都道府県情報が欠落している可能性があります。入力されたデータ形式は、自動チェック機構が推奨する形式ではありません。  ,
2645,関町木崎156-1,,関町,木崎,156-1,,,ERROR: address2のデータは、address1のデータから推測されるデータに一致しません。（自動チェック機構が参照するデータセットに合致しないか、表記が異なります。  ,ERROR: prefectureの列の情報がありません。元データに都道府県情報が欠落している可能性があります。入力されたデータ形式は、自動チェック機構が推奨する形式ではありません。  ,
2646,関町木崎1586,,関町,木崎,1586,,,ERROR: address2のデータは、address1のデータから推測されるデータに一致しません。（自動チェック機構が参照するデータセットに合致しないか、表記が異なります。  ,ERROR: prefectureの列の情報がありません。元データに都道府県情報が欠落している可能性があります。入力されたデータ形式は、自動チェック機構が推奨する形式ではありません。  ,
2647,関町木崎1586,,関町,木崎,1586,,,ERROR: address2のデータは、address1のデータから推測されるデータに一致しません。（自動チェック機構が参照するデータセットに合致しないか、表記が異なります。  ,ERROR: prefectureの列の情報がありません。元データに都道府県情報が欠落している可能性があります。入力されたデータ形式は、自動チェック機構が推奨する形式ではありません。  ,
2648,関町木崎1833-4,,関町,木崎,1833-4,,,ERROR: address2のデータは、address1のデータから推測されるデータに一致しません。（自動チェック機構が参照するデータセットに合致しないか、表記が異なります。  ,ERROR: prefectureの列の情報がありません。元データに都道府県情報が欠落している可能性があります。入力されたデータ形式は、自動チェック機構が推奨する形式ではありません。  ,
2649,関町木崎1840-3,,関町,木崎,1840-3,,,ERROR: address2のデータは、address1のデータから推測されるデータに一致しません。（自動チェック機構が参照するデータセットに合致しないか、表記が異なります。  ,ERROR: prefectureの列の情報がありません。元データに都道府県情報が欠落している可能性があります。入力されたデータ形式は、自動チェック機構が推奨する形式ではありません。  ,
2650,関町木崎187,,関町,木崎,187,,,ERROR: address2のデータは、address1のデータから推測されるデータに一致しません。（自動チェック機構が参照するデータセットに合致しないか、表記が異なります。  ,ERROR: prefectureの列の情報がありません。元データに都道府県情報が欠落している可能性があります。入力されたデータ形式は、自動チェック機構が推奨する形式ではありません。  ,
2651,関町木崎187,,関町,木崎,187,,,ERROR: address2のデータは、address1のデータから推測されるデータに一致しません。（自動チェック機構が参照するデータセットに合致しないか、表記が異なります。  ,ERROR: prefectureの列の情報がありません。元データに都道府県情報が欠落している可能性があります。入力されたデータ形式は、自動チェック機構が推奨する形式ではありません。  ,
2652,関町木崎202,,関町,木崎,202,,,ERROR: address2のデータは、address1のデータから推測されるデータに一致しません。（自動チェック機構が参照するデータセットに合致しないか、表記が異なります。  ,ERROR: prefectureの列の情報がありません。元データに都道府県情報が欠落している可能性があります。入力されたデータ形式は、自動チェック機構が推奨する形式ではありません。  ,
2653,関町木崎220-2,,関町,木崎,220-2,,,ERROR: address2のデータは、address1のデータから推測されるデータに一致しません。（自動チェック機構が参照するデータセットに合致しないか、表記が異なります。  ,ERROR: prefectureの列の情報がありません。元データに都道府県情報が欠落している可能性があります。入力されたデータ形式は、自動チェック機構が推奨する形式ではありません。  ,
2654,関町木崎220-2,,関町,木崎,220-2,,,ERROR: address2のデータは、address1のデータから推測されるデータに一致しません。（自動チェック機構が参照するデータセットに合致しないか、表記が異なります。  ,ERROR: prefectureの列の情報がありません。元データに都道府県情報が欠落している可能性があります。入力されたデータ形式は、自動チェック機構が推奨する形式ではありません。  ,
2655,関町木崎253-4,,関町,木崎,253-4,,,ERROR: address2のデータは、address1のデータから推測されるデータに一致しません。（自動チェック機構が参照するデータセットに合致しないか、表記が異なります。  ,ERROR: prefectureの列の情報がありません。元データに都道府県情報が欠落している可能性があります。入力されたデータ形式は、自動チェック機構が推奨する形式ではありません。  ,
2656,関町木崎454,,関町,木崎,454,,,ERROR: address2のデータは、address1のデータから推測されるデータに一致しません。（自動チェック機構が参照するデータセットに合致しないか、表記が異なります。  ,ERROR: prefectureの列の情報がありません。元データに都道府県情報が欠落している可能性があります。入力されたデータ形式は、自動チェック機構が推奨する形式ではありません。  ,
2657,関町木崎512,,関町,木崎,512,,,ERROR: address2のデータは、address1のデータから推測されるデータに一致しません。（自動チェック機構が参照するデータセットに合致しないか、表記が異なります。  ,ERROR: prefectureの列の情報がありません。元データに都道府県情報が欠落している可能性があります。入力されたデータ形式は、自動チェック機構が推奨する形式ではありません。  ,
2658,関町木崎765-1,,関町,木崎,765-1,,,ERROR: address2のデータは、address1のデータから推測されるデータに一致しません。（自動チェック機構が参照するデータセットに合致しないか、表記が異なります。  ,ERROR: prefectureの列の情報がありません。元データに都道府県情報が欠落している可能性があります。入力されたデータ形式は、自動チェック機構が推奨する形式ではありません。  ,
2659,関町木崎766-3,,関町,木崎,766-3,,,ERROR: address2のデータは、address1のデータから推測されるデータに一致しません。（自動チェック機構が参照するデータセットに合致しないか、表記が異なります。  ,ERROR: prefectureの列の情報がありません。元データに都道府県情報が欠落している可能性があります。入力されたデータ形式は、自動チェック機構が推奨する形式ではありません。  ,
2660,関町木崎766-3,,関町,木崎,766-3,,,ERROR: address2のデータは、address1のデータから推測されるデータに一致しません。（自動チェック機構が参照するデータセットに合致しないか、表記が異なります。  ,ERROR: prefectureの列の情報がありません。元データに都道府県情報が欠落している可能性があります。入力されたデータ形式は、自動チェック機構が推奨する形式ではありません。  ,
2661,関町木崎766-3,,関町,木崎,766-3,,,ERROR: address2のデータは、address1のデータから推測されるデータに一致しません。（自動チェック機構が参照するデータセットに合致しないか、表記が異なります。  ,ERROR: prefectureの列の情報がありません。元データに都道府県情報が欠落している可能性があります。入力されたデータ形式は、自動チェック機構が推奨する形式ではありません。  ,
2662,関町木崎766-3,,関町,木崎,766-3,,,ERROR: address2のデータは、address1のデータから推測されるデータに一致しません。（自動チェック機構が参照するデータセットに合致しないか、表記が異なります。  ,ERROR: prefectureの列の情報がありません。元データに都道府県情報が欠落している可能性があります。入力されたデータ形式は、自動チェック機構が推奨する形式ではありません。  ,
2663,関町木崎766-3,,関町,木崎,766-3,,,ERROR: address2のデータは、address1のデータから推測されるデータに一致しません。（自動チェック機構が参照するデータセットに合致しないか、表記が異なります。  ,ERROR: prefectureの列の情報がありません。元データに都道府県情報が欠落している可能性があります。入力されたデータ形式は、自動チェック機構が推奨する形式ではありません。  ,
2664,関町木崎766-3,,関町,木崎,766-3,,,ERROR: address2のデータは、address1のデータから推測されるデータに一致しません。（自動チェック機構が参照するデータセットに合致しないか、表記が異なります。  ,ERROR: prefectureの列の情報がありません。元データに都道府県情報が欠落している可能性があります。入力されたデータ形式は、自動チェック機構が推奨する形式ではありません。  ,
2665,関町木崎78-1,,関町,木崎,78-1,,,ERROR: address2のデータは、address1のデータから推測されるデータに一致しません。（自動チェック機構が参照するデータセットに合致しないか、表記が異なります。  ,ERROR: prefectureの列の情報がありません。元データに都道府県情報が欠落している可能性があります。入力されたデータ形式は、自動チェック機構が推奨する形式ではありません。  ,
2666,関町木崎78-1,,関町,木崎,78-1,,,ERROR: address2のデータは、address1のデータから推測されるデータに一致しません。（自動チェック機構が参照するデータセットに合致しないか、表記が異なります。  ,ERROR: prefectureの列の情報がありません。元データに都道府県情報が欠落している可能性があります。入力されたデータ形式は、自動チェック機構が推奨する形式ではありません。  ,
2667,関町木崎85,,関町,木崎,85,,,ERROR: address2のデータは、address1のデータから推測されるデータに一致しません。（自動チェック機構が参照するデータセットに合致しないか、表記が異なります。  ,ERROR: prefectureの列の情報がありません。元データに都道府県情報が欠落している可能性があります。入力されたデータ形式は、自動チェック機構が推奨する形式ではありません。  ,
2668,関町木崎85,,関町,木崎,85,,,ERROR: address2のデータは、address1のデータから推測されるデータに一致しません。（自動チェック機構が参照するデータセットに合致しないか、表記が異なります。  ,ERROR: prefectureの列の情報がありません。元データに都道府県情報が欠落している可能性があります。入力されたデータ形式は、自動チェック機構が推奨する形式ではありません。  ,
2669,関町萩原330-1,,関町,萩原,330-1,,,ERROR: address2のデータは、address1のデータから推測されるデータに一致しません。（自動チェック機構が参照するデータセットに合致しないか、表記が異なります。  ,ERROR: prefectureの列の情報がありません。元データに都道府県情報が欠落している可能性があります。入力されたデータ形式は、自動チェック機構が推奨する形式ではありません。  ,
2670,関町萩原330-1,,関町,萩原,330-1,,,ERROR: address2のデータは、address1のデータから推測されるデータに一致しません。（自動チェック機構が参照するデータセットに合致しないか、表記が異なります。  ,ERROR: prefectureの列の情報がありません。元データに都道府県情報が欠落している可能性があります。入力されたデータ形式は、自動チェック機構が推奨する形式ではありません。  ,
2671,関町木崎253-4,,関町,木崎,253-4,,,ERROR: address2のデータは、address1のデータから推測されるデータに一致しません。（自動チェック機構が参照するデータセットに合致しないか、表記が異なります。  ,ERROR: prefectureの列の情報がありません。元データに都道府県情報が欠落している可能性があります。入力されたデータ形式は、自動チェック機構が推奨する形式ではありません。  ,
2672,関町木崎253-4,,関町,木崎,253-4,,,ERROR: address2のデータは、address1のデータから推測されるデータに一致しません。（自動チェック機構が参照するデータセットに合致しないか、表記が異なります。  ,ERROR: prefectureの列の情報がありません。元データに都道府県情報が欠落している可能性があります。入力されたデータ形式は、自動チェック機構が推奨する形式ではありません。  ,
2673,関町木崎711-3,,関町,木崎,711-3,,,ERROR: address2のデータは、address1のデータから推測されるデータに一致しません。（自動チェック機構が参照するデータセットに合致しないか、表記が異なります。  ,ERROR: prefectureの列の情報がありません。元データに都道府県情報が欠落している可能性があります。入力されたデータ形式は、自動チェック機構が推奨する形式ではありません。  ,
2674,関町木崎721-1,,関町,木崎,721-1,,,ERROR: address2のデータは、address1のデータから推測されるデータに一致しません。（自動チェック機構が参照するデータセットに合致しないか、表記が異なります。  ,ERROR: prefectureの列の情報がありません。元データに都道府県情報が欠落している可能性があります。入力されたデータ形式は、自動チェック機構が推奨する形式ではありません。  ,
2675,関町小野183-1,,関町,小野,183-1,,,ERROR: address2のデータは、address1のデータから推測されるデータに一致しません。（自動チェック機構が参照するデータセットに合致しないか、表記が異なります。  ,ERROR: prefectureの列の情報がありません。元データに都道府県情報が欠落している可能性があります。入力されたデータ形式は、自動チェック機構が推奨する形式ではありません。  ,
2676,関町小野185,,関町,小野,185,,,ERROR: address2のデータは、address1のデータから推測されるデータに一致しません。（自動チェック機構が参照するデータセットに合致しないか、表記が異なります。  ,ERROR: prefectureの列の情報がありません。元データに都道府県情報が欠落している可能性があります。入力されたデータ形式は、自動チェック機構が推奨する形式ではありません。  ,
2677,関町小野185,,関町,小野,185,,,ERROR: address2のデータは、address1のデータから推測されるデータに一致しません。（自動チェック機構が参照するデータセットに合致しないか、表記が異なります。  ,ERROR: prefectureの列の情報がありません。元データに都道府県情報が欠落している可能性があります。入力されたデータ形式は、自動チェック機構が推奨する形式ではありません。  ,
2678,関町小野245-2,,関町,小野,245-2,,,ERROR: address2のデータは、address1のデータから推測されるデータに一致しません。（自動チェック機構が参照するデータセットに合致しないか、表記が異なります。  ,ERROR: prefectureの列の情報がありません。元データに都道府県情報が欠落している可能性があります。入力されたデータ形式は、自動チェック機構が推奨する形式ではありません。  ,
2679,関町小野245-2,,関町,小野,245-2,,,ERROR: address2のデータは、address1のデータから推測されるデータに一致しません。（自動チェック機構が参照するデータセットに合致しないか、表記が異なります。  ,ERROR: prefectureの列の情報がありません。元データに都道府県情報が欠落している可能性があります。入力されたデータ形式は、自動チェック機構が推奨する形式ではありません。  ,
2680,関町小野245-2,,関町,小野,245-2,,,ERROR: address2のデータは、address1のデータから推測されるデータに一致しません。（自動チェック機構が参照するデータセットに合致しないか、表記が異なります。  ,ERROR: prefectureの列の情報がありません。元データに都道府県情報が欠落している可能性があります。入力されたデータ形式は、自動チェック機構が推奨する形式ではありません。  ,
2681,関町沓掛487,,関町,沓掛,487,,,ERROR: address2のデータは、address1のデータから推測されるデータに一致しません。（自動チェック機構が参照するデータセットに合致しないか、表記が異なります。  ,ERROR: prefectureの列の情報がありません。元データに都道府県情報が欠落している可能性があります。入力されたデータ形式は、自動チェック機構が推奨する形式ではありません。  ,
2682,関町沓掛487,,関町,沓掛,487,,,ERROR: address2のデータは、address1のデータから推測されるデータに一致しません。（自動チェック機構が参照するデータセットに合致しないか、表記が異なります。  ,ERROR: prefectureの列の情報がありません。元データに都道府県情報が欠落している可能性があります。入力されたデータ形式は、自動チェック機構が推奨する形式ではありません。  ,
2683,関町沓掛487,,関町,沓掛,487,,,ERROR: address2のデータは、address1のデータから推測されるデータに一致しません。（自動チェック機構が参照するデータセットに合致しないか、表記が異なります。  ,ERROR: prefectureの列の情報がありません。元データに都道府県情報が欠落している可能性があります。入力されたデータ形式は、自動チェック機構が推奨する形式ではありません。  ,
2684,関町沓掛487,,関町,沓掛,487,,,ERROR: address2のデータは、address1のデータから推測されるデータに一致しません。（自動チェック機構が参照するデータセットに合致しないか、表記が異なります。  ,ERROR: prefectureの列の情報がありません。元データに都道府県情報が欠落している可能性があります。入力されたデータ形式は、自動チェック機構が推奨する形式ではありません。  ,
2685,関町沓掛487,,関町,沓掛,487,,,ERROR: address2のデータは、address1のデータから推測されるデータに一致しません。（自動チェック機構が参照するデータセットに合致しないか、表記が異なります。  ,ERROR: prefectureの列の情報がありません。元データに都道府県情報が欠落している可能性があります。入力されたデータ形式は、自動チェック機構が推奨する形式ではありません。  ,
2686,関町新所1154-1,,関町,新所,1154-1,,,ERROR: address2のデータは、address1のデータから推測されるデータに一致しません。（自動チェック機構が参照するデータセットに合致しないか、表記が異なります。  ,ERROR: prefectureの列の情報がありません。元データに都道府県情報が欠落している可能性があります。入力されたデータ形式は、自動チェック機構が推奨する形式ではありません。  ,
2687,関町新所1154-1,,関町,新所,1154-1,,,ERROR: address2のデータは、address1のデータから推測されるデータに一致しません。（自動チェック機構が参照するデータセットに合致しないか、表記が異なります。  ,ERROR: prefectureの列の情報がありません。元データに都道府県情報が欠落している可能性があります。入力されたデータ形式は、自動チェック機構が推奨する形式ではありません。  ,
2688,関町新所1297,,関町,新所,1297,,,ERROR: address2のデータは、address1のデータから推測されるデータに一致しません。（自動チェック機構が参照するデータセットに合致しないか、表記が異なります。  ,ERROR: prefectureの列の情報がありません。元データに都道府県情報が欠落している可能性があります。入力されたデータ形式は、自動チェック機構が推奨する形式ではありません。  ,
2689,関町新所1392-3,,関町,新所,1392-3,,,ERROR: address2のデータは、address1のデータから推測されるデータに一致しません。（自動チェック機構が参照するデータセットに合致しないか、表記が異なります。  ,ERROR: prefectureの列の情報がありません。元データに都道府県情報が欠落している可能性があります。入力されたデータ形式は、自動チェック機構が推奨する形式ではありません。  ,
2690,関町新所1775,,関町,新所,1775,,,ERROR: address2のデータは、address1のデータから推測されるデータに一致しません。（自動チェック機構が参照するデータセットに合致しないか、表記が異なります。  ,ERROR: prefectureの列の情報がありません。元データに都道府県情報が欠落している可能性があります。入力されたデータ形式は、自動チェック機構が推奨する形式ではありません。  ,
2691,関町新所752-10,,関町,新所,752-10,,,ERROR: address2のデータは、address1のデータから推測されるデータに一致しません。（自動チェック機構が参照するデータセットに合致しないか、表記が異なります。  ,ERROR: prefectureの列の情報がありません。元データに都道府県情報が欠落している可能性があります。入力されたデータ形式は、自動チェック機構が推奨する形式ではありません。  ,
2692,関町中町362,,関町,中町,362,,,ERROR: address2のデータは、address1のデータから推測されるデータに一致しません。（自動チェック機構が参照するデータセットに合致しないか、表記が異なります。  ,ERROR: prefectureの列の情報がありません。元データに都道府県情報が欠落している可能性があります。入力されたデータ形式は、自動チェック機構が推奨する形式ではありません。  ,
2693,関町中町374-2,,関町,中町,374-2,,,ERROR: address2のデータは、address1のデータから推測されるデータに一致しません。（自動チェック機構が参照するデータセットに合致しないか、表記が異なります。  ,ERROR: prefectureの列の情報がありません。元データに都道府県情報が欠落している可能性があります。入力されたデータ形式は、自動チェック機構が推奨する形式ではありません。  ,
2694,関町中町376-1,,関町,中町,376-1,,,ERROR: address2のデータは、address1のデータから推測されるデータに一致しません。（自動チェック機構が参照するデータセットに合致しないか、表記が異なります。  ,ERROR: prefectureの列の情報がありません。元データに都道府県情報が欠落している可能性があります。入力されたデータ形式は、自動チェック機構が推奨する形式ではありません。  ,
2695,関町中町428,,関町,中町,428,,,ERROR: address2のデータは、address1のデータから推測されるデータに一致しません。（自動チェック機構が参照するデータセットに合致しないか、表記が異なります。  ,ERROR: prefectureの列の情報がありません。元データに都道府県情報が欠落している可能性があります。入力されたデータ形式は、自動チェック機構が推奨する形式ではありません。  ,
2696,関町中町505,,関町,中町,505,,,ERROR: address2のデータは、address1のデータから推測されるデータに一致しません。（自動チェック機構が参照するデータセットに合致しないか、表記が異なります。  ,ERROR: prefectureの列の情報がありません。元データに都道府県情報が欠落している可能性があります。入力されたデータ形式は、自動チェック機構が推奨する形式ではありません。  ,
2697,関町中町505,,関町,中町,505,,,ERROR: address2のデータは、address1のデータから推測されるデータに一致しません。（自動チェック機構が参照するデータセットに合致しないか、表記が異なります。  ,ERROR: prefectureの列の情報がありません。元データに都道府県情報が欠落している可能性があります。入力されたデータ形式は、自動チェック機構が推奨する形式ではありません。  ,
2698,関町中町505,,関町,中町,505,,,ERROR: address2のデータは、address1のデータから推測されるデータに一致しません。（自動チェック機構が参照するデータセットに合致しないか、表記が異なります。  ,ERROR: prefectureの列の情報がありません。元データに都道府県情報が欠落している可能性があります。入力されたデータ形式は、自動チェック機構が推奨する形式ではありません。  ,
2699,関町中町505,,関町,中町,505,,,ERROR: address2のデータは、address1のデータから推測されるデータに一致しません。（自動チェック機構が参照するデータセットに合致しないか、表記が異なります。  ,ERROR: prefectureの列の情報がありません。元データに都道府県情報が欠落している可能性があります。入力されたデータ形式は、自動チェック機構が推奨する形式ではありません。  ,
2700,関町中町514,,関町,中町,514,,,ERROR: address2のデータは、address1のデータから推測されるデータに一致しません。（自動チェック機構が参照するデータセットに合致しないか、表記が異なります。  ,ERROR: prefectureの列の情報がありません。元データに都道府県情報が欠落している可能性があります。入力されたデータ形式は、自動チェック機構が推奨する形式ではありません。  ,
2701,関町中町514,,関町,中町,514,,,ERROR: address2のデータは、address1のデータから推測されるデータに一致しません。（自動チェック機構が参照するデータセットに合致しないか、表記が異なります。  ,ERROR: prefectureの列の情報がありません。元データに都道府県情報が欠落している可能性があります。入力されたデータ形式は、自動チェック機構が推奨する形式ではありません。  ,
2702,関町中町525,,関町,中町,525,,,ERROR: address2のデータは、address1のデータから推測されるデータに一致しません。（自動チェック機構が参照するデータセットに合致しないか、表記が異なります。  ,ERROR: prefectureの列の情報がありません。元データに都道府県情報が欠落している可能性があります。入力されたデータ形式は、自動チェック機構が推奨する形式ではありません。  ,
2703,関町中町528,,関町,中町,528,,,ERROR: address2のデータは、address1のデータから推測されるデータに一致しません。（自動チェック機構が参照するデータセットに合致しないか、表記が異なります。  ,ERROR: prefectureの列の情報がありません。元データに都道府県情報が欠落している可能性があります。入力されたデータ形式は、自動チェック機構が推奨する形式ではありません。  ,
2704,関町中町528,,関町,中町,528,,,ERROR: address2のデータは、address1のデータから推測されるデータに一致しません。（自動チェック機構が参照するデータセットに合致しないか、表記が異なります。  ,ERROR: prefectureの列の情報がありません。元データに都道府県情報が欠落している可能性があります。入力されたデータ形式は、自動チェック機構が推奨する形式ではありません。  ,
2705,関町中町583,,関町,中町,583,,,ERROR: address2のデータは、address1のデータから推測されるデータに一致しません。（自動チェック機構が参照するデータセットに合致しないか、表記が異なります。  ,ERROR: prefectureの列の情報がありません。元データに都道府県情報が欠落している可能性があります。入力されたデータ形式は、自動チェック機構が推奨する形式ではありません。  ,
2706,関町中町606,,関町,中町,606,,,ERROR: address2のデータは、address1のデータから推測されるデータに一致しません。（自動チェック機構が参照するデータセットに合致しないか、表記が異なります。  ,ERROR: prefectureの列の情報がありません。元データに都道府県情報が欠落している可能性があります。入力されたデータ形式は、自動チェック機構が推奨する形式ではありません。  ,
2707,関町中町760,,関町,中町,760,,,ERROR: address2のデータは、address1のデータから推測されるデータに一致しません。（自動チェック機構が参照するデータセットに合致しないか、表記が異なります。  ,ERROR: prefectureの列の情報がありません。元データに都道府県情報が欠落している可能性があります。入力されたデータ形式は、自動チェック機構が推奨する形式ではありません。  ,
2708,関町古厩5-4,,関町,古厩,5-4,,,ERROR: address2のデータは、address1のデータから推測されるデータに一致しません。（自動チェック機構が参照するデータセットに合致しないか、表記が異なります。  ,ERROR: prefectureの列の情報がありません。元データに都道府県情報が欠落している可能性があります。入力されたデータ形式は、自動チェック機構が推奨する形式ではありません。  ,
2709,関町古厩5-4,,関町,古厩,5-4,,,ERROR: address2のデータは、address1のデータから推測されるデータに一致しません。（自動チェック機構が参照するデータセットに合致しないか、表記が異なります。  ,ERROR: prefectureの列の情報がありません。元データに都道府県情報が欠落している可能性があります。入力されたデータ形式は、自動チェック機構が推奨する形式ではありません。  ,
2710,関町古厩5-4,,関町,古厩,5-4,,,ERROR: address2のデータは、address1のデータから推測されるデータに一致しません。（自動チェック機構が参照するデータセットに合致しないか、表記が異なります。  ,ERROR: prefectureの列の情報がありません。元データに都道府県情報が欠落している可能性があります。入力されたデータ形式は、自動チェック機構が推奨する形式ではありません。  ,
2711,関町萩原164,,関町,萩原,164,,,ERROR: address2のデータは、address1のデータから推測されるデータに一致しません。（自動チェック機構が参照するデータセットに合致しないか、表記が異なります。  ,ERROR: prefectureの列の情報がありません。元データに都道府県情報が欠落している可能性があります。入力されたデータ形式は、自動チェック機構が推奨する形式ではありません。  ,
2712,関町萩原272-1,,関町,萩原,272-1,,,ERROR: address2のデータは、address1のデータから推測されるデータに一致しません。（自動チェック機構が参照するデータセットに合致しないか、表記が異なります。  ,ERROR: prefectureの列の情報がありません。元データに都道府県情報が欠落している可能性があります。入力されたデータ形式は、自動チェック機構が推奨する形式ではありません。  ,
2713,関町萩原332,,関町,萩原,332,,,ERROR: address2のデータは、address1のデータから推測されるデータに一致しません。（自動チェック機構が参照するデータセットに合致しないか、表記が異なります。  ,ERROR: prefectureの列の情報がありません。元データに都道府県情報が欠落している可能性があります。入力されたデータ形式は、自動チェック機構が推奨する形式ではありません。  ,
2714,関町萩原332,,関町,萩原,332,,,ERROR: address2のデータは、address1のデータから推測されるデータに一致しません。（自動チェック機構が参照するデータセットに合致しないか、表記が異なります。  ,ERROR: prefectureの列の情報がありません。元データに都道府県情報が欠落している可能性があります。入力されたデータ形式は、自動チェック機構が推奨する形式ではありません。  ,
2715,関町萩原723,,関町,萩原,723,,,ERROR: address2のデータは、address1のデータから推測されるデータに一致しません。（自動チェック機構が参照するデータセットに合致しないか、表記が異なります。  ,ERROR: prefectureの列の情報がありません。元データに都道府県情報が欠落している可能性があります。入力されたデータ形式は、自動チェック機構が推奨する形式ではありません。  ,
2716,関町萩原723,,関町,萩原,723,,,ERROR: address2のデータは、address1のデータから推測されるデータに一致しません。（自動チェック機構が参照するデータセットに合致しないか、表記が異なります。  ,ERROR: prefectureの列の情報がありません。元データに都道府県情報が欠落している可能性があります。入力されたデータ形式は、自動チェック機構が推奨する形式ではありません。  ,
2717,関町泉ヶ丘1011-100,,関町,泉ヶ丘,1011-100,,,ERROR: address2のデータは、address1のデータから推測されるデータに一致しません。（自動チェック機構が参照するデータセットに合致しないか、表記が異なります。  ,ERROR: prefectureの列の情報がありません。元データに都道府県情報が欠落している可能性があります。入力されたデータ形式は、自動チェック機構が推奨する形式ではありません。  ,
2718,関町泉ケ丘1011-125,,関町,泉ケ丘,1011-125,,,ERROR: address2のデータは、address1のデータから推測されるデータに一致しません。（自動チェック機構が参照するデータセットに合致しないか、表記が異なります。  ,ERROR: prefectureの列の情報がありません。元データに都道府県情報が欠落している可能性があります。入力されたデータ形式は、自動チェック機構が推奨する形式ではありません。  ,
2719,関町泉ケ丘1011-125,,関町,泉ケ丘,1011-125,,,ERROR: address2のデータは、address1のデータから推測されるデータに一致しません。（自動チェック機構が参照するデータセットに合致しないか、表記が異なります。  ,ERROR: prefectureの列の情報がありません。元データに都道府県情報が欠落している可能性があります。入力されたデータ形式は、自動チェック機構が推奨する形式ではありません。  ,
2720,関町泉ケ丘1011-183,,関町,泉ケ丘,1011-183,,,ERROR: address2のデータは、address1のデータから推測されるデータに一致しません。（自動チェック機構が参照するデータセットに合致しないか、表記が異なります。  ,ERROR: prefectureの列の情報がありません。元データに都道府県情報が欠落している可能性があります。入力されたデータ形式は、自動チェック機構が推奨する形式ではありません。  ,
2721,関町泉ヶ丘1011-219,,関町,泉ヶ丘,1011-219,,,ERROR: address2のデータは、address1のデータから推測されるデータに一致しません。（自動チェック機構が参照するデータセットに合致しないか、表記が異なります。  ,ERROR: prefectureの列の情報がありません。元データに都道府県情報が欠落している可能性があります。入力されたデータ形式は、自動チェック機構が推奨する形式ではありません。  ,
2722,関町泉ケ丘1011-118,,関町,泉ケ丘,1011-118,,,ERROR: address2のデータは、address1のデータから推測されるデータに一致しません。（自動チェック機構が参照するデータセットに合致しないか、表記が異なります。  ,ERROR: prefectureの列の情報がありません。元データに都道府県情報が欠落している可能性があります。入力されたデータ形式は、自動チェック機構が推奨する形式ではありません。  ,
2723,関町泉ケ丘1011-135,,関町,泉ケ丘,1011-135,,,ERROR: address2のデータは、address1のデータから推測されるデータに一致しません。（自動チェック機構が参照するデータセットに合致しないか、表記が異なります。  ,ERROR: prefectureの列の情報がありません。元データに都道府県情報が欠落している可能性があります。入力されたデータ形式は、自動チェック機構が推奨する形式ではありません。  ,
2724,関町泉ケ丘1011-36,,関町,泉ケ丘,1011-36,,,ERROR: address2のデータは、address1のデータから推測されるデータに一致しません。（自動チェック機構が参照するデータセットに合致しないか、表記が異なります。  ,ERROR: prefectureの列の情報がありません。元データに都道府県情報が欠落している可能性があります。入力されたデータ形式は、自動チェック機構が推奨する形式ではありません。  ,
2725,関町泉ケ丘1011-36,,関町,泉ケ丘,1011-36,,,ERROR: address2のデータは、address1のデータから推測されるデータに一致しません。（自動チェック機構が参照するデータセットに合致しないか、表記が異なります。  ,ERROR: prefectureの列の情報がありません。元データに都道府県情報が欠落している可能性があります。入力されたデータ形式は、自動チェック機構が推奨する形式ではありません。  ,
2726,関町泉ケ丘1011-41,,関町,泉ケ丘,1011-41,,,ERROR: address2のデータは、address1のデータから推測されるデータに一致しません。（自動チェック機構が参照するデータセットに合致しないか、表記が異なります。  ,ERROR: prefectureの列の情報がありません。元データに都道府県情報が欠落している可能性があります。入力されたデータ形式は、自動チェック機構が推奨する形式ではありません。  ,
2727,関町泉ケ丘1011-41,,関町,泉ケ丘,1011-41,,,ERROR: address2のデータは、address1のデータから推測されるデータに一致しません。（自動チェック機構が参照するデータセットに合致しないか、表記が異なります。  ,ERROR: prefectureの列の情報がありません。元データに都道府県情報が欠落している可能性があります。入力されたデータ形式は、自動チェック機構が推奨する形式ではありません。  ,
2728,関町泉ケ丘1011-47,,関町,泉ケ丘,1011-47,,,ERROR: address2のデータは、address1のデータから推測されるデータに一致しません。（自動チェック機構が参照するデータセットに合致しないか、表記が異なります。  ,ERROR: prefectureの列の情報がありません。元データに都道府県情報が欠落している可能性があります。入力されたデータ形式は、自動チェック機構が推奨する形式ではありません。  ,
2729,関町泉ケ丘1011-53,,関町,泉ケ丘,1011-53,,,ERROR: address2のデータは、address1のデータから推測されるデータに一致しません。（自動チェック機構が参照するデータセットに合致しないか、表記が異なります。  ,ERROR: prefectureの列の情報がありません。元データに都道府県情報が欠落している可能性があります。入力されたデータ形式は、自動チェック機構が推奨する形式ではありません。  ,
2730,関町泉ケ丘1011-54,,関町,泉ケ丘,1011-54,,,ERROR: address2のデータは、address1のデータから推測されるデータに一致しません。（自動チェック機構が参照するデータセットに合致しないか、表記が異なります。  ,ERROR: prefectureの列の情報がありません。元データに都道府県情報が欠落している可能性があります。入力されたデータ形式は、自動チェック機構が推奨する形式ではありません。  ,
2731,関町泉ケ丘1011-78,,関町,泉ケ丘,1011-78,,,ERROR: address2のデータは、address1のデータから推測されるデータに一致しません。（自動チェック機構が参照するデータセットに合致しないか、表記が異なります。  ,ERROR: prefectureの列の情報がありません。元データに都道府県情報が欠落している可能性があります。入力されたデータ形式は、自動チェック機構が推奨する形式ではありません。  ,
2732,関町富士ハイツ998-124,,関町,富士ハイツ,998-124,,,ERROR: address2のデータは、address1のデータから推測されるデータに一致しません。（自動チェック機構が参照するデータセットに合致しないか、表記が異なります。  ,ERROR: prefectureの列の情報がありません。元データに都道府県情報が欠落している可能性があります。入力されたデータ形式は、自動チェック機構が推奨する形式ではありません。  ,
2733,関町富士ハイツ998-162,,関町,富士ハイツ,998-162,,,ERROR: address2のデータは、address1のデータから推測されるデータに一致しません。（自動チェック機構が参照するデータセットに合致しないか、表記が異なります。  ,ERROR: prefectureの列の情報がありません。元データに都道府県情報が欠落している可能性があります。入力されたデータ形式は、自動チェック機構が推奨する形式ではありません。  ,
2734,関町富士ハイツ998-68,,関町,富士ハイツ,998-68,,,ERROR: address2のデータは、address1のデータから推測されるデータに一致しません。（自動チェック機構が参照するデータセットに合致しないか、表記が異なります。  ,ERROR: prefectureの列の情報がありません。元データに都道府県情報が欠落している可能性があります。入力されたデータ形式は、自動チェック機構が推奨する形式ではありません。  ,
2735,関町富士ハイツ998-69,,関町,富士ハイツ,998-69,,,ERROR: address2のデータは、address1のデータから推測されるデータに一致しません。（自動チェック機構が参照するデータセットに合致しないか、表記が異なります。  ,ERROR: prefectureの列の情報がありません。元データに都道府県情報が欠落している可能性があります。入力されたデータ形式は、自動チェック機構が推奨する形式ではありません。  ,
2736,関町富士ハイツ998-99,,関町,富士ハイツ,998-99,,,ERROR: address2のデータは、address1のデータから推測されるデータに一致しません。（自動チェック機構が参照するデータセットに合致しないか、表記が異なります。  ,ERROR: prefectureの列の情報がありません。元データに都道府県情報が欠落している可能性があります。入力されたデータ形式は、自動チェック機構が推奨する形式ではありません。  ,
2737,関ケ丘521-238,,,関ケ丘,521-238,,,,ERROR: prefectureの列の情報がありません。元データに都道府県情報が欠落している可能性があります。入力されたデータ形式は、自動チェック機構が推奨する形式ではありません。  ERROR: address1の列の情報がありません。市区町村以降の自動チェック機構はこの行には働きません。  ,
2738,関ケ丘521-238,,,関ケ丘,521-238,,,,ERROR: prefectureの列の情報がありません。元データに都道府県情報が欠落している可能性があります。入力されたデータ形式は、自動チェック機構が推奨する形式ではありません。  ERROR: address1の列の情報がありません。市区町村以降の自動チェック機構はこの行には働きません。  ,
2739,関ケ丘521-275,,,関ケ丘,521-275,,,,ERROR: prefectureの列の情報がありません。元データに都道府県情報が欠落している可能性があります。入力されたデータ形式は、自動チェック機構が推奨する形式ではありません。  ERROR: address1の列の情報がありません。市区町村以降の自動チェック機構はこの行には働きません。  ,
2740,関ケ丘521-332,,,関ケ丘,521-332,,,,ERROR: prefectureの列の情報がありません。元データに都道府県情報が欠落している可能性があります。入力されたデータ形式は、自動チェック機構が推奨する形式ではありません。  ERROR: address1の列の情報がありません。市区町村以降の自動チェック機構はこの行には働きません。  ,
2741,関ケ丘521-675,,,関ケ丘,521-675,,,,ERROR: prefectureの列の情報がありません。元データに都道府県情報が欠落している可能性があります。入力されたデータ形式は、自動チェック機構が推奨する形式ではありません。  ERROR: address1の列の情報がありません。市区町村以降の自動チェック機構はこの行には働きません。  ,
2742,関ケ丘521-675,,,関ケ丘,521-675,,,,ERROR: prefectureの列の情報がありません。元データに都道府県情報が欠落している可能性があります。入力されたデータ形式は、自動チェック機構が推奨する形式ではありません。  ERROR: address1の列の情報がありません。市区町村以降の自動チェック機構はこの行には働きません。  ,
2743,加太梶ケ坂3046-14,,,加太梶ケ坂,3046-14,,,,ERROR: prefectureの列の情報がありません。元データに都道府県情報が欠落している可能性があります。入力されたデータ形式は、自動チェック機構が推奨する形式ではありません。  ERROR: address1の列の情報がありません。市区町村以降の自動チェック機構はこの行には働きません。  ,
2744,加太市場1658-5,,加太市,場,1658-5,,,ERROR: address2のデータは、address1のデータから推測されるデータに一致しません。（自動チェック機構が参照するデータセットに合致しないか、表記が異なります。  ,ERROR: prefectureの列の情報がありません。元データに都道府県情報が欠落している可能性があります。入力されたデータ形式は、自動チェック機構が推奨する形式ではありません。  ,
2745,加太市場1658-5,,加太市,場,1658-5,,,ERROR: address2のデータは、address1のデータから推測されるデータに一致しません。（自動チェック機構が参照するデータセットに合致しないか、表記が異なります。  ,ERROR: prefectureの列の情報がありません。元データに都道府県情報が欠落している可能性があります。入力されたデータ形式は、自動チェック機構が推奨する形式ではありません。  ,
2746,加太市場3302,,加太市,場,3302,,,ERROR: address2のデータは、address1のデータから推測されるデータに一致しません。（自動チェック機構が参照するデータセットに合致しないか、表記が異なります。  ,ERROR: prefectureの列の情報がありません。元データに都道府県情報が欠落している可能性があります。入力されたデータ形式は、自動チェック機構が推奨する形式ではありません。  ,
2747,加太市場3302,,加太市,場,3302,,,ERROR: address2のデータは、address1のデータから推測されるデータに一致しません。（自動チェック機構が参照するデータセットに合致しないか、表記が異なります。  ,ERROR: prefectureの列の情報がありません。元データに都道府県情報が欠落している可能性があります。入力されたデータ形式は、自動チェック機構が推奨する形式ではありません。  ,
2748,加太市場3314,,加太市,場,3314,,,ERROR: address2のデータは、address1のデータから推測されるデータに一致しません。（自動チェック機構が参照するデータセットに合致しないか、表記が異なります。  ,ERROR: prefectureの列の情報がありません。元データに都道府県情報が欠落している可能性があります。入力されたデータ形式は、自動チェック機構が推奨する形式ではありません。  ,
2749,加太市場3317,,加太市,場,3317,,,ERROR: address2のデータは、address1のデータから推測されるデータに一致しません。（自動チェック機構が参照するデータセットに合致しないか、表記が異なります。  ,ERROR: prefectureの列の情報がありません。元データに都道府県情報が欠落している可能性があります。入力されたデータ形式は、自動チェック機構が推奨する形式ではありません。  ,
2750,加太市場3317,,加太市,場,3317,,,ERROR: address2のデータは、address1のデータから推測されるデータに一致しません。（自動チェック機構が参照するデータセットに合致しないか、表記が異なります。  ,ERROR: prefectureの列の情報がありません。元データに都道府県情報が欠落している可能性があります。入力されたデータ形式は、自動チェック機構が推奨する形式ではありません。  ,
2751,関町越川488,,関町,越川,488,,,ERROR: address2のデータは、address1のデータから推測されるデータに一致しません。（自動チェック機構が参照するデータセットに合致しないか、表記が異なります。  ,ERROR: prefectureの列の情報がありません。元データに都道府県情報が欠落している可能性があります。入力されたデータ形式は、自動チェック機構が推奨する形式ではありません。  ,
2752,関町越川488,,関町,越川,488,,,ERROR: address2のデータは、address1のデータから推測されるデータに一致しません。（自動チェック機構が参照するデータセットに合致しないか、表記が異なります。  ,ERROR: prefectureの列の情報がありません。元データに都道府県情報が欠落している可能性があります。入力されたデータ形式は、自動チェック機構が推奨する形式ではありません。  ,
2753,関町越川488,,関町,越川,488,,,ERROR: address2のデータは、address1のデータから推測されるデータに一致しません。（自動チェック機構が参照するデータセットに合致しないか、表記が異なります。  ,ERROR: prefectureの列の情報がありません。元データに都道府県情報が欠落している可能性があります。入力されたデータ形式は、自動チェック機構が推奨する形式ではありません。  ,
2754,関町越川490,,関町,越川,490,,,ERROR: address2のデータは、address1のデータから推測されるデータに一致しません。（自動チェック機構が参照するデータセットに合致しないか、表記が異なります。  ,ERROR: prefectureの列の情報がありません。元データに都道府県情報が欠落している可能性があります。入力されたデータ形式は、自動チェック機構が推奨する形式ではありません。  ,
2755,関町越川490,,関町,越川,490,,,ERROR: address2のデータは、address1のデータから推測されるデータに一致しません。（自動チェック機構が参照するデータセットに合致しないか、表記が異なります。  ,ERROR: prefectureの列の情報がありません。元データに都道府県情報が欠落している可能性があります。入力されたデータ形式は、自動チェック機構が推奨する形式ではありません。  ,
2756,関町越川490,,関町,越川,490,,,ERROR: address2のデータは、address1のデータから推測されるデータに一致しません。（自動チェック機構が参照するデータセットに合致しないか、表記が異なります。  ,ERROR: prefectureの列の情報がありません。元データに都道府県情報が欠落している可能性があります。入力されたデータ形式は、自動チェック機構が推奨する形式ではありません。  ,
2757,関町越川490,,関町,越川,490,,,ERROR: address2のデータは、address1のデータから推測されるデータに一致しません。（自動チェック機構が参照するデータセットに合致しないか、表記が異なります。  ,ERROR: prefectureの列の情報がありません。元データに都道府県情報が欠落している可能性があります。入力されたデータ形式は、自動チェック機構が推奨する形式ではありません。  ,
2758,加太向井2281,,,加太向井,2281,,,,ERROR: prefectureの列の情報がありません。元データに都道府県情報が欠落している可能性があります。入力されたデータ形式は、自動チェック機構が推奨する形式ではありません。  ERROR: address1の列の情報がありません。市区町村以降の自動チェック機構はこの行には働きません。  ,
2759,加太向井2366,,,加太向井,2366,,,,ERROR: prefectureの列の情報がありません。元データに都道府県情報が欠落している可能性があります。入力されたデータ形式は、自動チェック機構が推奨する形式ではありません。  ERROR: address1の列の情報がありません。市区町村以降の自動チェック機構はこの行には働きません。  ,
2760,加太中在家6849,,,加太中在家,6849,,,,ERROR: prefectureの列の情報がありません。元データに都道府県情報が欠落している可能性があります。入力されたデータ形式は、自動チェック機構が推奨する形式ではありません。  ERROR: address1の列の情報がありません。市区町村以降の自動チェック機構はこの行には働きません。  ,
2761,加太中在家6849,,,加太中在家,6849,,,,ERROR: prefectureの列の情報がありません。元データに都道府県情報が欠落している可能性があります。入力されたデータ形式は、自動チェック機構が推奨する形式ではありません。  ERROR: address1の列の情報がありません。市区町村以降の自動チェック機構はこの行には働きません。  ,
2762,加太中在家6849,,,加太中在家,6849,,,,ERROR: prefectureの列の情報がありません。元データに都道府県情報が欠落している可能性があります。入力されたデータ形式は、自動チェック機構が推奨する形式ではありません。  ERROR: address1の列の情報がありません。市区町村以降の自動チェック機構はこの行には働きません。  ,
2763,加太中在家6849,,,加太中在家,6849,,,,ERROR: prefectureの列の情報がありません。元データに都道府県情報が欠落している可能性があります。入力されたデータ形式は、自動チェック機構が推奨する形式ではありません。  ERROR: address1の列の情報がありません。市区町村以降の自動チェック機構はこの行には働きません。  ,
2764,加太中在家6849,,,加太中在家,6849,,,,ERROR: prefectureの列の情報がありません。元データに都道府県情報が欠落している可能性があります。入力されたデータ形式は、自動チェック機構が推奨する形式ではありません。  ERROR: address1の列の情報がありません。市区町村以降の自動チェック機構はこの行には働きません。  ,
2765,加太中在家7209,,,加太中在家,7209,,,,ERROR: prefectureの列の情報がありません。元データに都道府県情報が欠落している可能性があります。入力されたデータ形式は、自動チェック機構が推奨する形式ではありません。  ERROR: address1の列の情報がありません。市区町村以降の自動チェック機構はこの行には働きません。  ,
2766,加太中在家7972-1,,,加太中在家,7972-1,,,,ERROR: prefectureの列の情報がありません。元データに都道府県情報が欠落している可能性があります。入力されたデータ形式は、自動チェック機構が推奨する形式ではありません。  ERROR: address1の列の情報がありません。市区町村以降の自動チェック機構はこの行には働きません。  ,
2767,加太中在家7977,,,加太中在家,7977,,,,ERROR: prefectureの列の情報がありません。元データに都道府県情報が欠落している可能性があります。入力されたデータ形式は、自動チェック機構が推奨する形式ではありません。  ERROR: address1の列の情報がありません。市区町村以降の自動チェック機構はこの行には働きません。  ,
2768,加太中在家7977,,,加太中在家,7977,,,,ERROR: prefectureの列の情報がありません。元データに都道府県情報が欠落している可能性があります。入力されたデータ形式は、自動チェック機構が推奨する形式ではありません。  ERROR: address1の列の情報がありません。市区町村以降の自動チェック機構はこの行には働きません。  ,
2769,加太板屋5306,,,加太板屋,5306,,,,ERROR: prefectureの列の情報がありません。元データに都道府県情報が欠落している可能性があります。入力されたデータ形式は、自動チェック機構が推奨する形式ではありません。  ERROR: address1の列の情報がありません。市区町村以降の自動チェック機構はこの行には働きません。  ,
2770,加太板屋5306,,,加太板屋,5306,,,,ERROR: prefectureの列の情報がありません。元データに都道府県情報が欠落している可能性があります。入力されたデータ形式は、自動チェック機構が推奨する形式ではありません。  ERROR: address1の列の情報がありません。市区町村以降の自動チェック機構はこの行には働きません。  ,
2771,加太板屋5306,,,加太板屋,5306,,,,ERROR: prefectureの列の情報がありません。元データに都道府県情報が欠落している可能性があります。入力されたデータ形式は、自動チェック機構が推奨する形式ではありません。  ERROR: address1の列の情報がありません。市区町村以降の自動チェック機構はこの行には働きません。  ,
2772,加太板屋5306,,,加太板屋,5306,,,,ERROR: prefectureの列の情報がありません。元データに都道府県情報が欠落している可能性があります。入力されたデータ形式は、自動チェック機構が推奨する形式ではありません。  ERROR: address1の列の情報がありません。市区町村以降の自動チェック機構はこの行には働きません。  ,
2773,加太板屋5379,,,加太板屋,5379,,,,ERROR: prefectureの列の情報がありません。元データに都道府県情報が欠落している可能性があります。入力されたデータ形式は、自動チェック機構が推奨する形式ではありません。  ERROR: address1の列の情報がありません。市区町村以降の自動チェック機構はこの行には働きません。  ,
2774,加太板屋5379,,,加太板屋,5379,,,,ERROR: prefectureの列の情報がありません。元データに都道府県情報が欠落している可能性があります。入力されたデータ形式は、自動チェック機構が推奨する形式ではありません。  ERROR: address1の列の情報がありません。市区町村以降の自動チェック機構はこの行には働きません。  ,
2775,布気町789-82,,布気町,,789-82,,,ERROR: address2のデータは、address1のデータから推測されるデータに一致しません。（自動チェック機構が参照するデータセットに合致しないか、表記が異なります。  ,ERROR: prefectureの列の情報がありません。元データに都道府県情報が欠落している可能性があります。入力されたデータ形式は、自動チェック機構が推奨する形式ではありません。  ,
2776,布気町789-82,,布気町,,789-82,,,ERROR: address2のデータは、address1のデータから推測されるデータに一致しません。（自動チェック機構が参照するデータセットに合致しないか、表記が異なります。  ,ERROR: prefectureの列の情報がありません。元データに都道府県情報が欠落している可能性があります。入力されたデータ形式は、自動チェック機構が推奨する形式ではありません。  ,
